1695814284.581000 -0.000268126 0.000788296 0.042921007 0.001728630 -0.000685585 0.000317789 0.999998212
1695814284.717000 -0.000606383 0.000768477 0.055570595 0.001189626 -0.000405612 0.000286066 0.999999225
1695814284.853000 -0.001331500 0.001547630 0.072802737 0.001530808 -0.000116660 0.000389637 0.999998748
1695814284.992000 -0.000795848 0.001385174 0.084178269 0.001568364 -0.000759687 0.000546570 0.999998331
1695814285.126000 -0.001547057 0.001643673 0.103320614 0.001481962 -0.000623526 0.000728449 0.999998450
1695814285.264000 -0.001769723 0.002213979 0.121498279 0.001505172 -0.000576869 0.000635911 0.999998510
1695814285.401000 -0.005202019 0.002282265 0.147440776 0.001431636 0.000722886 0.000582809 0.999998569
1695814285.539000 -0.002993833 0.002745922 0.166437596 0.001340236 -0.000326180 0.000555892 0.999998927
1695814285.678000 -0.003095803 0.003736116 0.196641833 0.001693735 -0.000349171 0.000713343 0.999998331
1695814285.817000 -0.002719472 0.003391857 0.219597012 0.001199024 -0.000646370 0.000463690 0.999998987
1695814285.952000 -0.003770310 0.004239763 0.252648652 -0.000176767 -0.000580143 0.000632096 0.999999642
1695814286.085000 -0.002745181 0.004394744 0.273837596 -0.001245482 -0.001046787 0.000332015 0.999998629
1695814286.222000 -0.006324472 0.004769959 0.306052595 -0.000848023 0.000055961 0.000217966 0.999999702
1695814286.356000 -0.004171580 0.005415906 0.320837677 0.000383378 -0.000717519 0.000534234 0.999999523
1695814286.493000 -0.005645582 0.005645674 0.361230582 0.002799527 -0.000518189 0.000341041 0.999995887
1695814286.625000 -0.004260568 0.006711515 0.385637820 0.002866633 -0.001208193 -0.000068463 0.999995172
1695814286.759000 -0.004771837 0.007509555 0.424032480 0.001785829 -0.001348222 -0.001006560 0.999997020
1695814286.893000 -0.004970523 0.008156077 0.452479213 0.001072082 -0.001470947 -0.001658024 0.999997020
1695814287.028000 -0.004052696 0.008823324 0.496607870 0.000775253 -0.002121987 -0.000996773 0.999996960
1695814287.172000 -0.005916629 0.010068079 0.529126048 0.001605214 -0.001443986 -0.001180646 0.999996960
1695814287.312000 -0.006716016 0.009981701 0.579756439 0.001556084 -0.007538850 0.000025475 0.999970376
1695814287.455000 -0.007853813 0.011151292 0.616705120 -0.000303607 -0.011500443 0.000717392 0.999933600
1695814287.592000 -0.009102935 0.012173151 0.664529085 -0.001808313 -0.012026441 0.000383502 0.999925971
1695814287.724000 -0.004624420 0.013949688 0.708564281 -0.001571973 -0.013461364 0.000010655 0.999908209
1695814287.863000 -0.012289308 0.014087483 0.745932698 -0.000481126 -0.011760579 -0.000310955 0.999930680
1695814287.988000 -0.013641489 0.014570686 0.781410694 -0.000155831 -0.011584276 -0.000128887 0.999932945
1695814288.121000 -0.011702392 0.015597256 0.826125503 0.000094188 -0.014072345 -0.000003417 0.999901056
1695814288.254000 -0.016619284 0.016001025 0.853640378 -0.000425212 -0.018615009 0.002299388 0.999823987
1695814288.387000 -0.018093256 0.017682910 0.897026241 -0.000298640 -0.019175334 0.000920214 0.999815702
1695814288.520000 -0.015173675 0.017780459 0.960077465 -0.000774654 -0.020480003 0.001361273 0.999789059
1695814288.653000 -0.023600485 0.018801473 0.968858898 -0.000228713 -0.018785408 0.000862131 0.999823153
1695814288.784000 -0.025657378 0.018033996 1.014496207 -0.000203069 -0.019020453 0.001102324 0.999818504
1695814288.920000 -0.022635689 0.021478262 1.068508506 0.000600548 -0.020124080 0.001052044 0.999796808
1695814289.050000 -0.027658867 0.019695118 1.084115863 0.000165581 -0.019199777 0.001039426 0.999815106
1695814289.180000 -0.031112278 0.022467390 1.123650074 0.000140822 -0.019396864 0.001030445 0.999811351
1695814289.309000 -0.033057697 0.022045380 1.164616108 -0.000268350 -0.019939611 0.001863070 0.999799430
1695814289.438000 -0.028343575 0.021924192 1.201126337 -0.000164467 -0.020991595 0.001434681 0.999778688
1695814289.571000 -0.035824105 0.023566997 1.235132933 0.000870093 -0.019052586 0.001588954 0.999816835
1695814289.702000 -0.036123876 0.023584671 1.275318623 0.001453301 -0.019517543 0.001314573 0.999807656
1695814289.835000 -0.039601117 0.026288761 1.314137697 0.002269238 -0.018964004 0.000551642 0.999817431
1695814289.969000 -0.035491232 0.025732147 1.366717339 -0.000038803 -0.021434950 0.000493047 0.999770164
1695814290.095000 -0.043215621 0.029609311 1.408195496 -0.000088958 -0.020299653 0.001536541 0.999792814
1695814290.225000 -0.041692723 0.024627997 1.427182794 0.001761144 -0.019479178 0.001933345 0.999806821
1695814290.369000 -0.046063188 0.025784891 1.477491617 0.005506117 -0.019260762 0.002823981 0.999795377
1695814290.494000 -0.055842161 0.026965996 1.524103284 0.003439661 -0.017884254 0.003382581 0.999828458
1695814290.621000 -0.048644822 0.026487734 1.549449205 -0.002564867 -0.018891700 0.004454366 0.999808311
1695814290.749000 -0.050503850 0.027736215 1.593069196 -0.002320806 -0.019127682 0.005488261 0.999799311
1695814290.879000 -0.051302843 0.028805291 1.636255860 0.004402653 -0.019339286 0.003987780 0.999795318
1695814291.007000 -0.054797199 0.029706035 1.677246094 0.009414914 -0.019013872 0.003981618 0.999767005
1695814291.135000 -0.057240967 0.032092039 1.718438745 0.008047993 -0.019226469 0.003877036 0.999775290
1695814291.260000 -0.057948712 0.031663585 1.760301828 0.000013747 -0.019385455 0.003732330 0.999805093
1695814291.386000 -0.057330605 0.030968506 1.803302765 -0.003968169 -0.020136451 0.002959715 0.999785006
1695814291.512000 -0.059436429 0.031591374 1.844591975 -0.003270561 -0.020048095 0.002458776 0.999790728
1695814291.645000 -0.063259251 0.032797243 1.886113167 -0.002638411 -0.019888265 0.006433026 0.999778092
1695814291.773000 -0.064062044 0.033265706 1.929020286 -0.003411703 -0.020191517 0.007166070 0.999764621
1695814291.902000 -0.064142309 0.034337830 1.981545448 -0.000092798 -0.021584589 0.008206130 0.999733448
1695814292.031000 -0.068847470 0.034126408 2.015678883 0.004244200 -0.020577077 0.008096431 0.999746501
1695814292.166000 -0.071003363 0.034439385 2.061130047 0.006102683 -0.021006200 0.005808469 0.999743879
1695814292.300000 -0.073553212 0.035776280 2.104423761 0.003547814 -0.021001803 0.004487537 0.999763072
1695814292.425000 -0.074450456 0.036442310 2.146510363 -0.001009446 -0.021407500 0.003557750 0.999764025
1695814292.555000 -0.079453915 0.037522450 2.188658953 -0.001844060 -0.020150930 0.002804800 0.999791324
1695814292.680000 -0.081723876 0.038521495 2.229575396 -0.000591231 -0.020331496 0.003523584 0.999786913
1695814292.808000 -0.081522718 0.038642332 2.272818327 0.000663857 -0.021204550 0.001010183 0.999774456
1695814292.931000 -0.085902028 0.039639663 2.311602116 0.001328634 -0.021233564 0.001527716 0.999772549
1695814293.055000 -0.086036742 0.040318400 2.352293730 -0.001210385 -0.021976626 0.000650542 0.999757528
1695814293.180000 -0.087608702 0.041562349 2.391921043 -0.003050966 -0.022313492 -0.000659419 0.999746203
1695814293.304000 -0.090647340 0.041618519 2.433188915 -0.002974782 -0.021534942 -0.000677256 0.999763489
1695814293.428000 -0.093619093 0.043090004 2.475320816 -0.000057078 -0.021191221 0.001597185 0.999774218
1695814293.554000 -0.096199639 0.043024495 2.531272650 0.002188480 -0.021137077 0.005301513 0.999760151
1695814293.680000 -0.097923346 0.043152221 2.566462278 0.002738208 -0.021203229 0.006723940 0.999748826
1695814293.808000 -0.098281190 0.044284195 2.622891903 0.003267768 -0.022482838 0.005738909 0.999725461
1695814293.933000 -0.101802543 0.044701036 2.660402536 0.002855129 -0.021831151 0.006719545 0.999735057
1695814294.060000 -0.107024886 0.045185164 2.714469910 0.000199917 -0.020905415 0.008111799 0.999748588
1695814294.206000 -0.110866979 0.046730965 2.773468494 -0.003018857 -0.020792944 0.006668313 0.999756992
1695814294.329000 -0.111891471 0.047487032 2.817071199 -0.002884764 -0.021659663 0.006855059 0.999737799
1695814294.454000 -0.115327522 0.048760004 2.860325336 0.000669976 -0.021011988 0.004548513 0.999768674
1695814294.603000 -0.121821061 0.048624460 2.916141510 -0.000410485 -0.020200018 0.005186220 0.999782443
1695814294.727000 -0.122536115 0.049419586 2.951453447 -0.000327885 -0.020598691 0.005063369 0.999774992
1695814294.852000 -0.124322191 0.050106067 2.993997812 -0.000411244 -0.020913394 0.004263625 0.999772131
1695814294.979000 -0.125650018 0.050549671 3.038527250 -0.001309180 -0.021371813 0.005682937 0.999754608
1695814295.103000 -0.126576409 0.053215116 3.098074675 -0.000938027 -0.022206727 0.004433377 0.999743164
1695814295.252000 -0.129243404 0.053420864 3.141142845 -0.003253177 -0.022237120 0.002866840 0.999743402
1695814295.581000 -0.148908988 0.049322683 3.169253111 -0.002214389 -0.019597724 0.004899878 0.999793470
1695814295.723000 -0.142497718 0.057389848 3.316276550 0.001620127 -0.021886190 0.001024966 0.999758661
1695814295.876000 -0.144722968 0.055748329 3.349355698 -0.000117966 -0.022694714 -0.000679145 0.999742270
1695814295.996000 -0.176178724 0.061767582 3.509765387 0.000290696 -0.021928500 0.000247556 0.999759495
1695814296.112000 -0.151077643 0.056656275 3.452817202 -0.001221883 -0.021606086 -0.001181747 0.999765158
1695814296.234000 -0.159218073 0.062839620 3.557335377 -0.000222727 -0.022007242 -0.000382310 0.999757767
1695814296.353000 -0.169920608 0.059747137 3.639380455 -0.000984633 -0.021885257 -0.000004464 0.999760032
1695814296.473000 -0.203954130 0.079032987 3.855461121 0.003616677 -0.021645278 0.005949301 0.999741495
1695814296.592000 -0.183596089 0.069969229 3.807309151 0.000605383 -0.023229955 0.003605843 0.999723494
1695814296.710000 -0.158539027 0.059036959 3.669270039 -0.001384954 -0.023533925 -0.001051160 0.999721527
1695814296.832000 -0.159978241 0.061585765 3.741626024 -0.000877807 -0.024398465 -0.001355122 0.999701023
1695814296.950000 -0.171485946 0.063826427 3.805250645 0.000234841 -0.023347875 -0.000814234 0.999727070
1695814297.099000 -0.179896772 0.066306934 3.876420975 0.000062168 -0.022407446 -0.000133826 0.999748945
1695814297.225000 -0.169706658 0.064497747 3.855047226 -0.000224195 -0.023330232 -0.000480051 0.999727666
1695814297.344000 -0.172212884 0.064519823 3.908378363 -0.000246819 -0.023816159 -0.000230619 0.999716341
1695814297.463000 -0.173766851 0.066368446 3.974569082 0.000339764 -0.025144033 0.000773364 0.999683559
1695814297.607000 -0.181088999 0.067090206 4.026226044 -0.000049514 -0.024166025 0.001553532 0.999706805
1695814297.728000 -0.187068656 0.069958217 4.094147205 0.003058225 -0.024206186 0.001894343 0.999700546
1695814297.869000 -0.184903815 0.068060808 4.092567444 0.004528989 -0.023603549 0.001598730 0.999709904
1695814297.992000 -0.186997399 0.068072535 4.142361164 0.004542047 -0.024668749 0.001680505 0.999683976
1695814298.134000 -0.188960657 0.068219267 4.176619530 0.002255535 -0.024023697 0.001886262 0.999707103
1695814298.266000 -0.205530003 0.068303332 4.224952221 -0.000705732 -0.021947654 0.002885751 0.999754727
1695814298.382000 -0.198379561 0.067929819 4.283109665 -0.001596055 -0.024641991 0.002188028 0.999692678
1695814298.500000 -0.198928237 0.070126794 4.315394878 -0.000818705 -0.023323804 0.000315814 0.999727607
1695814298.646000 -0.218785331 0.069305576 4.398808479 -0.001709066 -0.022378456 0.001916564 0.999746263
1695814298.786000 -0.204273075 0.072273761 4.417907238 -0.000138780 -0.023730299 -0.000500330 0.999718249
1695814298.933000 -0.209460795 0.072663933 4.470430374 -0.000496377 -0.023517232 0.000211150 0.999723315
1695814299.076000 -0.211053446 0.073045030 4.509261608 -0.000732665 -0.023011614 0.000095485 0.999734998
1695814299.192000 -0.211346716 0.075329192 4.551650047 -0.000129790 -0.023574097 0.000320597 0.999722064
1695814299.309000 -0.213851333 0.075937673 4.600998878 -0.000295838 -0.023987802 0.000240901 0.999712229
1695814299.428000 -0.215478063 0.076351397 4.643404961 -0.000737826 -0.024402848 0.000136905 0.999701977
1695814299.546000 -0.214231849 0.077478930 4.683489799 -0.000337469 -0.024906736 -0.000018150 0.999689698
1695814299.658000 -0.216790333 0.078213423 4.722773075 0.000070540 -0.024788054 -0.000319037 0.999692678
1695814299.774000 -0.216717348 0.078198180 4.760639668 -0.000458665 -0.025811000 -0.000466278 0.999666631
1695814299.916000 -0.221834391 0.079583101 4.808420181 0.000238755 -0.024893954 -0.000045326 0.999690056
1695814300.032000 -0.223124340 0.079831101 4.850280285 0.000504634 -0.025502611 0.001010785 0.999674141
1695814300.147000 -0.229582950 0.080692753 4.885256767 0.000216891 -0.024141273 0.000828332 0.999708235
1695814300.293000 -0.230280697 0.081479788 4.937599659 -0.000109381 -0.025153900 0.001266428 0.999682784
1695814300.429000 -0.229095548 0.081558295 4.984240532 -0.000935361 -0.026931103 0.002571440 0.999633610
1695814300.565000 -0.236317784 0.082680650 5.030601501 -0.000375190 -0.025257712 0.002215084 0.999678433
1695814300.701000 -0.240518361 0.083181851 5.077820301 0.000512098 -0.024519479 0.002120821 0.999696970
1695814300.814000 -0.242600679 0.084696539 5.115365028 0.001912988 -0.024628375 0.002245955 0.999692321
1695814300.955000 -0.243989617 0.084970258 5.164133072 0.001530067 -0.025174968 0.001772997 0.999680340
1695814301.098000 -0.248423994 0.085545443 5.211849213 0.000361158 -0.024299700 0.000644540 0.999704480
1695814301.235000 -0.248270929 0.086653680 5.262613297 -0.000326556 -0.025938150 -0.000353067 0.999663413
1695814301.376000 -0.253118843 0.087509856 5.310008049 -0.000050660 -0.025292186 -0.000998438 0.999679625
1695814301.512000 -0.255726874 0.087978177 5.356548786 -0.000019855 -0.025444321 -0.001187516 0.999675512
1695814301.649000 -0.259109437 0.088184506 5.404271603 0.000197292 -0.025046661 -0.000549040 0.999686122
1695814301.786000 -0.263659686 0.089735612 5.451622486 0.000760924 -0.024591858 -0.000480270 0.999697208
1695814301.922000 -0.263710469 0.090329818 5.499083519 -0.000227939 -0.025500169 0.000100187 0.999674797
1695814302.062000 -0.268688023 0.091831908 5.548494816 0.000739775 -0.024670025 0.000256789 0.999695361
1695814302.208000 -0.271396279 0.092729248 5.604382992 0.002504615 -0.025112882 0.000574624 0.999681294
1695814302.362000 -0.274814576 0.093846388 5.659094810 0.003437779 -0.025310526 0.000492071 0.999673605
1695814302.489000 -0.276949286 0.093826555 5.710780621 0.001590734 -0.025097249 0.000087586 0.999683738
1695814302.623000 -0.280459672 0.095126301 5.764571667 -0.000384631 -0.025067624 0.000670095 0.999685466
1695814302.758000 -0.284002185 0.095693149 5.816895008 -0.001150159 -0.024663605 0.000847363 0.999694824
1695814302.895000 -0.285450459 0.096134558 5.870997906 0.000125186 -0.025480768 0.001911821 0.999673486
1695814303.028000 -0.288593590 0.097112752 5.926233768 0.002644086 -0.025368782 0.002619673 0.999671280
1695814303.165000 -0.291937441 0.098122142 5.984666824 0.004673100 -0.025574841 0.002819892 0.999657989
1695814303.302000 -0.294775575 0.098759778 6.043346405 0.003391857 -0.025728084 0.002836443 0.999659240
1695814303.435000 -0.298855931 0.099379502 6.100243092 0.000139993 -0.025590628 0.002490060 0.999669433
1695814303.567000 -0.304040462 0.100242548 6.156949997 -0.001523442 -0.024899952 0.000998325 0.999688268
1695814303.681000 -0.306882083 0.101469569 6.204974651 -0.001247856 -0.025439339 0.000227972 0.999675632
1695814303.818000 -0.308766693 0.101738386 6.262355804 -0.000620576 -0.025653524 -0.000107364 0.999670684
1695814303.951000 -0.304793298 0.103118077 6.324075699 0.000783857 -0.027308937 0.000205405 0.999626756
1695814304.090000 -0.305876523 0.104319364 6.372605324 0.002348460 -0.028109955 0.000370116 0.999602020
1695814304.231000 -0.316309899 0.104825355 6.442663193 0.002921261 -0.026131669 0.000623229 0.999654055
1695814304.368000 -0.317559749 0.105868734 6.505440235 0.001938275 -0.026866330 0.000521595 0.999637067
1695814304.505000 -0.326726705 0.106512532 6.571101665 -0.000523090 -0.025468037 0.000623472 0.999675333
1695814304.640000 -0.333033204 0.109090611 6.633010864 -0.001196647 -0.025137393 0.000850888 0.999682963
1695814304.773000 -0.334263086 0.110023946 6.696282387 -0.000564856 -0.025520448 0.000966236 0.999673665
1695814304.904000 -0.342904568 0.111241870 6.756787777 0.000871571 -0.024422333 0.001912172 0.999699533
1695814305.038000 -0.344124317 0.113151282 6.819249153 0.002782555 -0.025120547 0.002685698 0.999676943
1695814305.168000 -0.344499707 0.110700518 6.884170055 0.003502279 -0.025846371 0.002981181 0.999655366
1695814305.303000 -0.347090364 0.110044315 6.951281071 0.003156601 -0.025742520 0.002043069 0.999661565
1695814305.436000 -0.350465387 0.113125831 7.017176151 0.001443302 -0.025870616 0.002666792 0.999660730
1695814305.568000 -0.355544776 0.115447432 7.083368301 -0.002208064 -0.025632596 0.002331919 0.999666274
1695814305.699000 -0.362569094 0.116380237 7.147362709 -0.005121823 -0.024715194 0.004281446 0.999672294
1695814305.831000 -0.363336921 0.117171451 7.211544514 -0.003138649 -0.025707068 0.008466210 0.999628782
1695814305.969000 -0.366972774 0.119108178 7.277647018 0.001533494 -0.026047610 0.009295329 0.999616385
1695814306.116000 -0.371469349 0.120012172 7.350265026 0.004887266 -0.026091220 0.003108827 0.999642789
1695814306.256000 -0.373273551 0.121121384 7.380992413 0.004323756 -0.026101714 0.001318214 0.999649107
1695814306.359000 -0.379076391 0.121214084 7.459633827 -0.000171822 -0.025552001 -0.000518057 0.999673367
1695814306.487000 -0.382979393 0.121977217 7.523301601 -0.000808067 -0.025324563 0.000511741 0.999678850
1695814306.616000 -0.387541056 0.122236334 7.589646339 0.005367613 -0.025019890 0.002851698 0.999668479
1695814306.747000 -0.391997337 0.123285525 7.656629562 0.012351643 -0.024845144 0.003560599 0.999608696
1695814306.879000 -0.394932181 0.122171693 7.725660801 0.011440675 -0.025556173 0.003510416 0.999601781
1695814307.005000 -0.400516927 0.124023937 7.794669151 0.001805858 -0.025220832 0.002583640 0.999676943
1695814307.136000 -0.403161913 0.125688389 7.863180637 -0.008527077 -0.025795672 0.001059735 0.999630332
1695814307.262000 -0.406182885 0.128691748 7.937638760 -0.010426919 -0.026124792 -0.000093634 0.999604344
1695814307.386000 -0.411131561 0.130330846 8.008275032 -0.007577723 -0.026067827 0.001093621 0.999630868
1695814307.516000 -0.414510846 0.132986128 8.082872391 -0.001516151 -0.026411410 0.003219231 0.999644876
1695814307.644000 -0.422710121 0.132840097 8.154938698 0.002601296 -0.025222940 0.004912590 0.999666393
1695814307.770000 -0.426033765 0.132716596 8.225162506 0.009665879 -0.025637420 0.005400456 0.999610007
1695814307.900000 -0.430640519 0.133446947 8.294759750 0.009620585 -0.025599713 0.005937473 0.999608338
1695814308.026000 -0.435744643 0.134575650 8.364746094 0.000241916 -0.025669403 0.007852762 0.999639630
1695814308.149000 -0.442220926 0.137001872 8.430582047 -0.005883514 -0.024652867 0.006232671 0.999659359
1695814308.273000 -0.444187701 0.137320593 8.500905037 -0.006443016 -0.025805766 0.004334818 0.999636829
1695814308.400000 -0.447796822 0.139179096 8.568137169 -0.000907811 -0.025551625 0.004698509 0.999662042
1695814308.527000 -0.451664925 0.140254125 8.635344505 0.004200251 -0.025477247 0.005035579 0.999653935
1695814308.655000 -0.462276965 0.138658002 8.703948021 0.002297930 -0.021612581 0.001635222 0.999762475
1695814308.778000 -0.461298823 0.141331077 8.775116920 0.001107548 -0.024519311 0.001348038 0.999697864
1695814308.904000 -0.463479251 0.141572565 8.846144676 0.000528858 -0.024966991 0.003744430 0.999681175
1695814309.032000 -0.470401615 0.144098803 8.919030190 0.001372379 -0.024194609 0.005222570 0.999692678
1695814309.152000 -0.472265869 0.145320982 8.986917496 0.001040269 -0.024867425 0.005552934 0.999674797
1695814309.275000 -0.474459589 0.145961553 9.056293488 0.000696866 -0.025427232 0.005405853 0.999661863
1695814309.397000 -0.481648475 0.147623390 9.127305031 0.000448421 -0.024699137 0.005613194 0.999679089
1695814309.518000 -0.484781832 0.148592710 9.196102142 0.000508686 -0.025162494 0.005729260 0.999666870
1695814309.642000 -0.488840610 0.148993298 9.266333580 0.001388124 -0.025169136 0.006126260 0.999663472
1695814309.767000 -0.489896834 0.149475455 9.332684517 0.003006957 -0.026828842 0.006556294 0.999614060
1695814309.887000 -0.496803522 0.151120663 9.407094955 0.004023129 -0.025425714 0.005020787 0.999656022
1695814310.006000 -0.505095422 0.152701959 9.476251602 0.001538162 -0.023771944 0.003052413 0.999711633
1695814310.125000 -0.504632235 0.154577285 9.550457001 -0.004053144 -0.026026536 0.002508525 0.999649882
1695814310.247000 -0.511033356 0.154899821 9.621761322 -0.004293371 -0.025304161 0.005944503 0.999652982
1695814310.373000 -0.513991177 0.156751350 9.694151878 -0.000386647 -0.025638834 0.007020160 0.999646604
1695814310.491000 -0.517899036 0.156954870 9.760457039 0.001608355 -0.026380111 0.007018191 0.999626100
1695814310.615000 -0.523197830 0.158828348 9.835676193 0.002270874 -0.025880737 0.006041553 0.999644220
1695814310.738000 -0.530719817 0.160786211 9.906420708 0.001351405 -0.025029302 0.007455594 0.999658048
1695814310.855000 -0.532720804 0.161553770 9.974103928 0.000169922 -0.025580363 0.007012730 0.999648154
1695814310.973000 -0.535641611 0.162064075 10.044810295 0.001603331 -0.026102897 0.005787875 0.999641240
1695814311.093000 -0.540681839 0.163727075 10.114344597 0.002310581 -0.025876069 0.007208040 0.999636531
1695814311.211000 -0.542851985 0.163780391 10.180532455 0.000988366 -0.026517618 0.007537412 0.999619484
1695814311.330000 -0.549982250 0.165979803 10.254152298 0.000703413 -0.025650209 0.007369207 0.999643624
1695814311.447000 -0.548317373 0.166839659 10.318087578 0.000034774 -0.028333236 0.005627742 0.999582708
1695814311.571000 -0.558023691 0.167274117 10.391126633 -0.000036581 -0.025729625 0.004665705 0.999658048
1695814311.691000 -0.562143028 0.167225793 10.462543488 0.002979376 -0.026275449 0.004711339 0.999639213
1695814311.807000 -0.565657735 0.168139756 10.533121109 0.005962953 -0.026467977 0.005168338 0.999618530
1695814311.926000 -0.570957303 0.169181004 10.605881691 0.005085762 -0.026712367 0.006963946 0.999605954
1695814312.044000 -0.576879621 0.171320707 10.678723335 0.003191863 -0.025741329 0.007635561 0.999634385
1695814312.169000 -0.579321980 0.172941923 10.753675461 0.001892056 -0.026947984 0.008425906 0.999599576
1695814312.285000 -0.584450185 0.173090532 10.831555367 0.000549876 -0.026290031 0.007642991 0.999625027
1695814312.406000 -0.586530149 0.174485564 10.905320168 0.000316431 -0.027640667 0.007517694 0.999589682
1695814312.523000 -0.594211221 0.174583703 10.978472710 0.000415054 -0.026281931 0.007744388 0.999624491
1695814312.640000 -0.604057550 0.175359339 11.048636436 0.000479080 -0.024699064 0.008487936 0.999658823
1695814312.761000 -0.606847763 0.175906852 11.125821114 0.000711032 -0.025330432 0.008628290 0.999641657
1695814312.876000 -0.615355313 0.176641867 11.197003365 0.000209418 -0.024163291 0.008178516 0.999674559
1695814312.995000 -0.615735829 0.178686693 11.268703461 -0.000202659 -0.025353836 0.006108296 0.999659836
1695814313.108000 -0.621358335 0.180293918 11.338399887 -0.000494291 -0.025225151 0.005485201 0.999666631
1695814313.224000 -0.620463669 0.180723742 11.407804489 0.000454876 -0.026694734 0.005263653 0.999629676
1695814313.338000 -0.626486897 0.181515142 11.475162506 0.001007105 -0.026266534 0.007365808 0.999627411
1695814313.452000 -0.632323503 0.181855112 11.541457176 0.001174490 -0.025054324 0.008200592 0.999651790
1695814313.564000 -0.637704253 0.183263496 11.608550072 0.001191290 -0.024603089 0.008643300 0.999659240
1695814313.677000 -0.638363183 0.183975339 11.676558495 0.000956104 -0.026171392 0.008608566 0.999619961
1695814313.794000 -0.645195663 0.185320199 11.741817474 0.000895835 -0.024743780 0.008565794 0.999656737
1695814313.906000 -0.646653056 0.185651362 11.809228897 0.000997879 -0.025994414 0.008701741 0.999623716
1695814314.019000 -0.650056303 0.186958164 11.874404907 0.001645695 -0.026437385 0.008913781 0.999609411
1695814314.137000 -0.653747261 0.187080204 11.941066742 0.001308135 -0.026351972 0.008881560 0.999612391
1695814314.247000 -0.656666636 0.189241514 12.007669449 0.003371871 -0.026974335 0.008943396 0.999590516
1695814314.361000 -0.661808074 0.189543799 12.072503090 0.003815879 -0.026261760 0.007764624 0.999617696
1695814314.473000 -0.665862024 0.190429136 12.139665604 0.001998003 -0.026805535 0.006585295 0.999616981
1695814314.581000 -0.669191241 0.191412404 12.201366425 0.003511369 -0.025947794 0.001271082 0.999656320
1695814314.693000 -0.675543487 0.191562682 12.266961098 0.000460485 -0.024788158 0.002634084 0.999689221
1695814314.807000 -0.676524520 0.192733243 12.331453323 -0.003312243 -0.025733786 0.005383560 0.999648869
1695814314.917000 -0.679909527 0.194158643 12.395260811 -0.002442306 -0.026230503 0.008708957 0.999615014
1695814315.026000 -0.683051467 0.195043281 12.456973076 0.000302135 -0.026379125 0.010880314 0.999592781
1695814315.139000 -0.690136611 0.195648089 12.520137787 0.002822694 -0.025182964 0.010360697 0.999625206
1695814315.249000 -0.695205212 0.195783332 12.583909988 0.003311118 -0.025176974 0.010860872 0.999618530
1695814315.359000 -0.696916580 0.196492821 12.644584656 0.002241706 -0.026086161 0.011320943 0.999593079
1695814315.465000 -0.707207084 0.198352143 12.703927994 0.001867099 -0.024346136 0.011439990 0.999636412
1695814315.575000 -0.713185549 0.196629584 12.762515068 0.000140752 -0.023620714 0.011280598 0.999657333
1695814315.683000 -0.695319772 0.197591290 12.822508812 0.000247621 -0.029289324 0.011006827 0.999510348
1695814315.793000 -0.701781571 0.196238011 12.887025833 0.000117437 -0.028745541 0.010736585 0.999529123
1695814315.901000 -0.704952240 0.199099094 12.947011948 0.000661958 -0.029305315 0.009747138 0.999522805
1695814316.012000 -0.712465465 0.201795474 13.007465363 0.000084584 -0.028247017 0.009344323 0.999557376
1695814316.117000 -0.708929002 0.199182466 13.064571381 -0.002144452 -0.030564914 0.008345279 0.999495625
1695814316.228000 -0.710099697 0.201256424 13.124261856 0.000610040 -0.031915523 0.009418586 0.999446034
1695814316.334000 -0.712122500 0.202740252 13.181101799 0.002863819 -0.032398865 0.010373378 0.999417067
1695814316.441000 -0.724348903 0.203904852 13.238669395 0.002368898 -0.029533317 0.009677783 0.999514163
1695814316.553000 -0.732365131 0.205718443 13.296824455 0.002227282 -0.028559817 0.009636714 0.999543130
1695814316.661000 -0.733084083 0.203898519 13.355168343 0.001033301 -0.029365480 0.006255188 0.999548674
1695814316.766000 -0.740467668 0.203966349 13.412553787 0.001406186 -0.027701037 0.003467334 0.999609232
1695814316.873000 -0.740203083 0.204100132 13.467679977 0.000535755 -0.028920023 0.001358481 0.999580681
1695814316.980000 -0.748016357 0.204969764 13.523867607 0.001240597 -0.027372276 0.000446715 0.999624491
1695814317.089000 -0.751518786 0.206758767 13.580922127 0.000741606 -0.026551012 0.001182980 0.999646485
1695814317.197000 -0.759316623 0.208310038 13.637202263 -0.003243592 -0.024894416 0.000743313 0.999684632
1695814317.300000 -0.759257615 0.208953798 13.690067291 -0.003244653 -0.026165554 0.002832909 0.999648392
1695814317.408000 -0.762350261 0.209998593 13.744279861 0.002183499 -0.026509590 0.005250689 0.999632478
1695814317.509000 -0.770414412 0.211210549 13.796172142 0.006592793 -0.024755826 0.007023977 0.999647200
1695814317.610000 -0.770654678 0.211349398 13.851728439 0.005600964 -0.025187427 0.007942547 0.999635518
1695814317.716000 -0.773425341 0.211785272 13.903611183 0.003585066 -0.025633287 0.007453733 0.999637246
1695814317.820000 -0.776341558 0.211971998 13.958977699 0.004227049 -0.025411848 0.007053802 0.999643266
1695814317.925000 -0.779386461 0.212568969 14.010996819 0.004270004 -0.026029563 0.006649064 0.999630034
1695814318.031000 -0.783827245 0.213182524 14.065955162 0.002088076 -0.025042059 0.006927522 0.999660254
1695814318.134000 -0.788334310 0.212771997 14.118290901 0.000346263 -0.024654897 0.007072387 0.999670982
1695814318.237000 -0.789731681 0.214060903 14.170200348 0.001452842 -0.024891714 0.006500431 0.999668002
1695814318.343000 -0.793986976 0.215304866 14.232413292 0.001132479 -0.024693869 0.004235523 0.999685466
1695814318.443000 -0.797104120 0.216080010 14.271684647 0.002091911 -0.024226904 0.004450188 0.999694467
1695814318.548000 -0.799150705 0.215675458 14.324903488 0.002933450 -0.024288489 0.003696431 0.999693871
1695814318.649000 -0.801595747 0.217837527 14.374109268 0.005224917 -0.024611011 0.006582308 0.999661803
1695814318.751000 -0.809085667 0.218308881 14.426982880 0.004980411 -0.022419259 0.009712633 0.999689102
1695814318.854000 -0.806816399 0.218066439 14.475667953 0.002961633 -0.024340047 0.008652785 0.999661922
1695814318.956000 -0.811371446 0.217778385 14.525122643 -0.000517650 -0.024101447 0.010429440 0.999655008
1695814319.059000 -0.812074900 0.218647480 14.575324059 -0.001762818 -0.024518039 0.009820187 0.999649644
1695814319.161000 -0.815613389 0.219318539 14.624516487 -0.000313642 -0.024362994 0.011326797 0.999638975
1695814319.261000 -0.817670047 0.220570952 14.676113129 0.002659169 -0.024391981 0.011779903 0.999629557
1695814319.367000 -0.820082366 0.220498294 14.734667778 0.004181430 -0.025202503 0.012429486 0.999596357
1695814319.465000 -0.824564755 0.221400931 14.785233498 0.004583480 -0.023908874 0.012119010 0.999630213
1695814319.580000 -0.825023592 0.221666560 14.833580017 0.002966000 -0.025349408 0.012043097 0.999601781
1695814319.680000 -0.830532730 0.222248763 14.882097244 0.001403002 -0.023698622 0.011810368 0.999648452
1695814319.779000 -0.831230760 0.223318294 14.928478241 0.001091537 -0.024506247 0.011837183 0.999629021
1695814319.880000 -0.835326195 0.223605901 14.985786438 0.001052126 -0.024060775 0.011805929 0.999640226
1695814319.980000 -0.835630178 0.224075764 15.032640457 0.001358743 -0.025041150 0.011558437 0.999618709
1695814320.082000 -0.837699413 0.224777579 15.083256721 0.001857670 -0.025124812 0.011588758 0.999615490
1695814320.195000 -0.842403293 0.224943817 15.129360199 0.003143459 -0.024253167 0.012429474 0.999623656
1695814320.296000 -0.848205507 0.225314602 15.180152893 0.004223458 -0.022715839 0.012179698 0.999658883
1695814320.396000 -0.848201752 0.225595579 15.228966713 0.004190602 -0.023913849 0.011347581 0.999640882
1695814320.494000 -0.849376917 0.225951940 15.280901909 0.003390413 -0.024739821 0.010346469 0.999634683
1695814320.596000 -0.852263868 0.227198020 15.340684891 0.002829155 -0.024465671 0.010093365 0.999645770
1695814320.693000 -0.857757509 0.228224173 15.384122849 0.003675986 -0.023112135 0.010448630 0.999671519
1695814320.792000 -0.856945038 0.227970392 15.437125206 0.004726892 -0.024750428 0.010828037 0.999623895
1695814320.890000 -0.863144934 0.228609085 15.502418518 0.005360840 -0.023445785 0.011888437 0.999640107
1695814321.007000 -0.865338385 0.229046956 15.565247536 0.004461339 -0.024317907 0.012253992 0.999619246
1695814321.106000 -0.870851457 0.229599863 15.624406815 0.003941217 -0.023446467 0.012531841 0.999638796
1695814321.204000 -0.871193111 0.229682952 15.668782234 0.003657736 -0.024080789 0.012916799 0.999619901
1695814321.305000 -0.874234855 0.231705278 15.735599518 0.004244815 -0.024939990 0.013639783 0.999586880
1695814321.417000 -0.877262533 0.232396156 15.802315712 0.004281699 -0.025047267 0.012515260 0.999598801
1695814321.513000 -0.884316325 0.232918516 15.859343529 0.004711583 -0.023810431 0.012508146 0.999627173
1695814321.613000 -0.883731365 0.233871356 15.920155525 0.004435807 -0.024828633 0.012890237 0.999598801
1695814321.723000 -0.889488578 0.234425217 15.976546288 0.004655172 -0.024085967 0.012790270 0.999617279
1695814321.822000 -0.893359780 0.234867319 16.048654556 0.003504153 -0.023647817 0.011269676 0.999650717
1695814321.936000 -0.896037340 0.236154869 16.120792389 0.002948906 -0.024488442 0.010736269 0.999638200
1695814322.050000 -0.901027799 0.236573547 16.196102142 0.002505588 -0.023805007 0.009608863 0.999667346
1695814322.170000 -0.901472270 0.236183405 16.260110855 0.002565726 -0.025676802 0.010743211 0.999609292
1695814322.270000 -0.909439862 0.238004819 16.336856842 0.004279146 -0.023347301 0.011000928 0.999657750
1695814322.381000 -0.907270133 0.238310128 16.396326065 0.004086149 -0.025098471 0.012233729 0.999601781
1695814322.480000 -0.918604434 0.239545628 16.469985962 0.004437553 -0.022647643 0.012357784 0.999657273
1695814322.594000 -0.917364538 0.241588727 16.547771454 0.004427711 -0.023801764 0.011895924 0.999636114
1695814322.716000 -0.922243834 0.241832569 16.628379822 0.003946574 -0.024964167 0.012060883 0.999607801
1695814322.833000 -0.927484334 0.242836878 16.704385757 0.004071659 -0.024636125 0.012114880 0.999614835
1695814322.943000 -0.932629406 0.242737919 16.788375854 0.002196598 -0.024148948 0.011700867 0.999637485
1695814323.062000 -0.936662614 0.244688973 16.871156693 0.000557178 -0.024515225 0.011037556 0.999638379
1695814323.172000 -0.942126513 0.244823605 16.946184158 -0.001044983 -0.023317521 0.009638927 0.999681115
1695814323.279000 -0.946639538 0.244761273 17.019680023 -0.000383142 -0.022783000 0.009838436 0.999692023
1695814323.390000 -0.948729694 0.247583136 17.092300415 0.003259730 -0.024150619 0.010535034 0.999647558
1695814323.503000 -0.954549134 0.247590467 17.159311295 0.004293672 -0.023277169 0.011629312 0.999652267
1695814323.604000 -0.959352374 0.249247640 17.238857269 0.003781746 -0.023114456 0.012179817 0.999651492
1695814323.714000 -0.961401761 0.249101281 17.314569473 0.001085617 -0.024567112 0.012676939 0.999617219
1695814323.821000 -0.964608610 0.251523435 17.386026382 0.000460520 -0.024012636 0.012221981 0.999636829
1695814323.932000 -0.973170996 0.252633482 17.460210800 0.000361444 -0.021880707 0.012674714 0.999680221
1695814324.040000 -0.972721457 0.253590018 17.533235550 0.000769791 -0.023465190 0.012445914 0.999646902
1695814324.151000 -0.976057231 0.254175782 17.608755112 0.000619856 -0.023708504 0.011613571 0.999651313
1695814324.258000 -0.978198051 0.255296499 17.679203033 0.000255782 -0.023880074 0.009924854 0.999665618
1695814324.364000 -0.984509528 0.257138312 17.750043869 0.002425688 -0.023184104 0.009433854 0.999683738
1695814324.470000 -0.986998677 0.258364648 17.821609497 0.004432951 -0.023470581 0.009411476 0.999670386
1695814324.575000 -0.991433203 0.257718772 17.891664505 0.002902253 -0.023259792 0.010967372 0.999665082
1695814324.681000 -0.994378269 0.257573485 17.960895538 0.000679570 -0.022970218 0.011970409 0.999664307
1695814324.790000 -1.000910401 0.259874851 18.034397125 0.000845325 -0.022713231 0.012552995 0.999662876
1695814324.900000 -1.006229162 0.259650379 18.104585648 0.000654155 -0.021863565 0.012594465 0.999681473
1695814325.005000 -1.008661270 0.261259526 18.172552109 0.001315479 -0.022449451 0.012734431 0.999666035
1695814325.110000 -1.011510849 0.259644717 18.243209839 0.001163383 -0.022570828 0.013262869 0.999656618
1695814325.212000 -1.014938116 0.261738807 18.306337357 0.001289525 -0.022487916 0.012647839 0.999666274
1695814325.313000 -1.014287353 0.263011336 18.367046356 0.001169344 -0.023500409 0.011202427 0.999660373
1695814325.412000 -1.022319794 0.264756471 18.434661865 0.000572075 -0.021891356 0.010262006 0.999707580
1695814325.521000 -1.027115822 0.265863597 18.503871918 -0.000467862 -0.021657633 0.008754971 0.999727011
1695814325.623000 -1.029011607 0.267307371 18.567052841 -0.001505197 -0.021609221 0.007244787 0.999739110
1695814325.727000 -1.032188892 0.267588377 18.633195877 0.000046746 -0.021762453 0.006815830 0.999739945
1695814325.829000 -1.030622244 0.266933650 18.697782516 0.004085015 -0.023297073 0.006443058 0.999699533
1695814325.929000 -1.037751079 0.270321608 18.762243271 0.006576545 -0.021360289 0.005504793 0.999735057
1695814326.029000 -1.043062568 0.268248677 18.822992325 0.002155087 -0.020900331 0.005479336 0.999764204
1695814326.130000 -1.046249747 0.268284708 18.885412216 -0.004047196 -0.020761440 0.006872329 0.999752700
1695814326.228000 -1.049456596 0.270346850 18.946758270 -0.003379988 -0.020327009 0.006669166 0.999765456
1695814326.330000 -1.052320719 0.270088017 19.009609222 0.001149460 -0.020089030 0.006194826 0.999778330
1695814326.432000 -1.054356456 0.272235960 19.071298599 0.007649092 -0.020177061 0.006340163 0.999747097
1695814326.528000 -1.056714654 0.271614671 19.131332397 0.002913158 -0.020684687 0.004784062 0.999770403
1695814326.627000 -1.064485431 0.273412198 19.181400299 -0.003477968 -0.019983510 0.004587217 0.999783814
1695814326.722000 -1.062786460 0.273454398 19.244335175 -0.005308009 -0.020146843 0.005667640 0.999766886
1695814326.825000 -1.066919804 0.274181187 19.300483704 -0.001361437 -0.019141573 0.007772816 0.999785721
1695814326.925000 -1.070109725 0.274682313 19.358329773 0.003111426 -0.019367609 0.011097311 0.999746025
1695814327.022000 -1.072271347 0.274192631 19.413919449 0.002771234 -0.019015051 0.014495793 0.999710321
1695814327.119000 -1.074026227 0.274654984 19.465908051 -0.000990799 -0.019377572 0.012846296 0.999729276
1695814327.220000 -1.076312423 0.274756998 19.521703720 -0.003323017 -0.019377271 0.010233796 0.999754369
1695814327.320000 -1.077087879 0.275774986 19.569145203 -0.001259439 -0.019484438 0.007553319 0.999780834
1695814327.414000 -1.080615282 0.276250124 19.626762390 0.002055624 -0.019034168 0.006774227 0.999793828
1695814327.512000 -1.083832622 0.276394725 19.679990768 0.003930775 -0.018977305 0.006423865 0.999791563
1695814327.608000 -1.093243003 0.276888490 19.726848602 0.005541497 -0.015701437 0.006965834 0.999837160
1695814327.707000 -1.088030457 0.277360082 19.786127090 0.006287150 -0.019304853 0.006263105 0.999774277
1695814327.803000 -1.091897845 0.277774900 19.836835861 0.002935105 -0.018753165 0.008899685 0.999780297
1695814327.896000 -1.094915390 0.277322888 19.885061264 -0.000215481 -0.018114276 0.009376367 0.999791980
1695814327.994000 -1.096550703 0.279180437 19.939594269 -0.000692806 -0.018680390 0.009610977 0.999779046
1695814328.089000 -1.096208692 0.279619455 19.990955353 -0.000896924 -0.019809281 0.008327110 0.999768674
1695814328.187000 -1.100636363 0.280058652 20.042013168 0.001114668 -0.018860212 0.008254337 0.999787450
1695814328.281000 -1.103025079 0.282287627 20.089324951 0.002419594 -0.018752001 0.005157457 0.999808013
1695814328.379000 -1.105396509 0.282979846 20.142082214 0.001231129 -0.018160230 0.004260255 0.999825239
1695814328.501000 -1.107474685 0.284108877 20.205480576 0.003887334 -0.018264847 0.006469989 0.999804676
1695814328.593000 -1.108707547 0.283727288 20.253458023 0.003201324 -0.018524729 0.007096299 0.999798119
1695814328.685000 -1.113923311 0.284152418 20.300792694 0.000749018 -0.016928755 0.004687115 0.999845445
1695814328.778000 -1.119586945 0.285566151 20.351425171 0.000951991 -0.015766921 0.004665844 0.999864399
1695814328.872000 -1.118998051 0.287106246 20.395977020 0.001676949 -0.016064763 0.005279703 0.999855638
1695814328.967000 -1.120212436 0.285911620 20.445568085 0.000938755 -0.016050836 0.006277681 0.999851048
1695814329.061000 -1.127544284 0.287864506 20.490924835 0.002179538 -0.013644602 0.007557307 0.999875963
1695814329.155000 -1.117842913 0.288797110 20.541852951 0.003334201 -0.018218581 0.007701048 0.999798834
1695814329.250000 -1.125177503 0.288875729 20.594821930 0.003189765 -0.016115446 0.008757979 0.999826670
1695814329.337000 -1.131093979 0.290222079 20.631778717 0.003783550 -0.013915950 0.008786062 0.999857426
1695814329.428000 -1.130096197 0.290037394 20.677223206 0.003446806 -0.015051304 0.009135751 0.999839067
1695814329.522000 -1.130230784 0.289686292 20.730785370 0.002349437 -0.016066186 0.008758694 0.999829829
1695814329.611000 -1.133558273 0.290417254 20.767795563 0.002761647 -0.015179289 0.009066984 0.999839902
1695814329.702000 -1.132141709 0.290155649 20.812961578 0.002245330 -0.016793244 0.009210677 0.999814093
1695814329.793000 -1.135735273 0.291232765 20.861015320 0.002154547 -0.015950823 0.009263656 0.999827564
1695814329.887000 -1.137928247 0.292184323 20.911193848 0.001901320 -0.015454207 0.009427440 0.999834418
1695814329.991000 -1.139116883 0.291449577 20.960857391 0.000140056 -0.015103189 0.008808612 0.999847174
1695814330.082000 -1.143574357 0.291576058 21.003610611 0.000314786 -0.015050247 0.010936834 0.999826908
1695814330.185000 -1.138369441 0.295017719 21.049030304 0.004291941 -0.018096335 0.013093377 0.999741375
1695814330.286000 -1.146399021 0.292340487 21.096593857 0.004916121 -0.015624734 0.014306869 0.999763489
1695814330.378000 -1.146398664 0.293268681 21.136548996 0.004104051 -0.018891314 0.014372998 0.999709845
1695814330.469000 -1.152218819 0.292499542 21.174295425 0.002044037 -0.029231612 0.016497318 0.999434471
1695814330.572000 -1.155156016 0.293238908 21.223114014 0.001234820 -0.037581574 0.015185284 0.999177456
1695814330.662000 -1.158815861 0.293628424 21.259222031 0.001251282 -0.038288813 0.013281534 0.999177754
1695814330.751000 -1.160662651 0.293654531 21.296491623 0.001755105 -0.039763745 0.011352097 0.999143124
1695814330.862000 -1.166055083 0.294840574 21.348625183 0.003057605 -0.039624628 0.010192799 0.999157965
1695814330.952000 -1.166110396 0.295153409 21.383199692 0.003120822 -0.040304374 0.009435464 0.999138057
1695814331.052000 -1.173985243 0.295920968 21.429559708 0.003567836 -0.039327666 0.009680560 0.999173105
1695814331.157000 -1.176731944 0.296130031 21.472967148 0.003171204 -0.039999042 0.009847837 0.999146223
1695814331.257000 -1.180764198 0.296274036 21.516582489 0.002774281 -0.040074393 0.010570608 0.999136984
1695814331.358000 -1.184302688 0.296530813 21.558486938 0.002393321 -0.041844577 0.010836649 0.999062538
1695814331.455000 -1.189534664 0.297745913 21.601303101 0.002884840 -0.048899174 0.013954343 0.998702109
1695814331.554000 -1.195413709 0.297551394 21.643407822 0.003202206 -0.049704205 0.013909642 0.998661995
1695814331.654000 -1.200550556 0.298591912 21.686529160 0.004089862 -0.050092477 0.013526730 0.998644650
1695814331.742000 -1.206462622 0.298998982 21.723213196 0.004364217 -0.049312815 0.012667899 0.998693526
1695814331.831000 -1.209355712 0.299083501 21.758659363 0.003785998 -0.049677577 0.013223213 0.998670578
1695814331.929000 -1.214836001 0.299853086 21.799125671 0.004113848 -0.049461663 0.013565224 0.998675466
1695814332.016000 -1.218729854 0.299033225 21.833358765 0.003505844 -0.049716972 0.012795761 0.998675227
1695814332.117000 -1.221113801 0.299854428 21.875425339 0.003581397 -0.056282558 0.013306297 0.998319805
1695814332.210000 -1.227511883 0.300133854 21.912521362 0.002824810 -0.062983610 0.014520233 0.997904956
1695814332.310000 -1.233741045 0.300929129 21.953580856 0.002505482 -0.064377584 0.013472294 0.997831583
1695814332.408000 -1.237949967 0.300604284 21.993223190 0.002481846 -0.064947665 0.011602933 0.997818112
1695814332.509000 -1.244451523 0.301406473 22.034542084 0.003330689 -0.064536422 0.010498472 0.997854650
1695814332.605000 -1.249106288 0.301689208 22.074853897 0.004074045 -0.064622700 0.009159988 0.997859418
1695814332.704000 -1.255317211 0.301437646 22.110807419 0.003948699 -0.064384423 0.008530505 0.997880936
1695814332.801000 -1.261068344 0.302132815 22.151504517 0.003981255 -0.064522758 0.008053241 0.997875810
1695814332.908000 -1.267694831 0.302041233 22.194873810 0.003631754 -0.064301923 0.008017343 0.997891665
1695814332.998000 -1.271041393 0.302332997 22.225986481 0.002826808 -0.064366624 0.007284575 0.997895777
1695814333.099000 -1.276783705 0.302775979 22.264841080 0.001852589 -0.064437501 0.007141206 0.997894526
1695814333.197000 -1.282426119 0.303441584 22.299537659 0.001558830 -0.064128913 0.006605731 0.997918546
1695814333.293000 -1.285875320 0.303422272 22.334863663 0.001391137 -0.064262740 0.006623841 0.997910082
1695814333.391000 -1.291547179 0.303382903 22.369253159 0.002216570 -0.063779011 0.006316667 0.997941613
1695814333.489000 -1.295696259 0.304264933 22.402719498 0.004270832 -0.064214386 0.006572498 0.997905314
1695814333.587000 -1.299613118 0.304048061 22.437639236 0.005001868 -0.064237975 0.004987845 0.997909665
1695814333.685000 -1.304078937 0.304335713 22.471000671 0.005117248 -0.064409092 0.004459970 0.997900486
1695814333.781000 -1.308483720 0.304683566 22.504726410 0.005017084 -0.064392842 0.004137260 0.997903466
1695814333.877000 -1.313198447 0.304552078 22.538448334 0.004548854 -0.064441204 0.004331942 0.997901738
1695814333.975000 -1.317698359 0.304624140 22.571281433 0.004054856 -0.064175561 0.003942316 0.997922599
1695814334.073000 -1.322102785 0.304484606 22.604578018 0.003784464 -0.064191461 0.004318386 0.997921109
1695814334.167000 -1.327369452 0.305327207 22.638120651 0.003782995 -0.063847840 0.004693507 0.997941434
1695814334.253000 -1.330500722 0.305417895 22.666315079 0.003819458 -0.059980370 0.003444121 0.998186350
1695814334.350000 -1.334385157 0.305579215 22.699481964 0.003638833 -0.057757802 0.003681909 0.998317182
1695814334.449000 -1.338956594 0.305987090 22.732372284 0.003858422 -0.057445750 0.004483539 0.998331130
1695814334.534000 -1.344350219 0.306031346 22.762147903 0.004247868 -0.056540456 0.005136450 0.998378098
1695814334.631000 -1.347588897 0.306597918 22.792650223 0.004165341 -0.056699988 0.005828057 0.998365581
1695814334.732000 -1.347677827 0.306392312 22.826608658 0.004459173 -0.057592887 0.005433165 0.998315394
1695814334.830000 -1.352648854 0.306728780 22.860017776 0.004411756 -0.057425674 0.005975466 0.998322189
1695814334.925000 -1.356179118 0.306231946 22.884971619 0.004138509 -0.057704765 0.005899135 0.998307705
1695814335.014000 -1.369976521 0.307877898 22.906461716 0.004336373 -0.054569706 0.005225090 0.998486876
1695814335.111000 -1.381112337 0.307798862 22.918458939 0.004329835 -0.043039795 0.003570236 0.999057591
1695814335.205000 -1.353106856 0.303374618 22.982769012 0.004129130 -0.023489231 0.000154113 0.999715567
1695814335.290000 -1.367831707 0.307558447 23.001157761 0.003941571 -0.001870492 -0.006111331 0.999971807
1695814335.390000 -1.369344234 0.309501857 23.037858963 0.004189846 0.002819499 -0.004946397 0.999975026
1695814335.487000 -1.371190667 0.310733020 23.071199417 0.004553582 0.003646475 -0.000260589 0.999982953
1695814335.584000 -1.367577553 0.308010876 23.095222473 0.003944255 0.002756597 0.003874591 0.999980927
1695814335.680000 -1.368062854 0.307268798 23.125169754 0.003724424 0.002818569 0.005618663 0.999973357
1695814335.774000 -1.370603085 0.307549298 23.153793335 0.003811371 0.003380035 0.005733549 0.999970615
1695814335.873000 -1.370285392 0.308437407 23.188884735 0.003875409 0.003278817 0.005548283 0.999971747
1695814335.970000 -1.369523525 0.308583140 23.213634491 0.003735401 0.002909674 0.005053148 0.999976039
1695814336.068000 -1.371229529 0.309327811 23.243106842 0.003223314 0.003410128 0.004020563 0.999980986
1695814336.165000 -1.371778011 0.309172273 23.272319794 0.002260166 0.003388798 0.003661224 0.999984980
1695814336.259000 -1.371883035 0.309126198 23.279619217 0.002469476 0.003276440 0.004558679 0.999981225
1695814336.335000 -1.373834729 0.308029741 23.319852829 0.000908881 0.003886305 0.005145688 0.999978840
1695814336.433000 -1.371080875 0.309531897 23.349756241 0.000492986 0.003620238 0.004166635 0.999984682
1695814336.532000 -1.371565461 0.310202062 23.377626419 0.000439263 0.003736956 0.004441066 0.999983132
1695814336.662000 -1.371669173 0.310552031 23.409536362 0.001053275 0.003712018 0.005239178 0.999978900
1695814336.750000 -1.374287724 0.308381319 23.438220978 0.000557612 0.004592688 0.005863694 0.999972165
1695814336.844000 -1.373651147 0.310016721 23.454280853 0.000623435 0.004193645 0.005417030 0.999976397
1695814336.932000 -1.374009490 0.309795797 23.475942612 0.000929316 0.004648657 0.005245848 0.999975026
1695814337.023000 -1.370613098 0.310861737 23.503145218 0.001989112 0.003944884 0.004817158 0.999978662
1695814337.117000 -1.370095849 0.310929328 23.526184082 0.003127469 0.003614567 0.005207314 0.999975085
1695814337.218000 -1.369989395 0.310933292 23.550003052 0.003740140 0.003664853 0.004623594 0.999975681
1695814337.315000 -1.367594004 0.310940981 23.573337555 0.003862071 0.002961435 0.004732986 0.999976993
1695814337.410000 -1.369883537 0.312155008 23.592939377 0.004001744 0.003418233 0.004717878 0.999975085
1695814337.503000 -1.371209502 0.313073337 23.617527008 0.004219665 0.003958386 0.005063892 0.999970496
1695814337.597000 -1.370748162 0.312142640 23.643779755 0.003737893 0.004395554 0.004728620 0.999972165
1695814337.695000 -1.370552778 0.311717778 23.665245056 0.003395197 0.007176076 0.004234819 0.999959528
1695814337.787000 -1.376351953 0.312203526 23.684635162 0.002835250 0.022768328 0.000654703 0.999736607
1695814337.884000 -1.375330567 0.313265294 23.703495026 0.002489165 0.038021512 -0.001574251 0.999272585
1695814337.983000 -1.365304112 0.312028736 23.731838226 0.002554636 0.037348479 0.001734787 0.999297559
1695814338.077000 -1.364428997 0.312263608 23.751064301 0.002688402 0.037313391 0.004541938 0.999289691
1695814338.174000 -1.362689376 0.313629180 23.774238586 0.003224285 0.037680715 0.005805019 0.999267757
1695814338.271000 -1.362336993 0.313729823 23.796501160 0.003221743 0.042259857 0.005235224 0.999087751
1695814338.363000 -1.359762073 0.313542843 23.815505981 0.002627901 0.057517875 0.002052935 0.998338938
1695814338.459000 -1.355590343 0.314110637 23.837175369 0.002647674 0.075064413 0.000181904 0.997175157
1695814338.557000 -1.352916837 0.315021336 23.856687546 0.003040808 0.077069066 0.003075606 0.997016370
1695814338.649000 -1.349543452 0.314634413 23.877912521 0.003274236 0.077065513 0.006380555 0.997000277
1695814338.749000 -1.347286344 0.315874726 23.898904800 0.003454003 0.077474549 0.008217681 0.996954501
1695814338.841000 -1.342625022 0.314423591 23.918045044 0.001416189 0.081649013 0.007368636 0.996632934
1695814338.940000 -1.337715745 0.315642804 23.939350128 -0.001278502 0.098990545 0.002374996 0.995084763
1695814339.033000 -1.333040118 0.316190064 23.958639145 -0.003778964 0.120339118 0.000105450 0.992725730
1695814339.127000 -1.326552391 0.316512585 23.978319168 -0.005125505 0.142469361 0.001132413 0.989785314
1695814339.229000 -1.319275856 0.317654878 23.996166229 -0.003676377 0.163806066 0.000117507 0.986485779
1695814339.323000 -1.312189579 0.318151891 24.016378403 -0.000564211 0.171346575 0.002924849 0.985206366
1695814339.420000 -1.304743290 0.316853762 24.035875320 0.002106465 0.171545371 0.008469946 0.985137582
1695814339.517000 -1.297459602 0.317992508 24.056186676 0.003648973 0.171494305 0.012132583 0.985103667
1695814339.614000 -1.293213844 0.317688942 24.072805405 0.001315899 0.173506364 0.013487034 0.984739602
1695814339.789000 -1.275930882 0.318232358 24.109291077 -0.003301271 0.201756433 0.010422377 0.979374707
1695814339.889000 -1.266427636 0.319156379 24.126712799 -0.004536390 0.222048625 0.009534263 0.974978447
1695814339.989000 -1.255721807 0.320488334 24.145431519 -0.003416773 0.226020500 0.012898842 0.974031150
1695814340.089000 -1.247606516 0.320135891 24.165409088 -0.002596169 0.226426154 0.016646100 0.973882616
1695814340.189000 -1.238298774 0.320580840 24.185064316 -0.001802620 0.226532117 0.018542778 0.973825514
1695814340.291000 -1.228897095 0.320514888 24.203905106 -0.000033566 0.231387362 0.019064134 0.972674906
1695814340.393000 -1.218191743 0.321421564 24.220848083 0.000707208 0.248299092 0.014397836 0.968576193
1695814340.485000 -1.208218455 0.321357429 24.236612320 -0.000246386 0.267372251 0.009672596 0.963544726
1695814340.587000 -1.198133230 0.321619779 24.251239777 -0.001859170 0.286059946 0.006027347 0.958191037
1695814340.681000 -1.186492443 0.322488189 24.267372131 -0.003168404 0.299602479 0.006626718 0.954035878
1695814340.776000 -1.174224377 0.323042393 24.283794403 -0.003453261 0.300287694 0.011483871 0.953773320
1695814340.869000 -1.164060593 0.323071808 24.298786163 -0.003635724 0.300338089 0.014423574 0.953716874
1695814340.964000 -1.153785944 0.324231803 24.314628601 -0.001969435 0.302257210 0.014694409 0.953111112
1695814341.058000 -1.142660618 0.323333681 24.330837250 -0.002051241 0.313459843 0.011385803 0.949531019
1695814341.155000 -1.129268885 0.325331986 24.344137192 -0.000898809 0.331510484 0.005599697 0.943434536
1695814341.257000 -1.114954948 0.325865179 24.359825134 0.000700982 0.345589459 0.005775360 0.938367784
1695814341.361000 -1.101762295 0.326155782 24.375431061 0.002909252 0.346460074 0.011081642 0.937994778
1695814341.462000 -1.088917732 0.326547444 24.390579224 0.003180001 0.346855462 0.013845963 0.937811017
1695814341.563000 -1.075376987 0.326847136 24.405036926 0.002216021 0.353065044 0.013088822 0.935504615
1695814341.665000 -1.060914516 0.327495575 24.419767380 0.000982604 0.371774971 0.009303486 0.928275764
1695814341.781000 -1.044262886 0.327536792 24.434345245 0.000282550 0.393487543 0.007207615 0.919301689
1695814341.894000 -1.027540684 0.328072637 24.448085785 0.000625914 0.414237350 0.003263121 0.910162866
1695814341.994000 -1.014402390 0.328516185 24.457950592 0.000541885 0.429738492 0.001165946 0.902952492
1695814342.115000 -0.995936394 0.329202533 24.470029831 -0.001010434 0.450520247 -0.001296236 0.892764747
1695814342.234000 -0.976510048 0.329593927 24.481105804 -0.001765542 0.471377611 -0.001568795 0.881928384
1695814342.355000 -0.957310677 0.331542969 24.492620468 -0.000846917 0.492749006 0.000635250 0.870170891
1695814342.465000 -0.938096046 0.331517637 24.503255844 -0.003903737 0.511232078 0.000652628 0.859433591
1695814342.578000 -0.921390533 0.332237899 24.511182785 -0.005825500 0.515009344 0.002783375 0.857160330
1695814342.716000 -0.898657799 0.333414137 24.523998260 -0.008314462 0.515614271 0.004923347 0.856766343
1695814342.850000 -0.877476692 0.334617227 24.534328461 -0.008165861 0.514894366 0.004576502 0.857202590
1695814342.987000 -0.855799675 0.335641593 24.546314240 -0.007344653 0.515707970 0.003683215 0.856725037
1695814343.132000 -0.830530167 0.337001681 24.559114456 -0.009160289 0.528361619 0.003940190 0.848960876
1695814343.253000 -0.815045357 0.337105900 24.564682007 -0.013442713 0.542741179 0.001080091 0.839791775
1695814343.387000 -0.793847084 0.337571621 24.572895050 -0.017601334 0.564092815 -0.002196158 0.825520813
1695814343.531000 -0.767827988 0.338066339 24.581434250 -0.015875643 0.587146759 -0.002303596 0.809321582
1695814343.692000 -0.741479874 0.339141995 24.588312149 -0.012411201 0.611190259 -0.003798599 0.791377306
1695814343.864000 -0.712427139 0.339972645 24.595420837 -0.009581578 0.619165003 -0.002740677 0.785197735
1695814344.031000 -0.681951523 0.340944141 24.602600098 -0.010345650 0.620152175 0.000268902 0.784413278
1695814344.201000 -0.653892517 0.341858208 24.610345840 -0.012733025 0.620731652 0.000311320 0.783919632
1695814344.367000 -0.625411987 0.342813343 24.616367340 -0.012292895 0.620642722 -0.000513874 0.783996999
1695814344.532000 -0.595491409 0.343854517 24.623544693 -0.010152739 0.622650385 -0.000596934 0.782434106
1695814344.705000 -0.566339493 0.345006764 24.628124237 -0.012737212 0.640701830 -0.005250435 0.767666221
1695814344.893000 -0.536092758 0.345275223 24.632667542 -0.011884025 0.648169279 -0.002954387 0.761397898
1695814345.074000 -0.504823685 0.346099496 24.638896942 -0.010953818 0.649641633 -0.002002900 0.760159016
1695814345.254000 -0.475120544 0.346867889 24.643495560 -0.009597586 0.650137305 -0.004080192 0.759745240
1695814345.440000 -0.446109772 0.347340107 24.646957397 -0.010433265 0.656712949 -0.005075115 0.754051447
1695814345.630000 -0.414131165 0.348551512 24.649833679 -0.011580193 0.676024556 -0.004502828 0.736774325
1695814345.829000 -0.383043289 0.349331886 24.651660919 -0.011426377 0.680010438 -0.000760397 0.733112991
1695814346.028000 -0.350633621 0.350534409 24.655052185 -0.010986175 0.680741668 -0.000449340 0.732441068
1695814346.223000 -0.319536209 0.351687342 24.658521652 -0.009940892 0.681065500 -0.000932359 0.732154429
1695814346.419000 -0.289113998 0.352713168 24.660429001 -0.009551189 0.680909872 -0.001198402 0.732304037
1695814346.610000 -0.258996964 0.353532493 24.663265228 -0.010157395 0.681325495 -0.001303134 0.731909037
1695814346.807000 -0.228544235 0.354616523 24.665271759 -0.009663691 0.680919409 -0.001339465 0.732293367
1695814347.002000 -0.197557449 0.355537027 24.669141769 -0.009360824 0.681367457 -0.001364996 0.731880426
1695814347.213000 -0.167432785 0.356294721 24.671279907 -0.009789417 0.681368887 -0.001513003 0.731873214
1695814347.415000 -0.137033463 0.357208729 24.673070908 -0.010410125 0.681512594 -0.001277747 0.731731236
1695814347.607000 -0.108303070 0.358485103 24.675817490 -0.012435508 0.681442499 0.002504027 0.731761754
1695814347.798000 -0.080142975 0.359385669 24.677370071 -0.014105330 0.681173146 0.001933642 0.731983960
1695814348.000000 -0.049062729 0.359917402 24.680498123 -0.012880832 0.681564629 0.001456179 0.731643081
1695814348.196000 -0.018224716 0.360968232 24.683364868 -0.007580312 0.681264639 -0.000951860 0.731997430
1695814348.386000 0.012290955 0.362316757 24.685962677 -0.007537196 0.681273878 -0.002534071 0.731985450
1695814348.578000 0.046426773 0.363338888 24.687852859 -0.009902304 0.680983663 -0.000433227 0.732231557
1695814348.771000 0.078218460 0.363662750 24.691532135 -0.010735834 0.681530535 0.000272441 0.731710970
1695814348.964000 0.108362198 0.364653140 24.692728043 -0.009438721 0.681241274 0.000147178 0.731998146
1695814349.161000 0.141902924 0.366165191 24.695960999 -0.008662658 0.681356847 -0.000007395 0.731900156
1695814349.354000 0.173418045 0.367143929 24.698535919 -0.008410915 0.681538343 0.000543324 0.731733859
1695814349.546000 0.204330444 0.367861867 24.701404572 -0.007575904 0.681819856 -0.000486671 0.731480777
1695814349.735000 0.240058899 0.368841618 24.704931259 -0.007128530 0.681864917 -0.000341257 0.731443286
1695814349.936000 0.275295258 0.369757473 24.707160950 -0.008324359 0.681625605 0.001411918 0.731652439
1695814350.130000 0.310009003 0.369889587 24.711292267 -0.008647638 0.682335675 0.001683608 0.730985940
1695814350.326000 0.345745087 0.371435672 24.712873459 -0.007960383 0.681677401 0.000836017 0.731609166
1695814350.518000 0.377479553 0.373677254 24.717014313 -0.007004342 0.682473660 0.001106765 0.730875790
1695814350.713000 0.411661148 0.374181300 24.719398499 -0.007893459 0.682455003 0.000902874 0.730884492
1695814351.076000 0.480033875 0.376019239 24.728218079 -0.007532862 0.683501303 0.000477802 0.729910314
1695814351.279000 0.513055801 0.376348555 24.728254318 -0.007677157 0.682787657 0.002128812 0.730573475
1695814351.474000 0.549921036 0.377944469 24.729648590 -0.007065461 0.682779908 0.001901891 0.730587482
1695814351.677000 0.584342957 0.377927482 24.730518341 -0.007566332 0.682207167 0.002070789 0.731116831
1695814351.877000 0.620056152 0.380708784 24.734275818 -0.005457764 0.682583213 0.001703724 0.730785549
1695814352.073000 0.647829056 0.380657554 24.737546921 -0.004475296 0.682925224 -0.000266977 0.730474591
1695814352.284000 0.691335678 0.381814897 24.740242004 -0.005198781 0.682997644 0.000155617 0.730402112
1695814352.486000 0.730373383 0.383235812 24.745206833 -0.006831323 0.683695257 0.002485199 0.729731500
1695814352.672000 0.762306213 0.384371519 24.745250702 -0.006829929 0.682346821 0.002919564 0.730990946
1695814352.860000 0.807748795 0.385271013 24.750253677 -0.006746395 0.683506072 0.002029532 0.729910910
1695814353.050000 0.841533661 0.386967003 24.750091553 -0.005785949 0.682598114 0.002178642 0.730767906
1695814353.243000 0.872240067 0.387202680 24.748630524 -0.006489206 0.681262732 0.002749532 0.732005119
1695814353.438000 0.918302536 0.388190687 24.754051208 -0.006429208 0.682446837 0.002866984 0.730901420
1695814353.628000 0.956243515 0.388862550 24.759586334 -0.009482565 0.690491974 0.000746202 0.723277628
1695814353.824000 0.989145279 0.390466273 24.753644943 -0.008960017 0.706348658 -0.000316080 0.707807362
1695814354.030000 1.030872345 0.393045306 24.752710342 -0.006015147 0.709076166 0.001246801 0.705105126
1695814354.229000 1.060724258 0.394591689 24.744361877 -0.007428396 0.714573920 -0.000695300 0.699520230
1695814354.438000 1.104688644 0.394385934 24.749151230 -0.008733939 0.728574574 -0.001030774 0.684910059
1695814354.646000 1.140054703 0.397441059 24.739219666 -0.006910760 0.727775455 -0.000949610 0.685780108
1695814354.863000 1.180307388 0.396821767 24.742439270 -0.010095813 0.737601876 -0.002648304 0.675155282
1695814355.093000 1.214982986 0.397150666 24.737007141 -0.010496629 0.749204218 -0.002922602 0.662249506
1695814355.265000 1.234098434 0.398291290 24.735408783 -0.009106032 0.750212133 -0.002474156 0.661130011
1695814355.447000 1.272438049 0.399573475 24.730190277 -0.010224026 0.753930449 -0.004095834 0.656861961
1695814355.677000 1.306114197 0.400475353 24.724319458 -0.013703994 0.774534345 -0.007674854 0.632336795
1695814355.859000 1.322946548 0.400827169 24.716449738 -0.013676464 0.785417557 -0.008090788 0.618762434
1695814356.046000 1.348951340 0.400928020 24.711675644 -0.012146678 0.797868729 -0.006995652 0.602668285
1695814356.248000 1.373834610 0.401108772 24.703155518 -0.008598992 0.799749434 -0.004640799 0.600254416
1695814356.444000 1.399965286 0.401510149 24.695838928 -0.009791751 0.807171345 -0.007713598 0.590185642
1695814356.643000 1.422376633 0.401370883 24.687658310 -0.011765409 0.819654346 -0.008980525 0.572667241
1695814356.860000 1.447101593 0.402616411 24.677749634 -0.007698825 0.822652519 -0.005310981 0.568467557
1695814357.058000 1.468423843 0.402898490 24.668537140 -0.005308306 0.822884142 -0.002559893 0.568178713
1695814357.261000 1.493181229 0.403240681 24.660442352 -0.007075068 0.824091673 -0.002829554 0.566405296
1695814357.461000 1.518295288 0.403799504 24.649106979 -0.009176801 0.833068728 -0.003686385 0.553081214
1695814357.663000 1.539445877 0.404369861 24.638864517 -0.010918477 0.846529782 -0.002978967 0.532221138
1695814357.871000 1.557861328 0.405347139 24.625625610 -0.009036393 0.851370454 0.000694541 0.524486661
1695814358.091000 1.582822800 0.406802118 24.615047455 -0.005588464 0.852736592 0.003187599 0.522301614
1695814358.311000 1.603809357 0.407732040 24.603681564 -0.006438587 0.858268559 0.005035626 0.513135791
1695814358.523000 1.624374390 0.408045113 24.590852737 -0.009847899 0.869995117 0.004041132 0.492945462
1695814358.750000 1.639560699 0.408944458 24.576873779 -0.009698905 0.881729066 0.004899235 0.471631050
1695814358.983000 1.662570953 0.409476578 24.562894821 -0.008039597 0.893892825 0.006592563 0.448160172
1695814359.207000 1.680583954 0.410068989 24.547300339 -0.008418899 0.904763699 0.007077751 0.425771832
1695814359.441000 1.696935654 0.411337256 24.531377792 -0.009607330 0.915060699 0.005604633 0.403162748
1695814359.686000 1.713605881 0.411763072 24.514099121 -0.010588158 0.924631178 0.002942433 0.380705297
1695814359.927000 1.728494644 0.412046909 24.497184753 -0.010073560 0.933681846 0.000910111 0.357960731
1695814360.165000 1.742752075 0.412805289 24.478479385 -0.010506037 0.942413449 -0.002206872 0.334277928
1695814360.411000 1.757268906 0.413426071 24.458005905 -0.011691146 0.950352013 -0.004207950 0.310928762
1695814360.643000 1.768720627 0.414143562 24.437780380 -0.010231012 0.957633138 -0.002021947 0.287802249
1695814360.882000 1.780704498 0.414276719 24.420070648 -0.010543745 0.964531362 0.000415422 0.263757318
1695814361.137000 1.791131973 0.414679527 24.396953583 -0.012824839 0.970509291 0.000193763 0.240722343
1695814361.363000 1.800292969 0.415243417 24.376707077 -0.014173684 0.976120830 -0.001044717 0.216762960
1695814361.586000 1.808294296 0.415426403 24.353250504 -0.010513552 0.980850041 -0.003016977 0.194457293
1695814361.820000 1.814535141 0.416025698 24.331293106 -0.008969741 0.985114932 -0.004687297 0.171598867
1695814362.028000 1.821212769 0.415780306 24.308101654 -0.009473597 0.987689078 -0.005174803 0.156057164
1695814362.240000 1.828619003 0.416346103 24.286390305 -0.007649235 0.988163412 -0.004863347 0.153136909
1695814362.452000 1.834859848 0.416200876 24.264293671 -0.006757927 0.988227904 -0.004053547 0.152786106
1695814362.658000 1.842716217 0.416934222 24.241603851 -0.006441835 0.988294899 -0.004082246 0.152364939
1695814362.863000 1.849910736 0.417312980 24.219085693 -0.005304926 0.988287449 -0.003855405 0.152462840
1695814363.070000 1.857476234 0.417181492 24.196565628 -0.003848125 0.988264263 -0.004194346 0.152647644
1695814363.278000 1.864816666 0.417271823 24.172460556 -0.002982523 0.988217652 -0.005877861 0.152913734
1695814363.482000 1.871623039 0.417024195 24.153024673 -0.002944525 0.988228917 -0.004878513 0.152876094
1695814363.694000 1.884158134 0.419530600 24.144430161 -0.004260970 0.988682330 -0.006104428 0.149839595
1695814363.913000 1.903377533 0.421461344 24.147327423 -0.002400340 0.990945637 -0.011274676 0.133768454
1695814364.137000 1.925822258 0.425174057 24.149154663 0.002504526 0.992380321 -0.012474114 0.122553810
1695814364.337000 1.908593178 0.420744568 24.080240250 -0.002192166 0.992497027 -0.011689850 0.121689335
1695814364.550000 1.903895378 0.418673813 24.040304184 -0.005465825 0.993475556 -0.007271998 0.113682374
1695814364.742000 1.907875061 0.417032123 24.012775421 -0.002533682 0.993629575 -0.002804168 0.112632275
1695814364.934000 1.912189484 0.416691482 23.986560822 -0.001681497 0.993598819 -0.004386308 0.112868831
1695814365.128000 1.916433334 0.419023693 23.962268829 -0.002507831 0.993509173 -0.008354226 0.113417581
1695814365.319000 1.926678658 0.418116182 23.932760239 -0.003466535 0.994195759 -0.009610001 0.107100219
1695814365.512000 1.930666924 0.417929888 23.900859833 -0.004245719 0.995577276 -0.008866171 0.093430728
1695814365.699000 1.936697960 0.417743295 23.868415833 -0.003153433 0.995838642 -0.007550750 0.090766065
1695814365.884000 1.943352699 0.417622149 23.834266663 -0.003909243 0.996079504 -0.006576619 0.088131450
1695814366.071000 1.949416161 0.418201119 23.799964905 -0.005840597 0.997524738 -0.006522191 0.069769733
1695814366.260000 1.951682091 0.418137401 23.774280548 -0.005074970 0.997807324 -0.006499283 0.065669835
1695814366.422000 1.957936764 0.419058979 23.734525681 -0.002354022 0.997976840 -0.001397750 0.063519523
1695814366.598000 1.964131355 0.419612110 23.691673279 -0.004499959 0.997971416 -0.001505810 0.063487001
1695814366.776000 1.970522404 0.419612139 23.633157730 -0.008283153 0.998149216 -0.009360252 0.059514280
1695814366.954000 1.974888802 0.419808477 23.602304459 -0.006936308 0.998193085 -0.011169221 0.058632310
1695814367.135000 1.981168747 0.419751197 23.556217194 -0.004641615 0.998243272 -0.008155688 0.058501519
1695814367.313000 1.986375809 0.419855833 23.510341644 -0.004348647 0.998251677 -0.003346025 0.058852337
1695814367.488000 1.992834568 0.421077132 23.460630417 -0.004933427 0.998249233 -0.003007718 0.058865912
1695814367.669000 1.998958111 0.420597255 23.411983490 -0.005429534 0.998211086 -0.006545072 0.059181482
1695814367.846000 2.010326862 0.420891136 23.347845078 -0.005687888 0.998230815 -0.006582635 0.058818754
1695814368.028000 2.015146255 0.421489179 23.297187805 -0.006305450 0.998257697 -0.004188328 0.058518127
1695814368.205000 2.019614220 0.422792137 23.246788025 -0.008506256 0.998774111 -0.004404176 0.048565734
1695814368.432000 2.028099060 0.422325909 23.180509567 -0.007742195 0.998977721 -0.005268081 0.044225011
1695814368.655000 2.031829834 0.422166169 23.113668442 -0.006941787 0.998986900 -0.005404141 0.044134740
1695814368.873000 2.039722443 0.421636403 23.046106339 -0.006441760 0.999005735 -0.004040480 0.043929085
1695814369.098000 2.047130585 0.422151387 22.981641769 -0.006456182 0.999177456 -0.004003804 0.039834984
1695814369.326000 2.048101902 0.422509998 22.920084000 -0.006865959 0.999165893 -0.006446974 0.039735019
1695814369.553000 2.054019451 0.423190415 22.854688644 -0.007161400 0.999143898 -0.009238237 0.039686199
1695814369.772000 2.060192108 0.422348648 22.786617279 -0.006297841 0.999165535 -0.006152131 0.039885599
1695814369.990000 2.062694550 0.422880054 22.721124649 -0.006536220 0.999133527 -0.003485662 0.040954895
1695814370.211000 2.068033218 0.422500014 22.655511856 -0.006275851 0.999097586 -0.004543433 0.041760698
1695814370.425000 2.074538708 0.424163997 22.589229584 -0.006876552 0.999128759 -0.005553657 0.040787399
1695814370.639000 2.081378937 0.423984766 22.527444839 -0.006365326 0.999130726 -0.004271113 0.040975794
1695814370.852000 2.085758686 0.424531043 22.462606430 -0.006833615 0.999103189 -0.005218790 0.041460041
1695814371.073000 2.091633320 0.426490605 22.397872925 -0.006209920 0.999085069 -0.008130381 0.041525904
1695814371.290000 2.099716663 0.425661147 22.328207016 -0.006468353 0.999106646 -0.005959102 0.041334618
1695814371.510000 2.106239796 0.426992416 22.262996674 -0.005631270 0.999105692 -0.004701164 0.041643512
1695814371.973000 2.103997231 0.426991493 22.145374298 -0.006570584 0.999097347 -0.006476317 0.041466087
1695814372.196000 2.106687546 0.422424257 22.089097977 -0.010176738 0.999486208 -0.005841495 0.029828249
1695814372.409000 2.111385822 0.427408218 22.025590897 -0.006541754 0.999526680 -0.005680671 0.029519066
1695814372.619000 2.111889362 0.426780522 21.964733124 -0.006331695 0.999479711 -0.004611039 0.031289265
1695814372.830000 2.118856907 0.427307576 21.903234482 -0.005179795 0.999501944 -0.007906307 0.030108437
1695814373.035000 2.123921871 0.427788496 21.845705032 -0.005725861 0.999521732 -0.006123316 0.029766202
1695814373.238000 2.124330521 0.428285897 21.783746719 -0.004386318 0.999465764 -0.004182564 0.032116797
1695814373.454000 2.132687092 0.428524703 21.724842072 -0.003226817 0.999275982 -0.004751064 0.037611227
1695814373.663000 2.135642529 0.428481191 21.667943954 -0.004182159 0.998989701 -0.004930800 0.044472322
1695814373.879000 2.140657425 0.428872824 21.603845596 -0.004999069 0.998900056 -0.004657471 0.046391446
1695814374.088000 2.151112556 0.430112988 21.543264389 -0.002447841 0.998306215 -0.004059129 0.057985343
1695814374.306000 2.158535957 0.430441201 21.482278824 -0.004150599 0.998140514 -0.005179991 0.060592961
1695814374.527000 2.164880276 0.430067062 21.424417496 -0.005655412 0.998087823 -0.006645741 0.061194338
1695814374.747000 2.172134876 0.429671794 21.367147446 -0.006367257 0.998075664 -0.006145098 0.061372980
1695814374.969000 2.181815147 0.430229485 21.301427841 -0.006418691 0.998050392 -0.006441464 0.061747622
1695814375.182000 2.188045502 0.431116879 21.237453461 -0.007549693 0.997998238 -0.004582065 0.062622413
1695814375.393000 2.197700977 0.431410372 21.180116653 -0.008427369 0.998188078 -0.004632828 0.059398096
1695814375.621000 2.203974724 0.432069510 21.118846893 -0.010122809 0.998771667 -0.005740365 0.048165165
1695814375.823000 2.209699154 0.432200879 21.059408188 -0.008951481 0.998830974 -0.005028512 0.047236033
1695814376.030000 2.219285488 0.433236152 21.000720978 -0.007707590 0.998930514 -0.005284966 0.045282573
1695814376.241000 2.219652653 0.434078991 20.941509247 -0.007697882 0.998788238 -0.005502352 0.048295781
1695814376.448000 2.230564117 0.432865411 20.885026932 -0.007227997 0.998899519 -0.004385225 0.046134330
1695814376.661000 2.232578754 0.433942914 20.826248169 -0.006899389 0.998803496 -0.004754281 0.048181444
1695814376.865000 2.240286827 0.434587479 20.767532349 -0.006787898 0.998808682 -0.008560388 0.047560044
1695814377.077000 2.245109081 0.434359223 20.704936981 -0.006068145 0.998738647 -0.010967260 0.048621032
1695814377.289000 2.253046036 0.434609115 20.643718719 -0.006146384 0.998776972 -0.005331948 0.048768613
1695814377.499000 2.258446217 0.435805470 20.582355499 -0.008535907 0.998762846 -0.004434777 0.048788555
1695814377.702000 2.263453007 0.435187548 20.519207001 -0.008390278 0.998720586 -0.006889485 0.049390852
1695814377.908000 2.272789955 0.433810771 20.456451416 -0.008843790 0.998739839 -0.008405130 0.048681580
1695814378.114000 2.275065422 0.436182499 20.391363144 -0.008583100 0.998700738 -0.007399346 0.049683921
1695814378.320000 2.287981033 0.435232371 20.323274612 -0.008587034 0.998769224 -0.003983025 0.048687305
1695814378.518000 2.295280933 0.436433166 20.255506516 -0.009024346 0.998755097 -0.004898469 0.048815396
1695814378.723000 2.297107220 0.438430339 20.188606262 -0.008069700 0.998647690 -0.006777717 0.050908804
1695814378.926000 2.304659367 0.445306808 20.122510910 -0.007187188 0.998620272 -0.009533739 0.051137108
1695814379.125000 2.319000721 0.438517123 20.061767578 -0.005425860 0.998787224 -0.005404355 0.048635315
1695814379.326000 2.331027985 0.438884974 19.996725082 -0.005299574 0.998894453 -0.004955625 0.046446566
1695814379.528000 2.332475662 0.436927527 19.931394577 -0.004119152 0.998838127 -0.005578189 0.047689371
1695814379.723000 2.340758801 0.439225554 19.870952606 -0.002499680 0.998811245 -0.007473452 0.048104286
1695814379.925000 2.349479198 0.440614671 19.810047150 0.000446390 0.998813868 -0.008211340 0.047991931
1695814380.124000 2.355439186 0.439490169 19.749799728 -0.001683273 0.998799741 -0.001292619 0.048934221
1695814380.325000 2.362452984 0.441832662 19.687908173 -0.002358621 0.998766363 -0.004914350 0.049355447
1695814380.528000 2.371130466 0.440129161 19.627454758 -0.003873641 0.998795927 -0.009177887 0.048037108
1695814380.721000 2.374428749 0.439234078 19.570949554 -0.009148935 0.998626411 -0.005172812 0.051331028
1695814380.924000 2.381700516 0.440787226 19.508005142 -0.007164217 0.998662055 -0.006376909 0.050814942
1695814381.120000 2.388998508 0.439664125 19.449842453 -0.002943845 0.998784363 -0.008273467 0.048504401
1695814381.315000 2.395411015 0.438689351 19.389945984 -0.000689278 0.998822212 -0.003412424 0.048395488
1695814381.509000 2.401756763 0.440833807 19.331418991 0.001264475 0.998847783 -0.004040532 0.047803640
1695814381.703000 2.407959461 0.441159129 19.273077011 0.002250523 0.998837531 -0.003839357 0.047998074
1695814381.904000 2.409430504 0.442238659 19.215431213 0.001510804 0.998756230 -0.004804433 0.049605086
1695814382.094000 2.434971809 0.444975078 19.123243332 0.001758750 0.998910546 -0.008906102 0.045775112
1695814382.294000 2.443228245 0.445198655 19.062166214 0.001430576 0.998956144 -0.007425169 0.045050655
1695814382.493000 2.450220108 0.448707759 19.006385803 0.000286240 0.998928845 -0.011468266 0.044828821
1695814382.684000 2.453563690 0.444071710 18.951711655 -0.000242322 0.998889923 -0.007536447 0.046497710
1695814382.872000 2.459527969 0.446583360 18.894439697 -0.003174279 0.998894095 -0.006946726 0.046393953
1695814383.078000 2.463385105 0.444399863 18.838809967 -0.001875166 0.998814464 -0.007485863 0.048064318
1695814383.268000 2.469847202 0.444050848 18.786821365 -0.000180154 0.998493433 -0.008028368 0.054281764
1695814383.461000 2.476405621 0.444344223 18.727710724 -0.001505894 0.998237848 -0.004973608 0.059111688
1695814383.651000 2.483458996 0.444494724 18.674179077 0.000584442 0.998180926 -0.004709343 0.060103368
1695814383.844000 2.489097118 0.444475651 18.619344711 -0.000841081 0.998128951 -0.008944701 0.060480662
1695814384.042000 2.499599457 0.444787025 18.562622070 -0.001155969 0.998231351 -0.007012912 0.059024129
1695814384.232000 2.500408173 0.444776297 18.513628006 -0.003075441 0.998062372 -0.003840525 0.062027670
1695814384.428000 2.510225773 0.445851415 18.457746506 -0.002895863 0.998143613 -0.005654716 0.060572449
1695814384.619000 2.517014980 0.445441216 18.403961182 -0.002794160 0.998055458 -0.006804523 0.061897732
1695814384.813000 2.526488304 0.447955877 18.352876663 -0.002242596 0.998229682 -0.007224912 0.058994420
1695814385.007000 2.536467075 0.448743761 18.303834915 -0.001458636 0.998295128 -0.007126500 0.057913456
1695814385.198000 2.544646740 0.449751288 18.251464844 -0.001009390 0.998345137 -0.008142884 0.056919280
1695814385.395000 2.544197083 0.448179841 18.196231842 0.000233839 0.998181760 -0.007370554 0.059823617
1695814385.584000 2.549148083 0.449789047 18.152618408 -0.002597230 0.999005973 -0.008607505 0.043660879
1695814385.767000 2.552209854 0.448175371 18.097986221 -0.001943441 0.999352396 -0.008048449 0.035018403
1695814385.952000 2.556849480 0.448076487 18.049743652 0.000672139 0.999393284 -0.009193472 0.033587962
1695814386.135000 2.561439514 0.448375732 17.998189926 0.002299908 0.999415517 -0.009061555 0.032882564
1695814386.314000 2.568449497 0.449080706 17.950202942 0.001819888 0.999468446 -0.007455071 0.031685892
1695814386.503000 2.567959309 0.448312163 17.896755219 -0.000163397 0.999420345 -0.006215329 0.033471346
1695814386.679000 2.572781086 0.448262990 17.848638535 0.000559056 0.999142647 -0.006094916 0.040947080
1695814386.862000 2.577774048 0.448747277 17.795776367 0.000546813 0.999033332 -0.007273998 0.043349959
1695814387.045000 2.584289551 0.448332638 17.748210907 0.000679738 0.999046922 -0.007266347 0.043035284
1695814387.238000 2.588042736 0.448964059 17.694385529 -0.000244437 0.999012053 -0.008761747 0.043567032
1695814387.415000 2.595023155 0.449790388 17.643768311 0.000292912 0.999040902 -0.009841264 0.042666584
1695814387.599000 2.597457409 0.448792309 17.593961716 0.000032333 0.999017298 -0.007254542 0.043724321
1695814387.775000 2.605184555 0.449176401 17.546804428 0.000787145 0.999082565 -0.006913207 0.042257469
1695814387.963000 2.606765270 0.448723972 17.493688583 0.001069598 0.999010742 -0.007874482 0.043754373
1695814388.147000 2.613920689 0.448473781 17.442394257 0.001685804 0.999022663 -0.010312153 0.042947911
1695814388.329000 2.616398335 0.447271615 17.387306213 0.002126888 0.998970747 -0.010310262 0.044121105
1695814388.506000 2.622071266 0.447830409 17.331624985 0.002442852 0.998978317 -0.008833691 0.044253394
1695814388.684000 2.627070904 0.448590398 17.273992538 0.001560270 0.999011040 -0.007372585 0.043820579
1695814388.865000 2.632164478 0.448620230 17.217048645 0.000670247 0.999005675 -0.006297900 0.044132952
1695814389.037000 2.636740685 0.448579848 17.159580231 -0.000911752 0.998994827 -0.006383205 0.044359352
1695814389.219000 2.642179966 0.448577821 17.099250793 -0.000191379 0.998985112 -0.008579085 0.044216972
1695814389.401000 2.647546768 0.447943419 17.042667389 -0.000144369 0.998965144 -0.010198436 0.044324480
1695814389.577000 2.654281139 0.448009372 16.981832504 0.000003550 0.999036193 -0.007433129 0.043260012
1695814389.754000 2.658575058 0.447080106 16.923660278 -0.001085300 0.999019623 -0.005622042 0.043897770
1695814389.928000 2.666126251 0.448092133 16.866113663 -0.000177367 0.999043822 -0.006995955 0.043156203
1695814390.103000 2.669315815 0.446819663 16.808046341 0.000314495 0.999030411 -0.007554459 0.043371301
1695814390.281000 2.676753998 0.449479222 16.746553421 0.002270947 0.998995185 -0.008429254 0.043959551
1695814390.453000 2.684939384 0.449066520 16.689859390 0.001577023 0.999077678 -0.007172206 0.042307988
1695814390.625000 2.688238621 0.449094355 16.634201050 0.002353315 0.999038577 -0.002713189 0.043692637
1695814390.799000 2.689857006 0.449794769 16.579475403 0.001555860 0.998950422 -0.004116670 0.045593161
1695814390.971000 2.692126274 0.449634373 16.525287628 0.000374467 0.998848379 -0.008173432 0.047275856
1695814391.142000 2.704070568 0.449000955 16.468997955 0.000532534 0.999026179 -0.008610718 0.043269970
1695814391.313000 2.708310127 0.449209511 16.414379120 0.000749145 0.999031663 -0.007260380 0.043387931
1695814391.482000 2.711608410 0.448345423 16.360519409 -0.000304437 0.999006629 -0.006846634 0.044032536
1695814391.658000 2.719176769 0.449129462 16.308990479 0.001181186 0.999031305 -0.007563496 0.043334980
1695814391.829000 2.724404812 0.449010909 16.255897522 0.000967253 0.999043405 -0.007398344 0.043089721
1695814392.000000 2.730044842 0.448989600 16.202762604 0.002404677 0.999068439 -0.007237021 0.042475760
1695814392.172000 2.733085632 0.450003624 16.150772095 0.001925011 0.999032140 -0.007574223 0.043286566
1695814392.339000 2.734375000 0.448434651 16.093584061 0.002947461 0.998986244 -0.007849440 0.044230830
1695814392.508000 2.742792606 0.450171769 16.047508240 0.002139787 0.999020875 -0.008198439 0.043422960
1695814392.681000 2.739768505 0.448666006 15.990008354 0.001906615 0.998947799 -0.009165574 0.044897228
1695814392.849000 2.751990795 0.449747115 15.949532509 0.001441004 0.999013960 -0.010819819 0.043034613
1695814393.015000 2.758277893 0.449025631 15.897834778 0.001717761 0.999058783 -0.007383249 0.042709928
1695814393.182000 2.762624741 0.448201478 15.851516724 0.001591482 0.999051213 -0.005798448 0.043134615
1695814393.362000 2.767026901 0.448970854 15.795591354 0.001656603 0.999047458 -0.007619197 0.042934835
1695814393.527000 2.770462990 0.449035943 15.747143745 0.001616995 0.999006093 -0.008728285 0.043681238
1695814393.695000 2.777444839 0.449394047 15.699103355 0.001871242 0.999073684 -0.008069889 0.042228352
1695814393.860000 2.784190178 0.450417697 15.652467728 0.002315261 0.999103129 -0.007982676 0.041520312
1695814394.029000 2.788815975 0.450181752 15.605780602 0.001693194 0.999110222 -0.007770339 0.041419141
1695814394.198000 2.790620327 0.450330019 15.557429314 0.002040027 0.999071717 -0.008102584 0.042261280
1695814394.364000 2.795358658 0.449415982 15.505512238 0.001921239 0.999086857 -0.008631950 0.041800972
1695814394.529000 2.803044796 0.449224353 15.458441734 0.002360261 0.999153852 -0.008602576 0.040150154
1695814394.701000 2.803770542 0.449112833 15.411318779 0.002265455 0.999090075 -0.008226142 0.041789223
1695814394.861000 2.807963371 0.449198484 15.363048553 0.000803927 0.999093294 -0.008407527 0.041728716
1695814395.047000 2.813026905 0.448536277 15.315526009 0.000517903 0.999096036 -0.008466143 0.041655522
1695814395.211000 2.817766190 0.449309349 15.269394875 -0.002952801 0.999099791 -0.009703188 0.041191582
1695814395.379000 2.821695805 0.448921680 15.220325470 -0.001891100 0.999126911 -0.008983916 0.040756866
1695814395.542000 2.826580048 0.448550284 15.173986435 -0.002845526 0.999166071 -0.003724607 0.040561307
1695814395.707000 2.830508232 0.449132234 15.126437187 -0.003252808 0.999162972 -0.005445664 0.040412102
1695814395.873000 2.834830761 0.448566139 15.079389572 -0.003047568 0.999131501 -0.009435709 0.040472019
1695814396.037000 2.839080811 0.448733389 15.033612251 -0.001608130 0.999146819 -0.009813523 0.040084735
1695814396.195000 2.842702389 0.448371351 14.989842415 -0.000752139 0.999163687 -0.008989313 0.039883167
1695814396.411000 2.847925186 0.447570503 14.939456940 0.002754309 0.999141753 -0.012670531 0.039339814
1695814396.571000 2.854509354 0.448178351 14.897139549 0.006034819 0.999134660 -0.013879554 0.038740925
1695814396.739000 2.856346130 0.447464645 14.850656509 0.005338205 0.999194860 -0.007298390 0.039087713
1695814396.902000 2.861634731 0.447627068 14.805734634 0.002857237 0.999216318 -0.002592284 0.039394237
1695814397.067000 2.864010334 0.447691262 14.759751320 -0.000680884 0.999195576 -0.006126198 0.039626222
1695814397.238000 2.867009640 0.448166251 14.715621948 -0.002855365 0.999148190 -0.010665026 0.039762951
1695814397.390000 2.871653080 0.447065115 14.673372269 -0.004156650 0.999172330 -0.010879805 0.038975392
1695814397.544000 2.874639034 0.447298497 14.632928848 -0.004319470 0.999182105 -0.008801567 0.039230697
1695814397.702000 2.878423214 0.447361171 14.591842651 -0.003830624 0.999209344 -0.006377860 0.039056987
1695814397.857000 2.881002903 0.447910666 14.551137924 -0.003522682 0.999230564 -0.001421474 0.039037637
1695814398.014000 2.885926723 0.447690308 14.512598038 -0.000448532 0.999276519 -0.003721780 0.037847631
1695814398.175000 2.888466358 0.447626293 14.469429970 -0.000545744 0.999225914 -0.010086280 0.038021110
1695814398.329000 2.891609192 0.448177665 14.429304123 -0.002163866 0.999150336 -0.014055926 0.038684465
1695814398.483000 2.894216061 0.446906537 14.388601303 -0.002128747 0.999160409 -0.013099026 0.038761899
1695814398.638000 2.900085926 0.447943449 14.339753151 -0.002641318 0.999259412 -0.006434923 0.037844747
1695814398.793000 2.903999329 0.447500199 14.297042847 -0.002326592 0.999278307 -0.006180904 0.037406415
1695814398.950000 2.907182693 0.447240472 14.255429268 -0.000076503 0.999280691 -0.007849570 0.037101407
1695814399.102000 2.910725594 0.447849393 14.212449074 0.000289956 0.999239028 -0.010717968 0.037501629
1695814399.257000 2.914324760 0.447861403 14.170634270 0.001479500 0.999234498 -0.012078237 0.037180278
1695814399.412000 2.917900562 0.447434276 14.129670143 0.001444192 0.999281943 -0.007750389 0.037059482
1695814399.569000 2.920986652 0.447255045 14.086737633 0.001400884 0.999281764 -0.005649869 0.037444286
1695814399.719000 2.925647259 0.448294103 14.047390938 0.001635300 0.999261558 -0.009221219 0.037266191
1695814399.869000 2.929160118 0.447068155 14.004155159 0.001631146 0.999222815 -0.012220538 0.037440885
1695814400.021000 2.931675911 0.447290897 13.959603310 0.002018702 0.999254346 -0.010312700 0.037153233
1695814400.173000 2.934605598 0.447836101 13.914906502 0.002324707 0.999255061 -0.007409972 0.037803404
1695814400.328000 2.940851212 0.448267072 13.870127678 0.001598060 0.999320209 -0.007144937 0.036132868
1695814400.480000 2.943096161 0.448043048 13.825075150 0.001315617 0.999288857 -0.008064241 0.036811616
1695814400.629000 2.946325779 0.447602153 13.784437180 0.002271608 0.999294400 -0.008484206 0.036519632
1695814400.781000 2.949222088 0.446965158 13.741583824 0.003698476 0.999268353 -0.008213474 0.037171401
1695814400.941000 2.951868057 0.447407305 13.696768761 0.002574447 0.999280214 -0.008208330 0.036947995
1695814401.090000 2.956192017 0.447170019 13.653072357 0.001558001 0.999414563 -0.008517110 0.033099435
1695814401.240000 2.956744671 0.446728110 13.610117912 0.000146355 0.999683797 -0.007903540 0.023872152
1695814401.392000 2.962550640 0.447289884 13.572636604 0.001857243 0.999746203 -0.002902162 0.022265336
1695814401.545000 2.962841511 0.447356820 13.530037880 0.002725578 0.999750137 -0.000984953 0.022165325
1695814401.695000 2.967442513 0.447595596 13.491174698 0.003643265 0.999746025 -0.006680878 0.021212809
1695814401.842000 2.968142986 0.448556423 13.449728012 0.002815135 0.999709189 -0.010638658 0.021461047
1695814401.990000 2.970586777 0.447280049 13.409373283 0.002464152 0.999719441 -0.010153928 0.021256734
1695814402.143000 2.971858025 0.447661340 13.366532326 0.003069256 0.999730170 -0.008330090 0.021467282
1695814402.289000 2.975120544 0.447148830 13.327725410 0.002365012 0.999749601 -0.006655408 0.021234892
1695814402.434000 2.978299141 0.446986794 13.286739349 0.006420713 0.999296188 -0.006906541 0.036307711
1695814402.583000 2.981878757 0.447745323 13.248740196 0.006900655 0.998876393 -0.008300098 0.046145819
1695814402.735000 2.986489773 0.448163927 13.209020615 0.004382170 0.998863697 -0.008512706 0.046688046
1695814402.886000 2.990546703 0.447403461 13.169734955 0.003066691 0.998856008 -0.007720990 0.047092348
1695814403.044000 2.993882179 0.447386265 13.127990723 0.003045408 0.998844206 -0.007977933 0.047302328
1695814403.196000 2.997910976 0.447372854 13.088071823 0.003375652 0.998835206 -0.009736732 0.047138061
1695814403.353000 3.001420021 0.447460055 13.045471191 0.003785062 0.998789907 -0.012045668 0.047531694
1695814403.506000 3.006553650 0.447034508 13.002054214 0.004503724 0.998818874 -0.011550814 0.046980686
1695814403.659000 3.010939121 0.446801007 12.957918167 0.005328127 0.998826802 -0.008731316 0.047333147
1695814403.830000 3.015517235 0.447100937 12.912195206 0.004463371 0.998849571 -0.007570113 0.047142159
1695814403.980000 3.020685673 0.446823537 12.868654251 0.003753852 0.998854399 -0.007128369 0.047170240
1695814404.131000 3.023691177 0.446272850 12.825425148 0.002996641 0.998854518 -0.006989266 0.047242809
1695814404.278000 3.028111935 0.446508706 12.781976700 0.002656079 0.998867095 -0.007386574 0.046936519
1695814404.435000 3.032363415 0.446633041 12.738477707 0.002774631 0.998842120 -0.008312808 0.047304135
1695814404.590000 3.036549568 0.446609020 12.694405556 0.003302778 0.998910964 -0.008421827 0.045772284
1695814404.737000 3.042040348 0.446866810 12.653003693 0.002307091 0.998984218 -0.007985068 0.044289190
1695814404.881000 3.044209480 0.446383834 12.613207817 0.002954457 0.998975396 -0.007523707 0.044528693
1695814405.027000 3.048085213 0.446473002 12.572566986 0.003457103 0.998959363 -0.007632868 0.044833746
1695814405.170000 3.053460598 0.446141660 12.532591820 0.004130450 0.998990476 -0.007653631 0.044072650
1695814405.315000 3.055108547 0.446833849 12.492793083 0.004050590 0.998950005 -0.008192090 0.044893876
1695814405.462000 3.060160160 0.446676701 12.452185631 0.003905556 0.998981833 -0.008662122 0.044104379
1695814405.610000 3.063354969 0.446455538 12.412638664 0.003863142 0.998947740 -0.008910873 0.044824544
1695814405.754000 3.066944599 0.446657091 12.375308037 0.003685504 0.998961329 -0.008701331 0.044575244
1695814405.899000 3.072064877 0.446392596 12.336806297 0.003709385 0.998975933 -0.009129948 0.044158794
1695814406.045000 3.075163364 0.446888149 12.300962448 0.004368845 0.998922884 -0.010546007 0.044975284
1695814406.188000 3.078366756 0.445930928 12.261254311 0.002437316 0.998977423 -0.009047308 0.044230402
1695814406.327000 3.083072662 0.446984410 12.226161003 0.003286983 0.999001443 -0.007791276 0.043870203
1695814406.476000 3.087713718 0.445851266 12.191094398 0.003170233 0.999035656 -0.006665798 0.043281116
1695814406.620000 3.087522507 0.445712805 12.152919769 -0.000746932 0.999522805 -0.007923936 0.029847002
1695814406.753000 3.091843367 0.446421504 12.129690170 -0.004772867 0.999903440 -0.008693972 0.009737127
1695814406.889000 3.082845449 0.447170734 12.127511024 -0.001319338 0.999931097 -0.008768133 0.007693993
1695814407.025000 3.092575788 0.446501493 12.058396339 0.002610194 0.999943614 -0.007858329 0.006658576
1695814407.167000 3.097528934 0.446406841 12.018723488 0.004430259 0.999947369 -0.007787806 0.005004549
1695814407.302000 3.151325226 0.445825756 11.973572731 -0.009677600 -0.999889791 0.007504895 0.008395135
1695814407.436000 3.122610331 0.451922774 11.939886093 -0.006629440 -0.999931216 0.009676447 0.000266044
1695814407.567000 3.191378593 0.466923445 11.910447121 -0.009197717 -0.999683261 0.014207613 0.018630045
1695814407.704000 3.157991171 0.453875303 11.868726730 -0.009841224 -0.999855757 0.010703158 0.008778470
1695814407.836000 3.171946764 0.454152763 11.820293427 -0.013716922 -0.999769986 0.011571525 0.011748245
1695814407.969000 3.176070452 0.452671200 11.789607048 -0.011942577 -0.999782622 0.011238865 0.012875573
1695814408.103000 3.189673901 0.451691568 11.747632027 -0.014236050 -0.999707699 0.010920874 0.016209088
1695814408.236000 3.202373743 0.451452553 11.710350037 -0.015334880 -0.999621034 0.011035708 0.020022446
1695814408.366000 3.187879086 0.451350272 11.698097229 -0.015565244 -0.999667943 0.012782258 0.016075423
1695814408.499000 3.200381279 0.446745396 11.654457092 -0.016476640 -0.999585092 0.013146792 0.019629743
1695814408.632000 3.210505724 0.438332200 11.618566513 -0.014527305 -0.999603570 0.009030426 0.022364259
1695814408.765000 3.231769085 0.433930844 11.577138901 -0.015423059 -0.999452353 0.005802562 0.028697127
1695814408.901000 3.232472181 0.433440417 11.549166679 -0.016054640 -0.999450207 0.004800879 0.028611582
1695814409.030000 3.242513657 0.440965116 11.510559082 -0.017859396 -0.999302626 0.008192877 0.031753257
1695814409.166000 3.240843773 0.439931571 11.479590416 -0.017781606 -0.999297559 0.008984646 0.031742297
1695814409.302000 3.258383512 0.429926574 11.437856674 -0.018108079 -0.999112010 0.006420684 0.037499804
1695814409.445000 3.255985737 0.436450809 11.405592918 -0.018330198 -0.999087632 0.007799093 0.037776571
1695814409.597000 3.257115841 0.433744371 11.375321388 -0.020526104 -0.999033570 0.006886197 0.038252898
1695814409.736000 3.278698921 0.431470156 11.325164795 -0.020496629 -0.998702049 0.006547198 0.046166275
1695814409.901000 3.268582344 0.432435423 11.297434807 -0.020224227 -0.998814940 0.006543505 0.043782797
1695814410.053000 3.276652813 0.424883097 11.265915871 -0.019204557 -0.998693883 0.003886872 0.047187127
1695814410.181000 3.285397053 0.425347596 11.230911255 -0.021283662 -0.998471379 0.004448417 0.050814729
1695814410.311000 3.288343191 0.425450385 11.202554703 -0.022753283 -0.998364270 0.004388214 0.052267622
1695814410.441000 3.291697025 0.423995763 11.171892166 -0.024605786 -0.998225570 0.003961547 0.054080870
1695814410.571000 3.287745476 0.426720709 11.145609856 -0.024029827 -0.998239338 0.004545818 0.054038163
1695814410.697000 3.298478842 0.428978652 11.115257263 -0.026966713 -0.997936726 0.005492049 0.058009721
1695814410.828000 3.297766924 0.427330375 11.085468292 -0.029072922 -0.997842371 0.003603467 0.058757644
1695814410.965000 3.303483009 0.424099773 11.049654007 -0.031243341 -0.997563541 0.001218748 0.062365815
1695814411.116000 3.299132109 0.426792055 11.022029877 -0.026896784 -0.996783972 0.002944072 0.075429603
1695814411.246000 3.302314281 0.425166100 10.988025665 -0.024398977 -0.993797958 0.002443733 0.108463772
1695814411.371000 3.301936150 0.423856318 10.961299896 -0.028925026 -0.992653728 0.002273645 0.117460139
1695814411.494000 3.306048393 0.422746241 10.928049088 -0.035542078 -0.991898060 0.001509538 0.121954173
1695814411.621000 3.309876442 0.422574699 10.901221275 -0.038646851 -0.991343737 0.002069690 0.125458613
1695814411.765000 3.311852932 0.419064641 10.867844582 -0.036132969 -0.989459276 -0.000055618 0.140231520
1695814411.918000 3.320901394 0.420999140 10.820020676 -0.027699552 -0.981967270 -0.002593644 0.186992690
1695814412.054000 3.321814775 0.418045580 10.792151451 -0.025214547 -0.973563612 -0.006003859 0.226940960
1695814412.189000 3.301789761 0.423981220 10.759987831 -0.023170315 -0.964869857 -0.005671733 0.261643231
1695814412.334000 3.286570072 0.434776545 10.715781212 -0.021183806 -0.951804817 -0.001506435 0.305968344
1695814412.458000 3.275168896 0.435899973 10.688474655 -0.018276406 -0.941312313 -0.003514458 0.337023586
1695814412.575000 3.253307343 0.436228663 10.668613434 -0.015994800 -0.929565847 -0.004992052 0.368275195
1695814412.701000 3.233112335 0.434897661 10.649237633 -0.014858522 -0.917699754 -0.005245144 0.396962017
1695814412.813000 3.217786789 0.431063652 10.632804871 -0.013798233 -0.912746608 -0.004916441 0.408263534
1695814412.916000 3.200047493 0.436871678 10.608207703 -0.017182931 -0.910979152 0.001936040 0.412089735
1695814413.029000 3.183276176 0.435796201 10.585900307 -0.022619043 -0.909736156 0.005894348 0.414528519
1695814413.144000 3.163702965 0.432336241 10.566829681 -0.021093953 -0.909119070 0.002917192 0.415991724
1695814413.260000 3.146162987 0.433222473 10.549812317 -0.017326800 -0.908955455 0.000470816 0.416532815
1695814413.371000 3.129180908 0.434755266 10.529539108 -0.018312939 -0.907703876 -0.000034727 0.419211656
1695814413.486000 3.104416847 0.438053727 10.518430710 -0.022779647 -0.910007179 0.001453001 0.413963646
1695814413.600000 3.087646484 0.438628495 10.501184464 -0.024469784 -0.909350395 0.000997098 0.415309668
1695814413.710000 3.071409225 0.438541383 10.484179497 -0.024434319 -0.908787191 0.000489595 0.416543633
1695814413.824000 3.054818153 0.439329445 10.465107918 -0.023570089 -0.906855762 0.000156843 0.420781612
1695814413.937000 3.036500931 0.444189817 10.449078560 -0.020249337 -0.899285197 0.001348292 0.436891615
1695814414.056000 3.016473770 0.443460733 10.440189362 -0.016965879 -0.891021907 -0.004318161 0.453622699
1695814414.163000 2.999397278 0.445083797 10.426095009 -0.018151853 -0.889733136 -0.004491197 0.456097871
1695814414.267000 2.983262062 0.446604013 10.411563873 -0.020357575 -0.889095783 -0.004665967 0.457244575
1695814414.370000 2.966268539 0.446134955 10.398038864 -0.020290492 -0.888732672 -0.006989302 0.457923353
1695814414.476000 2.949591637 0.449380636 10.386835098 -0.020383580 -0.888839602 -0.005832653 0.457727700
1695814414.584000 2.933082581 0.450070888 10.375027657 -0.017174227 -0.884345114 -0.008587294 0.466438800
1695814414.695000 2.915471077 0.450995624 10.363050461 -0.013594585 -0.876880825 -0.011426856 0.480379820
1695814414.803000 2.898015022 0.452967733 10.351257324 -0.015668627 -0.876235843 -0.009088472 0.481541991
1695814414.908000 2.882072449 0.454463184 10.339920044 -0.017710818 -0.875922918 -0.006602588 0.482080668
1695814415.012000 2.865919113 0.456084162 10.328376770 -0.018752482 -0.875697911 -0.004253465 0.482476383
1695814415.116000 2.848757744 0.458170891 10.316469193 -0.020485600 -0.875389040 -0.000178822 0.482984811
1695814415.225000 2.833104134 0.458344072 10.306145668 -0.019210063 -0.875123680 -0.001875236 0.483514309
