1695733774.158000 0.000555447 0.000271393 0.019342665 0.001471240 -0.000631204 -0.000013246 0.999998748
1695733774.277000 -0.006000341 -0.011602197 0.094595738 -0.005879617 0.008638396 -0.005854612 0.999928296
1695733774.398000 -0.000071962 0.001280954 0.057865173 -0.001188732 0.000326260 -0.000976476 0.999998748
1695733774.521000 0.000181275 0.001413273 0.076664373 -0.002125541 -0.000265787 -0.001846573 0.999996006
1695733774.638000 -0.000118406 0.001675226 0.095360607 -0.003054118 0.000539321 -0.003604854 0.999988675
1695733774.758000 0.000544998 0.002399181 0.114220582 -0.001524230 0.000056701 -0.004146201 0.999990284
1695733774.878000 0.000571729 0.002539810 0.132784188 0.000274304 -0.000042886 -0.003476600 0.999993920
1695733774.995000 0.002603607 0.001388254 0.165665895 0.000422575 0.000551664 -0.005480220 0.999984741
1695733775.113000 0.000714246 0.002488835 0.168837503 0.001870922 -0.000176619 -0.001971969 0.999996305
1695733775.231000 0.009658131 0.009181061 0.199837551 0.004281619 -0.005066664 -0.002715633 0.999974370
1695733775.349000 0.000407538 0.003020098 0.206325769 -0.001422623 0.000055751 -0.000946433 0.999998569
1695733775.470000 0.004021421 0.003336033 0.236599252 -0.002134068 -0.000706274 -0.002515927 0.999994338
1695733775.585000 0.001055490 0.003063752 0.242682934 -0.002049559 0.000179365 -0.001966095 0.999995947
1695733775.705000 0.000397300 0.005227077 0.271613389 -0.000764463 0.000977811 -0.003073183 0.999994576
1695733775.822000 0.000808633 0.004329240 0.280016363 -0.000140628 0.000144759 -0.001251741 0.999999225
1695733775.939000 0.002072635 0.004724918 0.306032538 -0.000066368 -0.000412586 -0.001404660 0.999998987
1695733776.055000 0.001347588 0.004749341 0.317088097 -0.000651997 -0.000227864 -0.001442859 0.999998748
1695733776.168000 0.001799436 0.005404539 0.339290351 -0.000957086 -0.000626274 -0.001951048 0.999997497
1695733776.285000 0.000727489 0.005653081 0.352295846 -0.000525800 -0.000063421 -0.000781246 0.999999583
1695733776.401000 0.001088648 0.005806162 0.372801006 -0.000701042 0.000753987 -0.002319831 0.999996841
1695733776.515000 0.000630131 0.006552951 0.387389153 -0.000485866 0.000419147 -0.003077931 0.999995053
1695733776.630000 0.000754505 0.007219061 0.406026810 -0.000281806 -0.000112047 -0.002765513 0.999996185
1695733776.745000 0.001565382 0.006763664 0.420444220 -0.002337485 -0.000524087 -0.004501994 0.999987006
1695733776.860000 0.006712516 0.007145406 0.434918284 -0.003363889 -0.001173774 -0.006038103 0.999975443
1695733776.975000 0.001719950 0.007367371 0.453892201 -0.000868108 -0.000310512 -0.004889437 0.999987602
1695733777.090000 0.002776395 0.007885485 0.471387297 0.000598053 -0.000745344 -0.004326587 0.999990225
1695733777.205000 0.001637121 0.007825258 0.488064378 0.000641485 0.000156670 -0.003209083 0.999994636
1695733777.317000 0.002713474 0.007899499 0.504574418 -0.000423427 -0.000398159 -0.003398261 0.999994040
1695733777.432000 0.001916980 0.008829862 0.521575451 0.000049002 0.000269631 -0.002277859 0.999997377
1695733777.545000 0.001151089 0.008487520 0.538831353 -0.000018956 0.000730619 -0.002193956 0.999997377
1695733777.658000 0.002576210 0.008776148 0.552394986 -0.000568147 0.000082939 -0.002097078 0.999997675
1695733777.772000 0.004812754 0.012161057 0.570094645 0.000231409 -0.002017981 0.004353129 0.999988556
1695733777.889000 0.005817994 0.013430169 0.585980296 0.000976640 -0.001542229 0.002765810 0.999994516
1695733778.002000 0.003948462 0.010199117 0.599251926 -0.000062664 -0.000184074 -0.002272923 0.999997377
1695733778.114000 0.002947332 0.009390719 0.617266238 -0.000274867 0.000959375 -0.003679164 0.999992788
1695733778.228000 0.004352590 0.010459966 0.630772293 -0.000279678 -0.000830334 -0.001160498 0.999998927
1695733778.343000 0.004399734 0.010675916 0.647764087 0.000053974 -0.000185576 -0.001513268 0.999998868
1695733778.633000 0.004354428 0.011464923 0.663471997 0.000212639 -0.000075086 -0.001257006 0.999999225
1695733778.741000 0.003766156 0.012301718 0.700003147 0.000526342 -0.001401189 0.001763352 0.999997318
1695733778.850000 0.005839942 0.012117975 0.711145759 -0.000962207 -0.001750609 -0.001220357 0.999997258
1695733778.967000 0.002835799 0.011621390 0.729146719 -0.001854653 -0.000680766 -0.003145490 0.999993086
1695733779.085000 0.003670705 0.013668822 0.744389713 -0.001453378 -0.001456906 -0.001259297 0.999997079
1695733779.195000 0.007433197 0.013048216 0.751944005 -0.004027186 -0.001856299 -0.003934220 0.999982476
1695733779.312000 0.005241234 0.012013116 0.765289962 -0.005555312 -0.001030389 -0.005163366 0.999970734
1695733779.423000 -0.000917353 0.013288701 0.793163061 -0.002026660 0.000175008 -0.005216251 0.999984384
1695733779.540000 -0.001153059 0.013718600 0.802761793 0.001336395 -0.006164134 -0.002387313 0.999977291
1695733779.652000 0.004076387 0.012584056 0.801332355 0.001443460 -0.033075251 0.003940809 0.999444127
1695733779.766000 0.007356508 0.012586849 0.820647120 0.001793743 -0.067642674 0.013982838 0.997610033
1695733779.883000 0.005985542 0.013142621 0.832212389 0.000051972 -0.077610858 0.012025051 0.996911228
1695733779.996000 0.004279414 0.012737933 0.841152370 -0.001426070 -0.079928428 0.006507187 0.996778369
1695733780.116000 -0.006125368 0.013716961 0.843495548 -0.004008730 -0.077711090 -0.000365161 0.996967793
1695733780.255000 0.001169462 0.011046972 0.848617852 -0.005099632 -0.081215836 -0.001754749 0.996681988
1695733780.362000 -0.011168019 0.012323978 0.877841294 -0.001148205 -0.077025644 -0.002431192 0.997025549
1695733780.474000 -0.013376795 0.013886862 0.897814870 0.000680940 -0.076481946 -0.004527376 0.997060537
1695733780.588000 -0.012883924 0.011577490 0.892764091 -0.000347083 -0.077763289 -0.003196469 0.996966720
1695733780.701000 -0.014512487 0.014229947 0.919121325 -0.000964322 -0.077781402 -0.006980333 0.996945560
1695733780.817000 -0.021389071 0.016080949 0.942754209 0.001267534 -0.076636046 -0.006547493 0.997036874
1695733780.933000 -0.023704700 0.013519619 0.946893036 0.001249247 -0.076176561 -0.008214435 0.997059762
1695733781.051000 -0.028199179 0.013988264 0.960822046 0.004114109 -0.075111240 -0.006485716 0.997145593
1695733781.163000 -0.021977324 0.013873508 0.974831641 0.002344219 -0.078512631 -0.008134693 0.996877193
1695733781.276000 -0.028599605 0.014784927 0.994491160 -0.000499491 -0.076048590 -0.008021863 0.997071743
1695733781.386000 -0.030526761 0.014612021 1.006573200 -0.008865448 -0.075797178 -0.007343828 0.997056842
1695733781.498000 -0.032397214 0.013657010 1.019190907 -0.012236296 -0.074011132 -0.008659458 0.997144759
1695733781.617000 -0.033987455 0.015273121 1.032912016 -0.008328590 -0.059925545 -0.012224604 0.998093307
1695733781.719000 -0.033480860 0.015030780 1.042173266 -0.002431475 -0.033215627 -0.015959067 0.999317884
1695733781.829000 -0.032259248 0.015521418 1.058290243 0.002200170 -0.025205640 -0.013917068 0.999583006
1695733781.940000 -0.031535272 0.015950641 1.066993117 0.002511560 -0.025385872 -0.008280394 0.999640346
1695733782.051000 -0.033687849 0.016255103 1.081247807 -0.000248560 -0.024055103 -0.006966300 0.999686360
1695733782.156000 -0.033088136 0.016221311 1.095371842 -0.001719684 -0.023913631 -0.005967984 0.999694765
1695733782.265000 -0.034229156 0.017878832 1.107299447 -0.001168935 -0.021164188 -0.006358159 0.999755144
1695733782.373000 -0.033834100 0.017234163 1.120133758 -0.002869961 -0.010746874 -0.008645377 0.999900818
1695733782.481000 -0.033372696 0.017638303 1.131646514 -0.002709474 -0.009278946 -0.007360712 0.999926209
1695733782.587000 -0.032609083 0.018146941 1.145026565 -0.002272841 -0.007939318 -0.005890175 0.999948561
1695733782.698000 -0.045660492 0.012808443 1.130704761 -0.004655962 -0.007235104 0.000863950 0.999962628
1695733782.805000 -0.048082344 0.012610893 1.143595934 -0.002395949 -0.007138307 0.005761969 0.999955118
1695733782.912000 -0.052319214 0.014485518 1.157540917 0.001782073 -0.004969601 0.002108068 0.999983847
1695733783.017000 -0.048819140 0.013242176 1.166056395 0.006976387 -0.007139685 0.006348796 0.999930024
1695733783.129000 -0.062112354 0.009530125 1.153630018 0.006037435 -0.004338729 0.008719376 0.999934375
1695733783.232000 -0.054465842 0.008107508 1.193916917 0.002684969 -0.003555775 0.002898685 0.999985933
1695733783.337000 -0.044445131 0.014258210 1.213486433 -0.001138661 -0.005300267 0.001757862 0.999983788
1695733783.445000 -0.045093697 0.015911493 1.228846550 -0.007277473 0.004147222 0.000298345 0.999964893
1695733783.551000 -0.037175745 0.007397085 1.224699259 -0.016049448 0.002086069 0.003824983 0.999861777
1695733783.656000 -0.042397916 0.006738829 1.228295684 -0.017460329 0.002706151 0.006937692 0.999819875
1695733783.761000 -0.042228863 -0.006519308 1.242724776 -0.019073147 0.003088577 0.006981608 0.999788940
1695733783.863000 -0.039232854 -0.001346539 1.258067012 -0.012339690 0.002388410 0.005360597 0.999906659
1695733783.969000 -0.038992725 0.000985396 1.274546027 -0.007385440 0.007787062 0.001335306 0.999941587
1695733784.073000 -0.036989845 0.003292844 1.285943508 -0.004624730 0.015626054 -0.003282392 0.999861836
1695733784.330000 -0.041958019 0.008813229 1.298426032 -0.003174199 0.018607769 -0.004480848 0.999811769
1695733784.436000 -0.041136697 -0.009835759 1.305470347 -0.012844778 0.013963610 0.007490691 0.999791980
1695733784.538000 -0.034761354 -0.049061924 1.302693844 -0.024295723 0.007225802 0.023717865 0.999397337
1695733784.642000 -0.042353913 0.011233303 1.349445581 -0.001487578 0.020525781 -0.002267860 0.999785662
1695733784.750000 -0.041826721 0.013973514 1.360251546 -0.000982989 0.020021876 -0.001033029 0.999798536
1695733784.856000 -0.039091349 0.013911938 1.368440866 -0.003665016 0.017694477 0.000338366 0.999836683
1695733784.959000 -0.041619316 0.013693858 1.375741005 -0.007414802 0.018450387 0.000618979 0.999802113
1695733785.063000 -0.041133106 0.012651701 1.391138911 -0.007479553 0.019573506 0.001680434 0.999779046
1695733785.166000 -0.041029468 0.012546516 1.399682760 -0.005931837 0.022231482 0.003888151 0.999727726
1695733785.268000 -0.041294247 0.011621416 1.406269670 -0.006324702 0.022234632 0.002610019 0.999729455
1695733785.374000 -0.042155869 0.012891564 1.413944244 -0.004502140 0.022509795 0.002409999 0.999733627
1695733785.475000 -0.042741932 0.012925107 1.428554773 -0.003325259 0.023747163 0.004200542 0.999703705
1695733785.578000 -0.040258359 0.010547341 1.440697193 -0.006677061 0.022054259 0.009294353 0.999691308
1695733785.685000 -0.043946501 0.011978643 1.456069589 -0.007347762 0.027414432 0.005346309 0.999582887
1695733785.783000 -0.036941364 0.012539817 1.467849135 -0.005746291 0.022171548 0.009461333 0.999692917
1695733785.888000 -0.038489725 0.011119572 1.473290563 -0.005640524 0.021853540 0.012744099 0.999664068
1695733785.987000 -0.034824844 0.014142767 1.495505095 -0.001989226 0.022883758 0.007952679 0.999704540
1695733786.092000 -0.037136503 0.013281917 1.502852201 -0.003115487 0.023617771 0.007316198 0.999689460
1695733786.195000 -0.035882413 0.013637932 1.514826059 -0.003873359 0.022598727 0.006497982 0.999716043
1695733786.296000 -0.038305730 0.012621891 1.521787882 -0.004825315 0.022889303 0.008308640 0.999691844
1695733786.397000 -0.034659546 0.014944648 1.536984682 -0.003740055 0.022398353 0.007223463 0.999716043
1695733786.497000 -0.037079386 0.014379317 1.543565154 -0.005482413 0.023219172 0.010628490 0.999658883
1695733786.597000 -0.034420528 0.014904994 1.558994770 -0.004117454 0.022765510 0.009910644 0.999683261
1695733786.696000 -0.037613560 0.013844908 1.566632509 -0.003475562 0.024039458 0.011008877 0.999644399
1695733786.799000 -0.032800045 0.015313651 1.579975247 -0.003360317 0.022470051 0.010559675 0.999686122
1695733786.897000 -0.036324810 0.015756875 1.587327242 -0.004815522 0.023346016 0.011264456 0.999652445
1695733786.998000 -0.037585303 0.021054778 1.594088674 -0.003476831 0.024700440 0.006336560 0.999668837
1695733787.359000 -0.030397968 0.017047985 1.616052747 -0.004182186 0.022173928 0.009227837 0.999702811
1695733787.452000 -0.030639943 0.019536616 1.624740124 -0.003628212 0.019492036 0.014563344 0.999697387
1695733787.554000 -0.034304731 0.016599273 1.648007631 -0.003712341 0.020463459 0.018427217 0.999613881
1695733787.654000 -0.027985109 0.019545017 1.678864717 -0.002282641 0.022649677 0.010445197 0.999686301
1695733787.755000 -0.030715022 0.018798534 1.690601468 -0.002377415 0.024028543 0.011040619 0.999647498
1695733787.858000 -0.031924136 0.020458553 1.701620460 -0.001613824 0.025324620 0.010016924 0.999627829
1695733787.959000 -0.026943760 0.021794690 1.716097713 0.000503885 0.023109360 0.010394900 0.999678791
1695733788.058000 -0.025434610 0.018395182 1.731239438 0.000079543 0.022351300 0.014303996 0.999647856
1695733788.164000 -0.025617955 0.019991007 1.742346644 0.000091854 0.021520376 0.014296959 0.999666214
1695733788.267000 -0.024341378 0.022643486 1.755587339 -0.001632025 0.021895574 0.013895949 0.999662399
1695733788.366000 -0.023271782 0.023324778 1.767034173 -0.003298962 0.020534599 0.013985807 0.999685884
1695733788.466000 -0.023767494 0.022824381 1.781786323 -0.003543212 0.021901466 0.012844869 0.999671340
1695733788.566000 -0.023530154 0.024074767 1.794814825 -0.001507762 0.022548081 0.012379927 0.999668002
1695733788.665000 -0.024799639 0.023221053 1.808322072 -0.001818707 0.024032790 0.013376215 0.999620080
1695733788.762000 -0.023123048 0.023153126 1.819627881 -0.001837308 0.023633378 0.012412842 0.999641955
1695733788.859000 -0.021661604 0.023741424 1.833259821 -0.001728740 0.022873735 0.013425402 0.999646783
1695733788.955000 -0.021613810 0.024503229 1.845941186 -0.002167495 0.018795388 0.014945461 0.999709308
1695733789.055000 -0.023024479 0.024811499 1.859917402 -0.001872237 0.007869133 0.018813495 0.999790311
1695733789.153000 -0.023574771 0.025145542 1.872884750 -0.001468922 0.005850146 0.018006809 0.999819696
1695733789.252000 -0.023325423 0.024787290 1.884870410 -0.001673102 0.005576740 0.015775129 0.999858677
1695733789.348000 -0.023820378 0.025143322 1.898382187 -0.000434049 0.005964591 0.015144303 0.999867499
1695733789.446000 -0.022371402 0.025935374 1.908545256 0.000774724 0.005069981 0.012648907 0.999906898
1695733789.539000 -0.024503283 0.027111325 1.919388652 0.001610841 0.006681034 0.013497921 0.999885321
1695733789.639000 -0.023537643 0.026841188 1.934943795 0.000712344 0.005616229 0.012965937 0.999899924
1695733789.735000 -0.023429912 0.027321635 1.946429968 -0.000822494 0.000604976 0.014853023 0.999889195
1695733789.834000 -0.024169406 0.027448561 1.959103107 -0.001437239 -0.000600124 0.015803952 0.999873936
1695733789.933000 -0.023226766 0.027574869 1.971853971 -0.001245541 -0.000659729 0.013529398 0.999907553
1695733790.030000 -0.022564467 0.027359962 1.984893441 -0.000521193 -0.001644048 0.012723826 0.999917567
1695733790.125000 -0.023647433 0.028340500 1.995993853 0.000499939 -0.001131096 0.012827398 0.999916971
1695733790.226000 -0.022849295 0.029166808 2.007504702 0.000922270 -0.001179616 0.013002477 0.999914348
1695733790.321000 -0.023513921 0.028792324 2.021697044 0.000453585 -0.001648213 0.013244517 0.999910891
1695733790.419000 -0.023301944 0.028923400 2.033444166 -0.001283599 -0.000501822 0.014719702 0.999890745
1695733790.515000 -0.023058871 0.028595956 2.046588898 -0.004193004 0.004312727 0.013466133 0.999891281
1695733790.615000 -0.025283555 0.028320856 2.058234215 -0.005166661 0.006482054 0.013714718 0.999871612
1695733790.713000 -0.022440599 0.029633692 2.069705248 -0.000812110 0.005141795 0.013719557 0.999892354
1695733790.809000 -0.023299206 0.030207444 2.081754684 0.002362581 0.007561614 0.012910894 0.999885321
1695733790.907000 -0.021083660 0.029829564 2.092811584 0.001541230 0.011239386 0.010565542 0.999879897
1695733791.004000 -0.023466930 0.030973021 2.104188442 0.000886618 0.013519115 0.010045163 0.999857783
1695733791.096000 -0.022700101 0.030334514 2.116023540 -0.001385623 0.013327078 0.012015981 0.999838054
1695733791.191000 -0.022715265 0.031412467 2.127223253 -0.001004619 0.015887542 0.009770865 0.999825597
1695733791.289000 -0.020980986 0.030556878 2.137753725 -0.001769938 0.022419674 0.008415015 0.999711692
1695733791.385000 -0.020215414 0.030795339 2.149708271 -0.000220793 0.023852192 0.008174582 0.999682128
1695733791.478000 -0.018994372 0.031117331 2.160531759 0.000909364 0.023914529 0.009219876 0.999671102
1695733791.579000 -0.020174582 0.031349044 2.170752764 0.000605108 0.024593402 0.010873184 0.999638259
1695733791.668000 -0.018875811 0.031003403 2.181100607 0.000017479 0.029482078 0.008888317 0.999525845
1695733791.765000 -0.019249495 0.031392187 2.190225840 -0.000703393 0.032175083 0.008387996 0.999446809
1695733791.859000 -0.017275384 0.031780049 2.203223705 -0.000267858 0.030091483 0.011079716 0.999485731
1695733791.953000 -0.014448601 0.032319047 2.213474989 -0.000531508 0.028972434 0.010938989 0.999520242
1695733792.051000 -0.014800705 0.032979932 2.224864960 0.000306066 0.030190257 0.011127356 0.999482274
1695733792.144000 -0.015301753 0.031747639 2.234736681 -0.000630985 0.030485589 0.011721905 0.999466300
1695733792.237000 -0.014483614 0.032622010 2.244143724 0.000727256 0.030875523 0.011297646 0.999459147
1695733792.334000 -0.012663040 0.032397997 2.254548073 0.002177141 0.029265121 0.011616708 0.999501884
1695733792.427000 -0.013928656 0.032665249 2.266700745 0.002191746 0.031443298 0.010810923 0.999444723
1695733792.526000 -0.013987298 0.032210350 2.275546789 0.000529426 0.031731587 0.011619790 0.999428749
1695733792.615000 -0.011740936 0.032271214 2.288057327 -0.000406584 0.031063540 0.010711406 0.999459922
1695733792.705000 -0.012378297 0.032819774 2.298585892 -0.000596285 0.031351835 0.011376744 0.999443531
1695733792.799000 -0.011610725 0.032530792 2.307603121 -0.002179318 0.031203028 0.012830526 0.999428332
1695733792.895000 -0.007710455 0.033518799 2.321388006 0.000634139 0.028731680 0.013613927 0.999494255
1695733792.988000 -0.010017289 0.033487305 2.331210613 0.002738029 0.030652154 0.014638995 0.999419153
1695733793.081000 -0.009106854 0.034203615 2.342596531 0.005174354 0.031079730 0.012397921 0.999426603
1695733793.179000 -0.009457431 0.033930346 2.352018595 0.004987787 0.030865658 0.013251279 0.999423325
1695733793.271000 -0.009010815 0.034115884 2.362962008 0.004024828 0.031135464 0.012033533 0.999434650
1695733793.364000 -0.009714326 0.033862323 2.372737646 0.002080932 0.031629913 0.012564729 0.999418557
1695733793.460000 -0.009768040 0.033595301 2.381604433 -0.000628820 0.031960301 0.010190173 0.999437034
1695733793.554000 -0.007723822 0.033459175 2.394151449 -0.001151035 0.030517872 0.011242088 0.999470353
1695733793.646000 -0.006136349 0.033177204 2.405725718 -0.001110778 0.030163037 0.011835287 0.999474287
1695733793.739000 -0.006013195 0.033591717 2.415349245 -0.000286556 0.029832568 0.010924468 0.999495208
1695733793.833000 -0.005481184 0.033614986 2.425392389 -0.000250978 0.030339662 0.010259144 0.999486983
1695733793.921000 -0.007948409 0.033567749 2.434392452 -0.000356583 0.032692675 0.010234920 0.999413013
1695733794.018000 -0.007023777 0.033572488 2.445164680 -0.000821094 0.033102363 0.010210130 0.999399543
1695733794.108000 -0.006441015 0.034450211 2.455496788 0.000085191 0.032923091 0.010827699 0.999399245
1695733794.203000 -0.005133365 0.034733575 2.466145515 -0.000722496 0.032878272 0.011147268 0.999396980
1695733794.295000 -0.005659784 0.035233889 2.475975752 -0.000136284 0.033204377 0.012832887 0.999366224
1695733794.390000 -0.004425956 0.034410585 2.486051798 -0.000752877 0.032123305 0.013768059 0.999388814
1695733794.483000 -0.003423902 0.033943869 2.494858742 -0.001774521 0.031727958 0.014628313 0.999387980
1695733794.577000 -0.000980042 0.033090908 2.505490065 -0.002203516 0.029380627 0.015218108 0.999450088
1695733794.666000 -0.003879667 0.033849675 2.515324116 -0.001993454 0.032556657 0.015412235 0.999349058
1695733794.761000 -0.003388014 0.034664899 2.524592400 -0.000953762 0.033039249 0.015232850 0.999337554
1695733794.852000 -0.003794036 0.034707893 2.533766270 -0.001443058 0.033225138 0.016553877 0.999309778
1695733794.942000 -0.001790707 0.035021808 2.544525146 -0.001112854 0.032086633 0.017150097 0.999337375
1695733795.036000 -0.002151798 0.035493396 2.554063797 -0.000760701 0.032652810 0.017360110 0.999315739
1695733795.129000 -0.001794902 0.035558190 2.564158916 -0.000963689 0.032755446 0.017814521 0.999304235
1695733795.220000 0.000679228 0.035979733 2.573302746 -0.000550077 0.031403244 0.018060766 0.999343455
1695733795.310000 0.001348633 0.036342651 2.582840443 -0.000416211 0.030458394 0.018931448 0.999356687
1695733795.733000 0.001806639 0.036228888 2.617114782 -0.006886923 0.031519931 0.017540244 0.999325514
1695733795.824000 0.004039657 0.037609264 2.630838633 -0.007076570 0.031393237 0.018747456 0.999306202
1695733795.916000 0.008679770 0.040122755 2.640949965 -0.002905687 0.026956161 0.019595705 0.999440312
1695733796.009000 0.007162523 0.039276592 2.651431799 -0.000576737 0.017756619 0.025532475 0.999516129
1695733796.101000 0.002529836 0.038116083 2.658771753 0.002268309 -0.000684658 0.028887449 0.999579847
1695733796.192000 -0.001612293 0.035844054 2.665374279 0.002198560 -0.022046726 0.031423241 0.999260604
1695733796.280000 -0.000468240 0.038901400 2.675423622 0.003233471 -0.036183346 0.029773662 0.998896360
1695733796.369000 -0.001161021 0.038959168 2.684828758 0.002662984 -0.037614018 0.024745712 0.998982370
1695733796.460000 -0.001970455 0.038816113 2.693116188 0.001081593 -0.038053181 0.020810803 0.999058485
1695733796.551000 -0.003900572 0.039271906 2.701240540 0.000738832 -0.036423463 0.018567035 0.999163747
1695733796.644000 -0.003609417 0.039100368 2.709095478 0.000049934 -0.038989175 0.018595640 0.999066591
1695733796.733000 -0.005631824 0.039565682 2.719334602 0.001595784 -0.048173580 0.021063710 0.998615623
1695733796.822000 -0.007371343 0.038611900 2.724833012 0.000405540 -0.068744868 0.025940036 0.997296929
1695733796.915000 -0.009633083 0.039688766 2.734314203 0.002112871 -0.088157661 0.027119914 0.995735049
1695733797.023000 -0.011339580 0.040744666 2.741446733 0.003503202 -0.091642328 0.022535382 0.995530844
1695733797.125000 -0.012296928 0.037203547 2.751592875 0.000945410 -0.092596292 0.015722994 0.995579123
1695733797.233000 -0.015067982 0.039823130 2.761461496 0.003211387 -0.093666121 0.013301522 0.995509684
1695733797.319000 -0.019333802 0.039671965 2.768789053 0.002841157 -0.100506090 0.014168187 0.994831502
1695733797.415000 -0.018018479 0.039398063 2.777570486 0.001422950 -0.125553429 0.018243300 0.991918147
1695733797.515000 -0.025462683 0.040703639 2.785835028 0.002360528 -0.144683048 0.022911593 0.989209950
1695733797.605000 -0.027217887 0.039265424 2.792514324 0.000750546 -0.152545959 0.019372270 0.988106251
1695733797.699000 -0.030540157 0.040495083 2.801280260 0.003012088 -0.152870864 0.015431686 0.988121152
1695733797.804000 -0.032811981 0.040000748 2.808916330 0.002993617 -0.153024748 0.012574446 0.988137841
1695733797.891000 -0.036033459 0.040531624 2.816332102 0.003787041 -0.152210832 0.011975445 0.988268316
1695733797.984000 -0.038563032 0.040406145 2.825051785 0.004134526 -0.152663797 0.012235434 0.988193810
1695733798.082000 -0.040470719 0.040287692 2.831936598 0.003711397 -0.155374274 0.013191945 0.987760663
1695733798.173000 -0.045276150 0.040310495 2.841125727 0.004080724 -0.168500438 0.018489907 0.985519707
1695733798.267000 -0.048822850 0.041172706 2.846961260 0.003277649 -0.189710259 0.022174008 0.981584251
1695733798.366000 -0.054949485 0.041910313 2.848625183 0.001896290 -0.196132004 0.021375248 0.980342686
1695733798.463000 -0.054846104 0.042598967 2.862387180 0.004997126 -0.202889159 0.014630749 0.979079664
1695733798.559000 -0.059227623 0.040670663 2.870112419 0.004061851 -0.202619463 0.010629782 0.979191482
1695733798.660000 -0.063158572 0.040864266 2.879125834 0.005015529 -0.208071738 0.009387108 0.978055716
1695733798.758000 -0.066362955 0.040308192 2.884450436 0.003499199 -0.224673316 0.012423375 0.974348664
1695733798.856000 -0.071332432 0.040805891 2.891062021 0.004634401 -0.229925036 0.012750558 0.973113775
1695733798.956000 -0.075428620 0.041332491 2.898816347 0.005782263 -0.230412856 0.010133485 0.973023057
1695733799.054000 -0.078448355 0.040933456 2.905661345 0.005189399 -0.230617866 0.008294693 0.972995222
1695733799.152000 -0.081773549 0.041141298 2.912303686 0.005102903 -0.230139211 0.008129588 0.973110378
1695733799.248000 -0.086188920 0.041279297 2.919303417 0.004745763 -0.229574591 0.010145806 0.973226666
1695733799.351000 -0.088733226 0.041251972 2.926567078 0.005057036 -0.230093867 0.011338512 0.973089278
1695733799.451000 -0.092976801 0.041105870 2.933869123 0.004928074 -0.230116174 0.013137273 0.973062098
1695733799.549000 -0.096922413 0.041422751 2.942229748 0.003926179 -0.239397898 0.017873157 0.970749080
1695733799.649000 -0.101565585 0.041391656 2.948120117 0.002305469 -0.257713735 0.021980597 0.965968549
1695733799.747000 -0.106281370 0.041404635 2.956386089 0.004372620 -0.264276981 0.019016743 0.964249432
1695733799.849000 -0.110090867 0.041260369 2.962442875 0.007820042 -0.262183934 0.026452048 0.964623690
1695733799.960000 -0.111915193 0.041023985 2.965430975 0.010644601 -0.261119485 0.031725314 0.964726329
1695733800.062000 -0.116815805 0.040289596 2.973767519 0.014466887 -0.260442734 0.041060988 0.964507341
1695733800.161000 -0.121649198 0.039938502 2.980567455 0.013789693 -0.269895166 0.043596327 0.961803436
1695733800.265000 -0.127121672 0.039863065 2.986779213 0.003718002 -0.293150008 0.051733386 0.954658568
1695733800.365000 -0.132573262 0.040416166 2.992001534 -0.011486420 -0.313017488 0.048548713 0.948436141
1695733800.469000 -0.140037388 0.041356813 2.998447895 -0.019954097 -0.334565967 0.040902637 0.941272795
1695733800.574000 -0.145852387 0.041177474 3.002330065 -0.022927409 -0.354962140 0.036889959 0.933871210
1695733800.680000 -0.151665568 0.041183390 3.007676125 -0.015465700 -0.361726582 0.031432632 0.931625843
1695733800.788000 -0.159964919 0.042672779 3.008645296 -0.000695409 -0.356548846 0.028016215 0.933856308
1695733800.892000 -0.161395937 0.039422382 3.017071962 0.009581620 -0.364702076 0.019133668 0.930878401
1695733801.150000 -0.168203175 0.039137382 3.023979187 0.017156551 -0.374728888 0.019766288 0.926764965
1695733801.244000 -0.184459567 0.038140282 3.032965183 0.013469378 -0.417878002 0.023297191 0.908104539
1695733801.355000 -0.192731261 0.038082503 3.038323879 0.012145623 -0.439519852 0.023237785 0.897850156
1695733801.468000 -0.198877692 0.037537586 3.040506840 0.009832709 -0.460846007 0.019913258 0.887202263
1695733801.583000 -0.206522822 0.036909815 3.041672230 0.008110752 -0.479895175 0.019091945 0.877080619
1695733801.697000 -0.214596510 0.037295710 3.046271801 0.011304939 -0.501714587 0.017919695 0.864773691
1695733801.814000 -0.222613335 0.037587091 3.050117731 0.012791537 -0.523020804 0.018411545 0.852025032
1695733801.931000 -0.230620623 0.037838362 3.050540447 0.011823401 -0.541514814 0.018441875 0.840405822
1695733802.061000 -0.239416003 0.037004676 3.052251816 0.009190804 -0.560744405 0.017637063 0.827750087
1695733802.175000 -0.247311711 0.037087381 3.052263975 0.005743928 -0.579563141 0.021741685 0.814617097
1695733802.298000 -0.256621957 0.036957137 3.053830624 0.005728726 -0.599219024 0.020337414 0.800306261
1695733802.424000 -0.264247417 0.036032181 3.054534912 0.005573126 -0.606467605 0.016793476 0.794911325
1695733802.549000 -0.272309899 0.035597168 3.057972431 0.006798657 -0.609285653 0.016349087 0.792753160
1695733802.674000 -0.282448888 0.036033232 3.060726166 0.008051256 -0.608701885 0.019360565 0.793121874
1695733802.797000 -0.290563703 0.036126155 3.063479900 0.008683613 -0.608931303 0.019335298 0.792939723
1695733802.923000 -0.297927380 0.035589103 3.063750982 0.004965968 -0.612223208 0.021349227 0.790381193
1695733803.051000 -0.307079554 0.035543956 3.064471722 0.003231679 -0.627320588 0.023261918 0.778406918
1695733803.178000 -0.316504717 0.035973057 3.064468145 0.003734750 -0.645958900 0.025634663 0.762932599
1695733803.311000 -0.325617313 0.035146847 3.063827753 0.003800569 -0.664861977 0.024607286 0.746551216
1695733803.652000 -0.333980083 0.034592919 3.062485456 0.004812218 -0.683456361 0.024316337 0.729570448
1695733803.782000 -0.355803013 0.034460425 3.063230515 0.008687685 -0.691736281 0.019851224 0.721825063
1695733803.919000 -0.364191771 0.033986770 3.063567162 0.007319918 -0.692203879 0.020375747 0.721377254
1695733804.055000 -0.373639345 0.033925328 3.063407183 0.007858475 -0.691461623 0.020604575 0.722076535
1695733804.191000 -0.382985353 0.034153923 3.064852953 0.008849714 -0.692206204 0.021485033 0.721325696
1695733804.328000 -0.391386986 0.033659775 3.064078808 0.008686323 -0.691407859 0.021492530 0.722092628
1695733804.464000 -0.399928808 0.033690579 3.062793255 0.009129739 -0.690215349 0.023700673 0.723158121
1695733804.599000 -0.410313606 0.032769307 3.065132618 0.009105008 -0.692004681 0.023436856 0.721455038
1695733804.736000 -0.421435118 0.032996330 3.065227985 0.010280414 -0.691389978 0.023238791 0.722034812
1695733804.878000 -0.432293892 0.032476410 3.066390038 0.008867644 -0.692251265 0.022807661 0.721241534
1695733805.016000 -0.444322586 0.032005344 3.066940308 0.008302124 -0.692831755 0.023993628 0.720652163
1695733805.151000 -0.456316233 0.032308996 3.066284418 0.009659874 -0.691739082 0.023677330 0.721694648
1695733805.289000 -0.468035460 0.031746361 3.067215443 0.008605016 -0.692656755 0.023064656 0.720847189
1695733805.424000 -0.481816769 0.032150548 3.067125797 0.009031716 -0.691956103 0.022668971 0.721527040
1695733805.560000 -0.496850252 0.031289976 3.070007563 0.009687142 -0.692355573 0.020152349 0.721210003
1695733805.695000 -0.505679369 0.031316984 3.067576408 0.008003849 -0.692020714 0.020642465 0.721538067
1695733805.831000 -0.517003059 0.031328317 3.067615986 0.008794664 -0.692090392 0.021928163 0.721424162
1695733805.967000 -0.531572580 0.029888455 3.069633961 0.009765142 -0.692225456 0.022595322 0.721261501
1695733806.101000 -0.541742802 0.030490138 3.069149017 0.010131471 -0.691985726 0.022450659 0.721490979
1695733806.235000 -0.554381132 0.029528551 3.069653511 0.007243962 -0.692419589 0.021746837 0.721130848
1695733806.370000 -0.559642553 0.029275801 3.066277027 0.005700192 -0.691901684 0.021822862 0.721639395
1695733806.558000 -0.567642927 0.030049819 3.064788818 0.005316713 -0.691289842 0.022199439 0.722216904
1695733806.671000 -0.578756571 0.028143436 3.059587002 0.004710209 -0.690874398 0.023837468 0.722566366
1695733806.802000 -0.594018221 0.027785935 3.067781448 0.007201483 -0.691784799 0.022772104 0.721708715
1695733806.937000 -0.596751690 0.026906256 3.065802097 0.007829222 -0.690136373 0.021447489 0.723319173
1695733807.072000 -0.609317541 0.027193088 3.064634323 0.005901180 -0.691138327 0.022583134 0.722345471
1695733807.220000 -0.621781111 0.029310290 3.074531794 0.006805826 -0.692793250 0.021988429 0.720768809
1695733807.354000 -0.619961739 0.026905097 3.065892696 0.005262512 -0.690969050 0.024503086 0.722449780
1695733807.487000 -0.639818668 0.026275415 3.071360111 0.007522066 -0.691877067 0.024549698 0.721558630
1695733807.622000 -0.639015913 0.025727686 3.069144726 0.007027380 -0.690885365 0.021717852 0.722603917
1695733807.754000 -0.627423286 0.024686586 3.062400103 0.003715700 -0.688983500 0.019213116 0.724512875
1695733807.887000 -0.657753229 0.026043553 3.080411911 0.004143369 -0.693883002 0.022251798 0.719731927
1695733808.020000 -0.655624628 0.023207393 3.076955080 0.003111529 -0.694344699 0.023091719 0.719265342
1695733808.153000 -0.661226034 0.022752039 3.073429108 0.005628152 -0.692043185 0.020932613 0.721530616
1695733808.286000 -0.708153009 0.025759652 3.074803352 0.006078339 -0.692494154 0.024546361 0.720980108
1695733808.418000 -0.722502232 0.027867749 3.069077492 0.006853742 -0.690277934 0.025734847 0.723054051
1695733808.549000 -0.694636345 0.024308566 3.087690353 0.007685828 -0.692639709 0.020134287 0.720961690
1695733808.683000 -0.742835283 0.025150057 3.079985619 0.006053018 -0.693624735 0.024514874 0.719893932
1695733808.818000 -0.760657549 0.025368914 3.078495741 0.003056279 -0.695738971 0.024825579 0.717859149
1695733808.949000 -0.787126780 0.026547577 3.073167324 0.003660852 -0.695647955 0.025811281 0.717909753
1695733809.083000 -0.783028126 0.024101216 3.077311993 0.003646043 -0.695201457 0.024233885 0.718397081
1695733809.216000 -0.798497677 0.025932238 3.074726820 0.004066679 -0.697554052 0.028978439 0.715934396
1695733809.346000 -0.806365967 0.024775639 3.075938702 0.002996269 -0.704666972 0.027821137 0.708986342
1695733809.480000 -0.818816662 0.022551250 3.076570034 0.002741879 -0.706745446 0.024437245 0.707040429
1695733809.613000 -0.830894947 0.022624247 3.078799486 0.005311260 -0.707104504 0.022560485 0.706729174
1695733809.745000 -0.839881897 0.022923306 3.077905178 0.005856552 -0.707756281 0.024050394 0.706022918
1695733809.881000 -0.855944633 0.022754304 3.078043938 0.005576491 -0.710829556 0.025628349 0.702875197
1695733810.015000 -0.861539602 0.022274889 3.079764366 0.006306206 -0.718334198 0.026442064 0.695167005
1695733810.150000 -0.871603012 0.021788955 3.082854271 0.007836335 -0.719523728 0.023556951 0.694024026
1695733810.282000 -0.891688108 0.019413318 3.077918291 0.005837056 -0.719429374 0.024799384 0.694098175
1695733810.416000 -0.900501490 0.017651200 3.078672171 0.005872631 -0.719761848 0.024569103 0.693761289
1695733810.548000 -0.906261444 0.017775651 3.082320929 0.003708041 -0.720378518 0.022890991 0.693193436
1695733810.682000 -0.922946930 0.019842729 3.083433628 0.003406978 -0.720645010 0.023656104 0.692892253
1695733810.816000 -0.930022478 0.015342869 3.080336094 0.002341297 -0.719749272 0.023082644 0.693846405
1695733810.949000 -0.943970919 0.017321777 3.080595970 0.003963956 -0.720003366 0.025894763 0.693476021
1695733811.083000 -0.946768761 0.018422451 3.082388639 0.003987248 -0.720808327 0.024785277 0.692679763
1695733811.217000 -0.967859745 0.016597491 3.074562550 0.004023637 -0.719774663 0.025183966 0.693739176
1695733811.348000 -0.975123644 0.016852390 3.075286865 0.004289636 -0.719845176 0.024959076 0.693672538
1695733811.481000 -0.989947081 0.017882127 3.077870846 0.005814720 -0.719968975 0.025587607 0.693510115
1695733811.613000 -1.000833035 0.017215684 3.074032307 0.005240409 -0.719914138 0.026454659 0.693539023
1695733811.752000 -1.011325836 0.015682932 3.073009491 0.002597935 -0.720552325 0.025151184 0.692939401
1695733811.884000 -1.021077871 0.017885208 3.069354296 0.000749046 -0.728102326 0.026241360 0.684965611
1695733812.017000 -1.030160904 0.015421435 3.075183153 0.002325958 -0.732296050 0.024577962 0.680538774
1695733812.154000 -1.043989182 0.017276332 3.068754435 0.005572348 -0.731788814 0.026196156 0.681005001
1695733812.404000 -1.055574656 0.017547041 3.075429916 0.008555954 -0.732903302 0.025913298 0.679785371
1695733812.518000 -1.072375059 0.011047706 3.068720818 0.010026230 -0.732023954 0.021702914 0.680859387
1695733812.654000 -1.084403276 0.015567482 3.069358349 0.011242336 -0.733334124 0.021825457 0.679425001
1695733812.786000 -1.095376730 0.015113540 3.067592859 0.011185615 -0.733300984 0.021604706 0.679468751
1695733812.920000 -1.104297638 0.014344744 3.061816216 0.009588172 -0.732097030 0.022385377 0.680764973
1695733813.051000 -1.122442722 0.013742030 3.067390442 0.008359460 -0.732981682 0.022690311 0.679818451
1695733813.184000 -1.134410143 0.014964160 3.064839840 0.005329106 -0.732663810 0.022664785 0.680192351
1695733813.319000 -1.146366119 0.015595034 3.064519882 0.005159151 -0.732713759 0.022340545 0.680150688
1695733813.452000 -1.155700207 0.014108147 3.063216448 0.006019291 -0.732968092 0.023717856 0.679822862
1695733813.582000 -1.170018911 0.013144903 3.061231375 0.009733075 -0.732445419 0.027905477 0.680184066
1695733813.715000 -1.183329821 0.013976537 3.056760311 0.009955320 -0.731639028 0.030222332 0.680949271
1695733813.846000 -1.198823929 0.012391642 3.060565948 0.007646370 -0.732958674 0.025265653 0.679760814
1695733813.976000 -1.212201834 0.013358511 3.063836336 0.008421727 -0.733982384 0.022977699 0.678727508
1695733814.111000 -1.223098993 0.011247270 3.058158875 0.009879774 -0.733081937 0.024894292 0.679612935
1695733814.244000 -1.232347012 0.010246530 3.062193394 0.011111086 -0.734098017 0.022998782 0.678563058
1695733814.409000 -1.250399351 0.011851542 3.055529594 0.008902179 -0.733028233 0.020813966 0.679821432
1695733814.539000 -1.264795303 0.011567768 3.053332806 0.004506954 -0.732740223 0.017629558 0.680265188
1695733814.669000 -1.272950888 0.011465628 3.054171562 0.003019473 -0.733509600 0.013425186 0.679539800
1695733814.799000 -1.286676407 0.010575093 3.052488327 0.004501864 -0.733649731 0.015831253 0.679328501
1695733814.927000 -1.302532911 0.008934513 3.051449299 0.010026393 -0.733608246 0.021034390 0.679172993
1695733815.061000 -1.314146757 0.009753130 3.051500559 0.013133596 -0.733546555 0.023338558 0.679111421
1695733815.191000 -1.324905396 0.008627601 3.047667503 0.010402662 -0.733120561 0.022692546 0.679640412
1695733815.321000 -1.339569807 0.009882808 3.051110029 0.010202860 -0.734012604 0.020096567 0.678761840
1695733815.450000 -1.352179527 0.006868638 3.049341202 0.007616397 -0.733978570 0.019289153 0.678855956
1695733815.577000 -1.361670971 0.007725991 3.049266338 0.008533685 -0.734131277 0.020394061 0.678647637
1695733815.705000 -1.376854181 0.008821025 3.054454803 0.010796392 -0.735420704 0.020861926 0.677203536
1695733815.837000 -1.384625793 0.007430777 3.048314810 0.010425172 -0.730381727 0.020814499 0.682642400
1695733815.969000 -1.401996493 0.008254744 3.048178673 0.011161818 -0.728977144 0.020387955 0.684143305
1695733816.096000 -1.413513422 0.005580187 3.049493313 0.009432367 -0.729173899 0.020028759 0.683970332
1695733816.226000 -1.426063180 0.007040739 3.047254324 0.009612358 -0.728605449 0.020921070 0.684546709
1695733816.356000 -1.434377313 0.007079080 3.048187494 0.009101016 -0.729968786 0.022417929 0.683052123
1695733816.484000 -1.450965881 0.005790502 3.045120955 0.011022913 -0.728684902 0.022374865 0.684394777
1695733816.613000 -1.464630127 0.005551368 3.044759989 0.012148739 -0.728909671 0.021590726 0.684161484
1695733816.740000 -1.477318645 0.005600192 3.045177937 0.011628364 -0.729215086 0.019050810 0.683920562
1695733816.868000 -1.492929220 0.005121365 3.043489695 0.010918813 -0.727913678 0.016814942 0.685375631
1695733816.997000 -1.501306534 0.005282238 3.043553114 0.012097377 -0.723709524 0.015276873 0.689829648
1695733817.121000 -1.514019132 0.004957959 3.041972637 0.013343628 -0.722928405 0.018196577 0.690554440
1695733817.247000 -1.527466774 0.003431998 3.043019533 0.014032272 -0.723501503 0.020972073 0.689861596
1695733817.372000 -1.538958430 0.003756769 3.042361975 0.012234532 -0.723709106 0.021887437 0.689649522
1695733817.495000 -1.551027417 0.001749992 3.040362835 0.011069046 -0.723481655 0.020053780 0.689963579
1695733817.622000 -1.563492656 0.000905618 3.039726496 0.009841732 -0.723859608 0.018101128 0.689639628
1695733818.044000 -1.576445818 0.002766818 3.039673328 0.011392405 -0.723673403 0.017198054 0.689834237
1695733818.165000 -1.618974805 0.001361914 3.039100170 0.012511040 -0.718768060 0.018631339 0.694887578
1695733818.291000 -1.633266687 0.000306711 3.037094593 0.012202511 -0.716705143 0.018427385 0.697026014
1695733818.413000 -1.645318151 -0.001608245 3.032732487 0.011069894 -0.711818397 0.018259326 0.702038944
1695733818.533000 -1.651980877 0.000830181 3.038548708 0.012556503 -0.713255584 0.017935166 0.700562000
1695733818.651000 -1.664644599 -0.001359895 3.039981365 0.012386880 -0.711276889 0.015860721 0.702623785
1695733818.770000 -1.673381209 -0.003056347 3.038603306 0.013627080 -0.695418954 0.013950784 0.718339920
1695733818.884000 -1.687160611 0.000640385 3.042572737 0.019533915 -0.669954419 0.010941970 0.742064655
1695733818.997000 -1.698211312 0.000709578 3.046575546 0.017663129 -0.660244584 0.013648873 0.750718832
1695733819.106000 -1.707557678 0.000144601 3.047595501 0.013351468 -0.658901095 0.017675499 0.751903415
1695733819.217000 -1.719008684 -0.000538103 3.049190998 0.011028753 -0.657769918 0.018748820 0.752904773
1695733819.331000 -1.728780985 -0.000412315 3.049887419 0.009674000 -0.658884466 0.019626891 0.751925886
1695733819.443000 -1.737964153 -0.000571840 3.050966740 0.007261372 -0.670083582 0.021686986 0.741933286
1695733819.556000 -1.750850916 -0.000878505 3.049679756 0.006647142 -0.682552814 0.025631648 0.730356395
1695733819.671000 -1.760692716 -0.001320615 3.049676180 0.011880960 -0.684233010 0.023673877 0.728782356
1695733819.999000 -1.770310402 -0.002070412 3.050089836 0.015447822 -0.684135556 0.022027509 0.728858531
1695733820.120000 -1.801554203 -0.002719626 3.052364349 0.007903960 -0.684093118 0.019598683 0.729088485
1695733820.233000 -1.812118411 -0.002850100 3.053604126 0.007535128 -0.684364140 0.022031620 0.728768528
1695733820.347000 -1.822561026 -0.003085501 3.054611683 0.010651736 -0.684529543 0.023889724 0.728515744
1695733820.461000 -1.830881357 -0.003537841 3.053632259 0.010949448 -0.684031665 0.024070742 0.728972912
1695733820.576000 -1.842073321 -0.004268646 3.054943085 0.010257667 -0.684053123 0.021302085 0.729049027
1695733820.685000 -1.851462364 -0.004340924 3.056748629 0.011040021 -0.685000002 0.021384263 0.728145540
1695733820.799000 -1.862412453 -0.005105466 3.057649612 0.012118505 -0.685305774 0.022241600 0.727814853
1695733820.916000 -1.874461412 -0.005162992 3.056784153 0.012556228 -0.683919787 0.022117138 0.729113817
1695733821.028000 -1.885471821 -0.004918218 3.057441711 0.010676806 -0.684078157 0.022433363 0.728985608
1695733821.140000 -1.895999670 -0.004854411 3.057363510 0.011399172 -0.683318913 0.020610122 0.729740083
1695733821.251000 -1.907451272 -0.006137036 3.058360815 0.009967327 -0.685870707 0.019192414 0.727401972
1695733821.364000 -1.918124080 -0.007018805 3.058341503 0.005464566 -0.700141072 0.023389108 0.713600516
1695733821.479000 -1.928338408 -0.006802730 3.057149649 0.005528137 -0.709021211 0.027606696 0.704624951
1695733821.593000 -1.938619137 -0.007326685 3.056463718 0.007945466 -0.709794104 0.026718134 0.703857481
1695733821.709000 -1.949824333 -0.006821819 3.056632519 0.007170129 -0.709954381 0.023751181 0.703810573
1695733821.828000 -1.961201072 -0.007133849 3.057617664 0.004933617 -0.710917890 0.017391611 0.703042686
1695733821.945000 -1.970184445 -0.006871887 3.055831909 0.005576983 -0.710014462 0.013732834 0.704031110
1695733822.060000 -1.981555223 -0.007558256 3.056104183 0.013863990 -0.709741533 0.016839506 0.704124391
1695733822.173000 -1.990800977 -0.007749908 3.056237698 0.017378880 -0.709815085 0.019736500 0.703897119
1695733822.288000 -2.001246929 -0.008325636 3.055510521 0.016790317 -0.710058928 0.021788232 0.703604817
1695733822.408000 -2.013860941 -0.008764781 3.055963039 0.014958219 -0.709733546 0.019795150 0.704033256
1695733822.519000 -2.023913383 -0.009222917 3.055723906 0.010821545 -0.709508538 0.019489044 0.704344273
1695733822.635000 -2.034937382 -0.009061486 3.056059122 0.010947431 -0.709491074 0.022224911 0.704278827
1695733822.748000 -2.046048403 -0.009960666 3.055756807 0.012086598 -0.709516823 0.027283756 0.704056382
1695733822.859000 -2.056701183 -0.010007337 3.056172848 0.014794980 -0.705698431 0.030229375 0.707712531
1695733822.973000 -2.066679478 -0.010607764 3.056600571 0.014551989 -0.702855885 0.030624695 0.710523844
1695733823.084000 -2.076849937 -0.011379696 3.056607246 0.012586573 -0.702197134 0.027067767 0.711356521
1695733823.194000 -2.084704399 -0.011232108 3.057509184 0.007174172 -0.703216791 0.023241518 0.710559309
1695733823.307000 -2.094261646 -0.011381585 3.057338238 0.000956070 -0.703120053 0.017438756 0.710856736
1695733823.421000 -2.104284763 -0.011259202 3.057297468 0.001505677 -0.702437282 0.013331014 0.711619198
1695733823.531000 -2.115126610 -0.011412546 3.056974649 0.005697245 -0.703048885 0.014688682 0.710967004
1695733823.644000 -2.125015259 -0.012693226 3.057484627 0.010622620 -0.703409076 0.017746259 0.710484326
1695733823.754000 -2.135200977 -0.012797423 3.057095289 0.014331090 -0.704222739 0.022684814 0.709472001
1695733823.864000 -2.145096064 -0.013555743 3.057206154 0.013531992 -0.704586864 0.023801880 0.709089398
1695733823.977000 -2.156804323 -0.014205016 3.056049585 0.008519048 -0.705061376 0.024372889 0.708676159
1695733824.090000 -2.166447878 -0.013542354 3.058225393 0.008850145 -0.704512656 0.020000881 0.709354341
1695733824.198000 -2.175618887 -0.013368450 3.057954788 0.008389499 -0.704242468 0.019456331 0.709643245
1695733824.312000 -2.186577082 -0.014842518 3.056318045 0.010172596 -0.703982055 0.019552337 0.709875762
1695733824.421000 -2.197988510 -0.014892973 3.057158947 0.011121931 -0.703757584 0.021630686 0.710023761
1695733824.533000 -2.205994129 -0.014689155 3.058068037 0.009739237 -0.703759432 0.022494284 0.710015416
1695733824.643000 -2.216751337 -0.015432589 3.057407379 0.008285361 -0.703949988 0.023640452 0.709807634
1695733824.752000 -2.223528385 -0.015925609 3.058044434 0.005530873 -0.704324007 0.023822878 0.709457278
1695733824.863000 -2.217832327 -0.014556587 3.063199759 0.008618190 -0.702483356 0.015310239 0.711483300
1695733824.973000 -2.234564781 -0.017931700 3.058600664 0.011729350 -0.701428413 0.017674383 0.712424278
1695733825.079000 -2.251674175 -0.017276183 3.057856560 0.007685995 -0.704499960 0.023208352 0.709282815
1695733825.192000 -2.259683132 -0.016966023 3.058512211 0.006278492 -0.705694854 0.023175810 0.708109021
1695733825.300000 -2.267534494 -0.016813375 3.059128761 0.006465347 -0.705398142 0.021510120 0.708455384
1695733825.408000 -2.278912544 -0.017872684 3.058123112 0.007846172 -0.704570234 0.021092104 0.709277332
1695733825.517000 -2.286640882 -0.018457517 3.057529449 0.008574849 -0.704273403 0.020643700 0.709576905
1695733825.625000 -2.293960094 -0.018323921 3.057777643 0.009184957 -0.703765869 0.021353954 0.710051596
1695733825.734000 -2.306156158 -0.018388323 3.058071613 0.009124584 -0.704122543 0.020532323 0.709722936
1695733825.843000 -2.314185143 -0.018895470 3.056994438 0.008511972 -0.704097211 0.019762442 0.709777534
1695733825.950000 -2.322693586 -0.018680573 3.057914257 0.010664383 -0.703895986 0.018295180 0.709987402
1695733826.059000 -2.332265377 -0.019116573 3.057527065 0.010706025 -0.703673542 0.018346962 0.710205853
1695733826.169000 -2.340417862 -0.019066930 3.057148457 0.010244326 -0.703400433 0.019680809 0.710447431
1695733826.276000 -2.347490549 -0.019586064 3.057196617 0.010718710 -0.703050196 0.019136339 0.710801959
1695733826.382000 -2.358789921 -0.019976459 3.057702303 0.010547482 -0.703814149 0.019473730 0.710038841
1695733826.490000 -2.365706921 -0.019994892 3.058042526 0.010811043 -0.703747213 0.019362763 0.710104346
1695733826.607000 -2.374960184 -0.020365581 3.057805061 0.010949895 -0.703780591 0.019704020 0.710059762
1695733826.708000 -2.383374691 -0.021125495 3.057623148 0.008267123 -0.704328179 0.020020623 0.709544003
1695733826.818000 -2.393501282 -0.021103568 3.058083296 0.010084461 -0.704195440 0.020006245 0.709652722
1695733826.927000 -2.401894093 -0.021840207 3.058313608 0.006966163 -0.705198467 0.020906873 0.708667517
1695733827.038000 -2.410066128 -0.021759063 3.058090687 0.006595953 -0.705573261 0.021467740 0.708281040
1695733827.162000 -2.417654753 -0.021426365 3.057593584 0.009206620 -0.704406440 0.021227555 0.709419668
1695733827.297000 -2.430472374 -0.022273988 3.057286978 0.010792073 -0.703590214 0.020159058 0.710237920
1695733827.410000 -2.441625118 -0.022637337 3.058537722 0.009870875 -0.704310894 0.020252669 0.709534049
1695733827.518000 -2.448461533 -0.023172021 3.056740522 0.009736948 -0.703335166 0.019444421 0.710525692
1695733827.626000 -2.455558538 -0.023670904 3.056983232 0.008101779 -0.704593539 0.020137383 0.709279120
1695733827.729000 -2.466603518 -0.023382612 3.057236195 0.009265953 -0.704431653 0.021028979 0.709399760
1695733827.839000 -2.474864006 -0.023786724 3.057232141 0.008876530 -0.704734266 0.021210412 0.709098756
1695733827.958000 -2.482888937 -0.023494624 3.056459188 0.008708274 -0.704145253 0.021144448 0.709687650
1695733828.060000 -2.493252039 -0.023426831 3.056780338 0.008123502 -0.704587340 0.020229293 0.709282339
1695733828.168000 -2.500595570 -0.023583792 3.057512522 0.006588166 -0.704488993 0.017641017 0.709465146
1695733828.274000 -2.509852409 -0.023160957 3.057210207 0.005975047 -0.704981625 0.019064300 0.708944201
1695733828.377000 -2.515163422 -0.023706108 3.055519104 0.005865489 -0.703772783 0.017716710 0.710180044
1695733828.480000 -2.527537823 -0.024119638 3.056411743 0.008592739 -0.704189956 0.019865766 0.709681630
1695733828.586000 -2.536919117 -0.025052957 3.057948589 0.009877644 -0.705011725 0.021733163 0.708793819
1695733828.689000 -2.539772749 -0.024653427 3.056702614 0.007977854 -0.704481244 0.022744277 0.709313214
1695733828.795000 -2.553578377 -0.024368882 3.056202173 0.008121212 -0.704111516 0.021970753 0.709702969
1695733828.897000 -2.560756445 -0.024616592 3.055771589 0.007069473 -0.703885198 0.020524915 0.709982038
1695733829.003000 -2.569170237 -0.025505073 3.056497335 0.006839003 -0.704274654 0.020029699 0.709612131
1695733829.108000 -2.579991341 -0.024589680 3.056443453 0.007598464 -0.704435885 0.021017371 0.709415674
1695733829.214000 -2.586828232 -0.024680436 3.056182623 0.009409660 -0.704867840 0.021679316 0.708944917
1695733829.318000 -2.593284130 -0.025126249 3.056823730 0.009652410 -0.704555094 0.023477271 0.709195197
1695733829.420000 -2.603232622 -0.025271378 3.056730747 0.008747867 -0.704741120 0.023998080 0.709004641
1695733829.524000 -2.611744165 -0.025710240 3.057593822 0.008729552 -0.705287993 0.024997624 0.708426297
1695733829.628000 -2.622874022 -0.025941975 3.055861473 0.008453403 -0.704367399 0.025587520 0.709323883
1695733829.731000 -2.630592823 -0.026551135 3.056318283 0.008183561 -0.704689085 0.024035357 0.709061801
1695733829.836000 -2.638239622 -0.027170733 3.056190968 0.006979007 -0.704675972 0.021895997 0.709157050
1695733829.973000 -2.646022320 -0.026433475 3.054939508 0.005117618 -0.704574347 0.022780275 0.709245980
1695733830.074000 -2.654875994 -0.026880048 3.055228949 0.005069372 -0.704605520 0.022348208 0.709229112
1695733830.178000 -2.661156654 -0.027516522 3.054721594 0.004191051 -0.704550266 0.024452524 0.709220290
1695733830.284000 -2.670536041 -0.027350426 3.055259705 0.007048164 -0.704863250 0.027461985 0.708776474
1695733830.389000 -2.682008028 -0.027973875 3.054669857 0.008468256 -0.705134451 0.029554600 0.708406866
1695733830.495000 -2.690063715 -0.028273471 3.054422855 0.008601286 -0.705295444 0.029523229 0.708246350
1695733830.611000 -2.697194338 -0.027960584 3.054704428 0.007752601 -0.705547154 0.029254198 0.708016574
1695733830.724000 -2.710381746 -0.028674431 3.053326368 0.005750246 -0.704815328 0.026462680 0.708873868
1695733830.825000 -2.718225956 -0.028690808 3.053734779 0.004335382 -0.705312729 0.024482999 0.708460152
1695733830.928000 -2.725546837 -0.028917819 3.053381443 0.003027742 -0.704031229 0.021352539 0.709841490
1695733831.031000 -2.734061718 -0.028996751 3.053582191 0.000985691 -0.705024540 0.022715211 0.708818376
1695733831.133000 -2.741895437 -0.029639520 3.055207968 0.002766211 -0.705732107 0.023396136 0.708086967
1695733831.236000 -2.748190641 -0.029583715 3.056785107 0.005923740 -0.706517398 0.024263751 0.707254827
1695733831.336000 -2.753590822 -0.030073293 3.059011698 0.007909477 -0.706808567 0.024516609 0.706935704
1695733831.439000 -2.766483307 -0.030696340 3.055303574 0.005793329 -0.705435634 0.026922246 0.708238840
1695733831.543000 -2.776424170 -0.030905418 3.053090334 0.007273850 -0.704212487 0.026601210 0.709453523
1695733831.648000 -2.783835411 -0.031056121 3.053976059 0.005574407 -0.704859853 0.025086727 0.708881021
1695733831.750000 -2.796793699 -0.031117328 3.052598238 0.003596379 -0.705445468 0.025919408 0.708280981
1695733831.851000 -2.804344416 -0.031828739 3.053632736 0.004286462 -0.705168068 0.024494018 0.708604038
1695733831.954000 -2.798607111 -0.032193214 3.059272766 0.008022600 -0.704149544 0.018569931 0.709763527
1695733832.067000 -2.804545641 -0.032031462 3.060903311 0.007558623 -0.705821335 0.022601012 0.707988918
1695733832.184000 -2.815026760 -0.032928221 3.060874939 0.011143561 -0.705578685 0.024745258 0.708111823
1695733832.288000 -2.822224617 -0.032547772 3.061088085 0.013460179 -0.704502940 0.023144081 0.709195971
1695733832.389000 -2.837271929 -0.033445314 3.060073614 0.008392151 -0.706473768 0.024138773 0.707277775
1695733832.490000 -2.844857216 -0.033712842 3.059376955 0.007798433 -0.705885351 0.020117098 0.707997561
1695733832.591000 -2.853549480 -0.033920608 3.060266495 0.004428304 -0.707706392 0.018436240 0.706252217
1695733832.689000 -2.865946054 -0.033272974 3.058895111 0.004452396 -0.706331968 0.018699398 0.707619727
1695733832.790000 -2.876098871 -0.034021109 3.059115887 0.004996330 -0.706697762 0.019515829 0.707228720
1695733832.894000 -2.883369207 -0.034218602 3.058734179 0.004571120 -0.706491947 0.019799804 0.707429349
1695733832.997000 -2.895121574 -0.033357114 3.059415102 0.004843581 -0.706959009 0.017757099 0.707014978
1695733833.097000 -2.904344797 -0.033946693 3.059901237 0.002097071 -0.708029926 0.018408434 0.705939412
1695733833.195000 -2.911064863 -0.034239136 3.059983015 0.003149820 -0.707971752 0.019664047 0.705959916
1695733833.296000 -2.919443130 -0.033909880 3.058466434 0.008284043 -0.706592441 0.023641007 0.707177281
1695733833.399000 -2.932170391 -0.035036713 3.059169292 0.012293500 -0.706701994 0.027188383 0.706881881
1695733833.499000 -2.940824747 -0.035496473 3.059644222 0.012049577 -0.707239866 0.026596751 0.706370473
1695733833.602000 -2.949281693 -0.035048798 3.058665514 0.007566596 -0.707102954 0.023391787 0.706683159
1695733833.698000 -2.955237627 -0.035495821 3.058366776 0.002704610 -0.707201123 0.018801974 0.706757307
1695733833.798000 -2.968711615 -0.035394199 3.059238672 0.002166469 -0.708213806 0.018382300 0.705755413
1695733833.897000 -2.975263834 -0.035282873 3.058781385 0.003191958 -0.707664788 0.016994564 0.706336796
1695733833.997000 -2.982320070 -0.035527639 3.059042454 0.002926416 -0.708367944 0.017120132 0.705629647
1695733834.098000 -2.995026112 -0.035506375 3.058220148 0.003715382 -0.707704127 0.018092256 0.706267476
1695733834.197000 -3.001968622 -0.035677373 3.058106899 0.006256104 -0.708009779 0.020249013 0.705884576
1695733834.294000 -3.009845257 -0.036174402 3.057640076 0.008281836 -0.707137048 0.021045348 0.706714809
1695733834.420000 -3.020968676 -0.036799505 3.057574987 0.008168502 -0.707504332 0.022710249 0.706296802
1695733834.521000 -3.030052900 -0.037137851 3.057227373 0.007323508 -0.707340002 0.021899562 0.706496298
1695733834.621000 -3.036788225 -0.037584640 3.056389809 0.005294092 -0.707086086 0.021064168 0.706793904
1695733834.716000 -3.045187473 -0.037571862 3.056621790 0.005586736 -0.707640111 0.020674516 0.706248462
1695733834.813000 -3.056305647 -0.036784619 3.057120800 0.007084855 -0.707529962 0.022025028 0.706304610
1695733835.119000 -3.071838379 -0.037948050 3.057550430 0.008851807 -0.706867516 0.019993318 0.707007945
1695733835.218000 -3.087238550 -0.037870847 3.057081223 0.009708081 -0.706419885 0.021716066 0.707393289
1695733835.313000 -3.097835064 -0.037799023 3.055934191 0.007230568 -0.707357287 0.023412669 0.706431389
1695733835.411000 -3.108338118 -0.038279891 3.056929827 0.007459686 -0.707825243 0.022426281 0.705992103
1695733835.510000 -3.114573717 -0.039265528 3.058478594 0.009420417 -0.708000541 0.019576814 0.705877721
1695733835.610000 -3.121885538 -0.038085192 3.059077263 0.005923309 -0.714246035 0.023969850 0.699459076
1695733835.705000 -3.133421183 -0.039389007 3.054330349 0.002875420 -0.726622880 0.026522433 0.686518371
1695733835.804000 -3.140041351 -0.039796904 3.052694082 0.001232423 -0.737544417 0.026553407 0.674775362
1695733835.901000 -3.143280506 -0.039978892 3.054549217 0.007584340 -0.738440990 0.020510964 0.673963487
1695733835.999000 -3.158185720 -0.040321566 3.050453901 0.007913274 -0.740149140 0.022667648 0.672013998
1695733836.100000 -3.165384293 -0.040120050 3.050004959 0.010166453 -0.740385234 0.021617891 0.671758235
1695733836.385000 -3.172986269 -0.040973015 3.050008774 0.011676886 -0.740963161 0.019800395 0.671152234
1695733836.490000 -3.195432901 -0.043284498 3.047032833 0.011014204 -0.740288317 0.019312913 0.671921909
1695733836.590000 -3.205494642 -0.041636854 3.044692993 0.011047642 -0.746858716 0.027181109 0.664335251
1695733836.690000 -3.208619595 -0.043816969 3.044487238 0.014556817 -0.750879467 0.024668740 0.659817994
1695733836.786000 -3.215929747 -0.044758320 3.045641899 0.018197116 -0.751223147 0.020846544 0.659468055
1695733836.881000 -3.222237110 -0.044181257 3.045087099 0.018033771 -0.751389742 0.017586958 0.659377754
1695733836.979000 -3.228737593 -0.044930972 3.044016361 0.017353546 -0.751487374 0.012196622 0.659406543
1695733837.076000 -3.235503435 -0.045516163 3.044751883 0.014189250 -0.755396128 0.009638635 0.655043960
1695733837.176000 -3.247660398 -0.043043256 3.041441441 0.009570021 -0.756896377 0.016173782 0.653264582
1695733837.272000 -3.252670527 -0.044107750 3.041683912 0.013781592 -0.755723715 0.012513225 0.654626071
1695733837.374000 -3.260135412 -0.042639129 3.041632175 0.012032005 -0.758005977 0.017807527 0.651893497
1695733837.471000 -3.262754679 -0.043628395 3.043926477 0.009591174 -0.766716778 0.017550081 0.641673982
1695733837.571000 -3.276284933 -0.044183493 3.035172224 0.004368112 -0.777683139 0.023784082 0.628191233
1695733837.670000 -3.292362452 -0.046623997 3.023003817 0.003854848 -0.778205693 0.026962180 0.627418637
1695733837.774000 -3.294007778 -0.045854218 3.026473522 0.006281804 -0.780165136 0.023207294 0.625111580
1695733837.873000 -3.298453093 -0.045683987 3.029715061 0.011123453 -0.780601382 0.016910844 0.624701381
1695733837.976000 -3.305958748 -0.046952449 3.029923916 0.012462394 -0.781318665 0.014475041 0.623839974
1695733838.076000 -3.310897589 -0.047163211 3.027454376 0.013313076 -0.780745685 0.011622353 0.624599099
1695733838.177000 -3.316896439 -0.047853701 3.026983261 0.014412344 -0.780347347 0.009075467 0.625114441
1695733838.280000 -3.327914238 -0.047387950 3.024055243 0.013539327 -0.783109248 0.012488971 0.621611416
1695733838.380000 -3.333037376 -0.046932936 3.024667263 0.012594644 -0.787594378 0.014958265 0.615883768
1695733838.482000 -3.339681149 -0.047126025 3.022816896 0.013919812 -0.788468480 0.014417524 0.614748597
1695733838.582000 -3.346249104 -0.047247201 3.017234325 0.016359545 -0.786452889 0.012267405 0.617311835
1695733838.682000 -3.355899334 -0.048012562 3.015771151 0.018091084 -0.787068665 0.010021943 0.616518617
1695733838.784000 -3.359951496 -0.048371211 3.013897896 0.017616224 -0.786525011 0.007499107 0.617261589
1695733838.889000 -3.369249821 -0.047791570 3.013748646 0.017221475 -0.787277639 0.007492453 0.616312563
1695733838.989000 -3.378812790 -0.048175909 3.011175394 0.016428817 -0.787383497 0.007397729 0.616200268
1695733839.088000 -3.384749651 -0.048423298 3.008354902 0.015626341 -0.786909699 0.007571815 0.616823852
1695733839.188000 -3.391479969 -0.049256027 3.006939411 0.016825870 -0.786939323 0.007710388 0.616752803
1695733839.291000 -3.400429249 -0.048810504 3.003459930 0.017228220 -0.786172628 0.010707062 0.617673993
1695733839.389000 -3.404656887 -0.050819501 3.003652096 0.019282229 -0.782699704 0.007789954 0.622052073
1695733839.489000 -3.412720203 -0.049220510 3.002398491 0.019997576 -0.780203164 0.009397731 0.625135839
1695733839.593000 -3.420120239 -0.049874038 3.000670671 0.018308686 -0.779912055 0.009812458 0.625544429
1695733839.694000 -3.424579144 -0.049201928 2.999760389 0.016890526 -0.779225409 0.009752088 0.626440287
1695733839.795000 -3.433226585 -0.049998283 2.998245716 0.017299183 -0.777062833 0.010091961 0.629104376
1695733839.893000 -3.439905882 -0.050430983 2.998362541 0.019382687 -0.767974317 0.008425002 0.640131831
1695733839.989000 -3.447046518 -0.051124424 2.998969793 0.021518294 -0.753426433 0.007365650 0.657138824
1695733840.081000 -3.450786591 -0.049823575 3.001417637 0.022346180 -0.739700854 0.006949991 0.672528923
1695733840.174000 -3.459026337 -0.052590899 2.999578714 0.020337651 -0.727910042 0.005893294 0.685345650
1695733840.265000 -3.465566635 -0.050673701 2.999874353 0.016169474 -0.727517903 0.011883264 0.685795188
1695733840.355000 -3.472705603 -0.050390303 2.998515606 0.013237724 -0.727321029 0.015499879 0.685994625
1695733840.476000 -3.478167772 -0.050361693 3.000463009 0.011249144 -0.728739679 0.017268300 0.684480608
1695733840.585000 -3.485980034 -0.051322289 2.999490023 0.012498560 -0.723288894 0.013224716 0.690305829
1695733840.677000 -3.493246794 -0.051471412 3.000057697 0.016530404 -0.710005820 0.010684378 0.703920662
1695733840.767000 -3.500047207 -0.051536277 2.999231577 0.017103055 -0.702568769 0.013790474 0.711276710
1695733840.856000 -3.505539417 -0.053237803 2.999907732 0.016543377 -0.702086151 0.016381551 0.711711287
1695733840.948000 -3.512594461 -0.052007496 3.000305414 0.016768608 -0.701977074 0.021605290 0.711674273
1695733841.032000 -3.517429829 -0.052745625 3.000458241 0.015934553 -0.702098489 0.023733979 0.711505830
1695733841.121000 -3.523082018 -0.052828044 3.000821590 0.015337897 -0.702275991 0.024089728 0.711331844
1695733841.208000 -3.530002832 -0.053734601 3.000746727 0.015116696 -0.702106655 0.023156825 0.711534679
1695733841.299000 -3.535953522 -0.054052345 3.000555515 0.014814654 -0.702038407 0.021521185 0.711659670
1695733841.387000 -3.541390181 -0.053578168 3.000385761 0.013776878 -0.702371240 0.022996239 0.711305916
1695733841.474000 -3.547028780 -0.054058507 3.000584602 0.015437150 -0.701687694 0.020660968 0.712017775
1695733841.560000 -3.550582886 -0.054087751 3.000795841 0.015068179 -0.701823413 0.021230470 0.711875081
1695733841.648000 -3.556166649 -0.054070801 3.001127958 0.014695084 -0.702278495 0.022236420 0.711403251
1695733841.737000 -3.562770844 -0.053794608 3.000305414 0.015073296 -0.701857507 0.022941323 0.711788356
1695733841.825000 -3.567024469 -0.054147191 3.001531124 0.014354018 -0.702735364 0.021234723 0.710989535
1695733841.911000 -3.572012424 -0.054567337 3.001026154 0.013634764 -0.702053308 0.018939262 0.711741924
1695733841.999000 -3.577455997 -0.054164171 3.001192808 0.011694983 -0.702393472 0.018053714 0.711463869
1695733842.085000 -3.582342148 -0.054689310 3.001491308 0.010208886 -0.702576756 0.014323176 0.711390615
1695733842.170000 -3.588125706 -0.054280266 3.001185656 0.008335853 -0.702382982 0.013442513 0.711623490
1695733842.258000 -3.592687845 -0.054460850 3.001296997 0.006277521 -0.702568889 0.012999340 0.711469352
1695733842.344000 -3.598184109 -0.054537177 3.001424074 0.006110435 -0.702487826 0.012140971 0.711566091
1695733842.429000 -3.603103876 -0.054470234 3.001557350 0.006264496 -0.702577055 0.011573749 0.711486042
1695733842.518000 -3.607668877 -0.054544643 3.001722336 0.005623565 -0.702929735 0.012485081 0.711127579
1695733842.605000 -3.611855984 -0.054726955 3.001838923 0.005341258 -0.703152061 0.013185287 0.710897207
1695733842.694000 -3.617488623 -0.054825895 3.001905441 0.005019452 -0.702651560 0.012644148 0.711404085
1695733842.779000 -3.623624325 -0.054870818 3.001907825 0.005866311 -0.702310801 0.013025348 0.711727142
1695733842.866000 -3.629452944 -0.055249676 3.001693010 0.005986728 -0.701778769 0.012628701 0.712257862
1695733842.951000 -3.633926868 -0.055499330 3.001152992 0.005862202 -0.701327860 0.012422920 0.712706566
1695733843.041000 -3.639005184 -0.055127487 3.001180887 0.005984649 -0.701456130 0.012696856 0.712574422
1695733843.128000 -3.644827843 -0.055429831 3.001645327 0.006771501 -0.702394485 0.010806453 0.711673737
1695733843.212000 -3.648516655 -0.055720896 3.002447605 0.008798191 -0.702560961 0.011114345 0.711482406
1695733843.299000 -3.652745485 -0.055621311 3.002958536 0.010380055 -0.703256428 0.010374324 0.710784912
1695733843.386000 -3.658249855 -0.055897087 3.001765728 0.011503409 -0.702609777 0.011228799 0.711393833
1695733843.470000 -3.663072824 -0.055820849 3.001971960 0.013224239 -0.702539682 0.011640046 0.711426556
