1695004924.429000 -0.000104092 0.000027469 0.003382342 0.000167088 0.000223565 0.000040436 1.000000000
1695004924.542000 -0.000265752 0.000108867 0.006428971 0.000279426 0.000378838 0.000008693 0.999999940
1695004924.657000 0.000054168 -0.000019330 0.009648151 -0.000049827 -0.000663723 0.000722525 0.999999523
1695004924.769000 0.000341255 0.000120458 0.013102468 0.000901982 -0.000967356 -0.000240233 0.999999106
1695004924.883000 0.000304862 0.000103467 0.015998237 0.000747361 -0.001142047 -0.000408914 0.999998987
1695004924.999000 0.000363129 0.000020894 0.019214978 0.000482414 -0.001060748 -0.000425219 0.999999225
1695004925.328000 0.000404716 0.000045734 0.022203080 0.000711875 -0.001183243 -0.000371955 0.999998987
1695004925.441000 0.000226813 -0.000105519 0.029898584 0.000134366 -0.000905522 0.000302664 0.999999523
1695004925.552000 0.000200888 -0.000060943 0.032804124 0.000565225 -0.000724807 0.000008093 0.999999583
1695004925.664000 0.000226586 -0.000084338 0.035624124 0.000464164 -0.001001707 -0.000014689 0.999999404
1695004925.778000 0.000197259 -0.000094473 0.038524657 0.000512787 -0.000662053 0.000048863 0.999999702
1695004925.888000 0.000225816 -0.000090817 0.045160376 0.000674077 -0.000304897 -0.000102722 0.999999762
1695004925.999000 0.000233060 -0.000067588 0.043998796 0.000539167 -0.000949817 -0.000070710 0.999999404
1695004926.109000 0.000212891 -0.000049851 0.046768621 0.000753830 -0.000898828 -0.000107376 0.999999285
1695004926.220000 0.000202162 0.000094962 0.052424598 0.001147680 -0.000656305 -0.000612218 0.999998987
1695004926.331000 0.000174093 -0.000116663 0.052337993 0.000433293 -0.000711789 -0.000203500 0.999999642
1695004926.442000 0.000405996 0.000021170 0.057808045 0.000780877 -0.000914437 -0.000593854 0.999999166
1695004926.550000 0.000201012 -0.000103018 0.057978012 0.000305790 -0.001055257 0.000072618 0.999999404
1695004926.661000 0.000015710 -0.000036837 0.060502958 0.000508833 -0.000517087 0.000012549 0.999999762
1695004926.771000 0.000062519 -0.000135309 0.064692073 0.000247292 -0.000737293 0.000118278 0.999999702
1695004926.880000 0.000229489 -0.000099877 0.066363096 0.000491058 -0.000990681 0.000128318 0.999999404
1695004926.990000 0.000402484 -0.000065707 0.070215888 0.000579870 -0.001403709 0.000190074 0.999998868
1695004927.098000 0.000342816 -0.000101355 0.072011635 0.000388073 -0.001776410 0.000495902 0.999998212
1695004927.208000 0.000347849 -0.000133814 0.074717857 0.000350427 -0.001779576 0.000530913 0.999998212
1695004927.317000 0.000370519 -0.000018684 0.077920429 0.000874350 -0.002034256 -0.000081868 0.999997556
1695004927.430000 0.000322157 -0.000073284 0.080214307 0.000659207 -0.001694990 0.000146836 0.999998331
1695004927.771000 0.000317071 -0.000115950 0.082985461 0.000432376 -0.001850260 0.000682659 0.999997973
1695004927.899000 0.000545337 -0.000109329 0.091889590 0.000465133 -0.002247484 -0.000012875 0.999997377
1695004928.009000 0.000247552 -0.000125078 0.094764605 0.000227207 -0.001625397 0.000364994 0.999998629
1695004928.117000 0.000592766 -0.000180877 0.098093323 0.000491720 -0.001995893 -0.000247577 0.999997854
1695004928.230000 0.000744677 -0.000205065 0.101052798 0.000604789 -0.002586017 0.000205675 0.999996483
1695004928.337000 0.000286574 -0.000128747 0.103014544 0.000430849 -0.001738647 0.000158338 0.999998391
1695004928.442000 0.000277819 -0.000130975 0.105735846 0.000324038 -0.001666702 -0.000114984 0.999998569
1695004928.551000 0.000254907 -0.000164360 0.108572461 0.000257784 -0.001450127 0.000096562 0.999998927
1695004928.657000 0.000360089 -0.000111540 0.111180246 0.000507167 -0.001779081 -0.000166484 0.999998271
1695004928.763000 0.000362547 -0.000143033 0.113796607 0.000219755 -0.002065568 0.000148248 0.999997854
1695004928.870000 0.000355997 -0.000126464 0.116499566 0.000399160 -0.002017348 0.000348843 0.999997854
1695004928.978000 0.000415518 -0.000119057 0.119150504 0.000414041 0.032885730 -0.000136066 0.999459028
1695004929.085000 0.000699445 -0.000078937 0.121860161 0.000751190 0.059218410 -0.000262284 0.998244762
1695004929.194000 0.000983916 -0.000122576 0.124515124 0.000372664 0.059426483 -0.000385243 0.998232543
1695004929.303000 0.001346947 -0.000099335 0.127284423 0.000563466 0.059209891 -0.000550383 0.998245239
1695004929.414000 0.001638536 -0.000087001 0.129996464 0.000717449 0.059373017 -0.000689703 0.998235404
1695004929.521000 0.001963200 -0.000073250 0.132737145 0.001176098 0.076841109 -0.000640906 0.997042477
1695004929.640000 0.002449117 -0.000097581 0.135365352 0.000879631 0.102872990 -0.000840097 0.994693756
1695004929.764000 0.003144732 -0.000114635 0.138726115 0.000828810 0.102977820 -0.000549806 0.994683146
1695004929.871000 0.003710460 -0.000129344 0.141312838 0.000891722 0.102513917 -0.000409833 0.994731128
1695004929.978000 0.004221566 -0.000130734 0.143938988 0.000843297 0.102717362 -0.000508659 0.994710147
1695004930.085000 0.004767765 -0.000124019 0.146570474 0.000859498 0.102493592 -0.000621414 0.994733095
1695004930.194000 0.005305123 -0.000158816 0.149128363 0.000753579 0.102811404 -0.000473129 0.994700491
1695004930.302000 0.005853339 -0.000145122 0.151807427 0.000798823 0.102869347 -0.000659397 0.994694352
1695004930.413000 0.006409289 -0.000116648 0.154462352 0.000688884 0.137787238 -0.000982677 0.990461111
1695004930.525000 0.007233949 -0.000131552 0.157019287 0.000971818 0.154840752 -0.000717366 0.987938702
1695004930.633000 0.008072998 -0.000234969 0.159464523 0.000509298 0.154713467 -0.000614713 0.987959087
1695004930.745000 0.009008382 -0.000195245 0.162253767 0.000647835 0.154453546 -0.000656376 0.987999678
1695004930.855000 0.009953077 -0.000212991 0.164911792 0.000635984 0.154408857 -0.000406342 0.988006771
1695004930.964000 0.010836958 -0.000248562 0.167410851 0.000737733 0.154233336 -0.000630308 0.988034010
1695004931.075000 0.011676158 -0.000271164 0.169988275 0.000655389 0.154462308 -0.001114937 0.987997830
1695004931.185000 0.012500604 -0.000285430 0.172606826 0.000338527 0.154136896 -0.000553224 0.988049328
1695004931.296000 0.013329715 -0.000424534 0.174655825 -0.000225570 0.153200239 0.000091503 0.988195181
1695004931.403000 0.014134839 -0.000277009 0.177760586 0.000484887 0.154299304 -0.000623067 0.988023877
1695004931.511000 0.014881597 -0.000448998 0.180135310 -0.000142858 0.154478192 -0.000546435 0.987996101
1695004931.617000 0.015752323 -0.000236904 0.182923988 0.000628215 0.154496491 -0.000632872 0.987992942
1695004931.725000 0.016512750 -0.000362125 0.185256228 -0.000271927 0.154305980 -0.000540670 0.988022923
1695004931.830000 0.017804785 -0.000135405 0.188189790 0.001072144 0.153803483 -0.001497779 0.988099754
1695004931.936000 0.018926619 -0.000282294 0.190645486 0.000959723 0.152847022 -0.000871077 0.988249063
1695004932.041000 0.019242138 -0.000037244 0.193188310 0.001609801 0.154269904 -0.001035734 0.988026917
1695004932.146000 0.020198205 -0.000034600 0.195592254 0.001347024 0.153852940 -0.001069386 0.988092303
1695004932.251000 0.020234501 -0.000293955 0.198159099 0.000918466 0.155909270 -0.000556209 0.987770855
1695004932.355000 0.020969441 -0.000382423 0.200536072 0.000631336 0.156141877 -0.000231263 0.987734437
1695004932.460000 0.022905171 -0.000326739 0.202810228 0.000574071 0.152951494 -0.001054002 0.988232970
1695004932.566000 0.025124863 0.000242728 0.204794735 0.002740186 0.148936242 -0.002598017 0.988839626
1695004932.670000 0.024215780 -0.000239259 0.207921401 0.000819067 0.153758317 -0.001058876 0.988107562
1695004932.774000 0.024941539 -0.000487519 0.210522726 0.000081630 0.154439777 -0.000673922 0.988002002
1695004932.880000 0.025742194 -0.000284504 0.212799460 0.000719118 0.154073849 -0.000935723 0.988058686
1695004932.986000 0.026525807 -0.000262116 0.215151593 0.000839895 0.153787658 -0.000924805 0.988103151
1695004933.090000 0.027333613 -0.000276518 0.217824593 0.000843321 0.154084906 -0.000903446 0.988056839
1695004933.195000 0.028162263 -0.000315290 0.220304921 0.000638750 0.153889164 -0.000891323 0.988087535
1695004933.300000 0.028852351 -0.000252016 0.222721398 0.001055854 0.154019281 -0.000782635 0.988066971
1695004933.405000 0.029592341 -0.000262571 0.225107610 0.001381107 0.154138297 -0.000633749 0.988048196
1695004933.508000 0.030538695 -0.000283108 0.227746829 0.000857759 0.153780594 -0.000686711 0.988104403
1695004933.612000 0.031320386 -0.000274280 0.230211601 0.001343527 0.153618455 -0.000723885 0.988129079
1695004933.717000 0.032071218 -0.000346005 0.232523456 0.000791619 0.153834909 -0.000858411 0.988095880
1695004933.860000 0.032796204 -0.000354264 0.234916657 0.000892650 0.154061258 -0.000929808 0.988060534
1695004933.963000 0.033952467 -0.000314587 0.238366514 0.001212300 0.153800696 -0.000752129 0.988100886
1695004934.066000 0.034713667 -0.000375006 0.240673095 0.000650279 0.153630644 -0.000909995 0.988127768
1695004934.170000 0.035615139 -0.000353779 0.243252859 0.001030927 0.153359547 -0.000670318 0.988169730
1695004934.275000 0.036097910 -0.000446483 0.245667413 0.000336439 0.154354721 -0.000239420 0.988015473
1695004934.377000 0.037058115 -0.000397789 0.248119190 0.000844451 0.153826267 -0.000592074 0.988097370
1695004934.480000 0.037802290 -0.000391888 0.250441432 0.001014930 0.153945178 -0.000407357 0.988078833
1695004934.584000 0.038430322 -0.000287916 0.252946734 0.001396950 0.154432192 -0.000580752 0.988002241
1695004934.685000 0.039161921 -0.000382406 0.255226970 0.000821118 0.154184312 0.000139946 0.988041818
1695004934.787000 0.040398881 -0.000464019 0.257892102 0.001031422 0.153020129 -0.000953900 0.988222122
1695004934.889000 0.040800862 -0.000507613 0.260354310 0.001035982 0.154257268 -0.001332617 0.988029301
1695004934.990000 0.041714501 -0.000411613 0.262652457 0.001401142 0.153567314 -0.001054006 0.988136649
1695004935.093000 0.042547561 -0.000437123 0.265043706 0.001167822 0.153323859 -0.001196065 0.988174617
1695004935.195000 0.043704174 -0.000234483 0.267677605 0.002139465 0.152292401 -0.002002081 0.988331199
1695004935.296000 0.044006467 -0.000459103 0.269963682 0.001212966 0.153470755 -0.000872520 0.988152087
1695004935.397000 0.044720933 -0.000517975 0.272302896 0.001013136 0.153442338 -0.000367395 0.988157034
1695004935.500000 0.045542452 -0.000457240 0.274866909 0.001459802 0.153735355 -0.001301603 0.988110185
1695004935.602000 0.046408519 -0.000545005 0.277284712 0.001090241 0.153327331 -0.000605445 0.988174677
1695004935.708000 0.047173969 -0.000550927 0.279640347 0.000829184 0.153007150 -0.000887394 0.988224328
1695004935.806000 0.048323959 -0.000638557 0.282271594 0.000983904 0.151706845 -0.000417129 0.988424957
1695004935.909000 0.048929919 -0.000566701 0.284528553 0.001223490 0.152310953 -0.000769094 0.988331616
1695004936.006000 0.049501061 -0.000549869 0.286714643 0.001410280 0.152769074 -0.001197495 0.988260210
1695004936.109000 0.049815621 -0.000463989 0.289199650 0.001549599 0.154181838 -0.000079458 0.988041282
1695004936.207000 0.050295483 -0.000394865 0.291609257 0.001651045 0.154923022 -0.000446556 0.987925112
1695004936.625000 0.051467206 -0.000790280 0.293891519 0.000539141 0.153643325 -0.001366689 0.988125324
1695004936.721000 0.054545548 -0.000513925 0.303504378 0.001424320 0.153816819 -0.000493393 0.988098264
1695004936.821000 0.055561163 -0.000532246 0.305681586 0.001212027 0.152890012 -0.000574274 0.988242328
1695004936.920000 0.056418657 -0.000508669 0.307938486 0.001170673 0.152480856 -0.000996069 0.988305271
1695004937.020000 0.057186753 -0.000613401 0.310556918 0.001443135 0.152360484 -0.000869533 0.988323569
1695004937.119000 0.057726957 -0.000569933 0.312844902 0.001621730 0.153214112 -0.001557609 0.988190472
1695004937.219000 0.058535229 -0.000631055 0.315121800 0.001526348 0.152829126 -0.001236681 0.988250673
1695004937.317000 0.059222493 -0.000681444 0.317326367 0.001420651 0.153628618 -0.002436386 0.988124669
1695004937.416000 0.060039189 -0.000815002 0.319705129 0.000637260 0.152746603 -0.002056973 0.988263071
1695004937.514000 0.060788829 -0.000663040 0.322090387 0.001612243 0.161632538 -0.001770675 0.986848116
1695004937.613000 0.061539322 -0.000712106 0.324261427 0.001471116 0.196432099 -0.001959257 0.980514407
1695004937.713000 0.062591046 -0.000734452 0.326471120 0.001349104 0.195841551 -0.002189998 0.980632186
1695004937.812000 0.063470371 -0.000762808 0.328536481 0.001111012 0.195832521 -0.002446725 0.980633736
1695004937.911000 0.064283088 -0.000828337 0.330468416 0.000466063 0.195844889 -0.001499662 0.980633676
1695004938.012000 0.065154739 -0.000762958 0.333108306 0.001180714 0.196426526 -0.002358969 0.980515003
1695004938.108000 0.065923885 -0.000860839 0.335340708 0.000859257 0.197060302 -0.002562882 0.980387628
1695004938.207000 0.066768855 -0.000802940 0.337623090 0.000941893 0.197789773 -0.002702396 0.980240345
1695004938.304000 0.067878693 -0.000850547 0.339842230 0.001093439 0.230967566 -0.002430780 0.972957790
1695004938.401000 0.068926767 -0.000881258 0.341864914 0.001194412 0.239539742 -0.002054540 0.970883667
1695004938.497000 0.069715582 -0.000855458 0.343880832 0.001151933 0.240453660 -0.001913574 0.970658064
1695004938.595000 0.071006313 -0.000959602 0.345984221 0.000941535 0.239892513 -0.002160373 0.970796645
1695004938.693000 0.072072998 -0.000945535 0.347903967 0.000926890 0.239333481 -0.001968567 0.970935047
1695004938.790000 0.073241927 -0.000876271 0.349868834 0.001410532 0.238804027 -0.001703567 0.971065283
1695004938.887000 0.074317716 -0.000912250 0.351904243 0.000793253 0.238775298 -0.001765577 0.971072972
1695004938.984000 0.075616732 -0.000755155 0.354060084 0.002221246 0.238441229 -0.002520473 0.971151173
1695004939.081000 0.076356664 -0.000830735 0.356005520 0.001555149 0.239244163 -0.002137858 0.970955849
1695004939.176000 0.077424884 -0.000856271 0.358002394 0.001353942 0.238979891 -0.001982357 0.971021533
1695004939.275000 0.078483813 -0.000834173 0.360153258 0.001432090 0.239201695 -0.001892247 0.970967054
1695004939.372000 0.079538688 -0.000859476 0.362211883 0.001379122 0.239177570 -0.001768341 0.970973253
1695004939.468000 0.080558240 -0.000849021 0.364252269 0.001444456 0.239577457 -0.001739252 0.970874608
1695004939.564000 0.081676953 -0.000817851 0.366376311 0.001842810 0.239517495 -0.002263630 0.970887661
1695004939.661000 0.082747415 -0.000846393 0.368400723 0.001710522 0.239452183 -0.002362463 0.970903814
1695004939.759000 0.083811447 -0.000860163 0.370435059 0.001641690 0.239562660 -0.001899173 0.970877647
1695004939.853000 0.084869832 -0.000870965 0.372469068 0.001617932 0.239541337 -0.002202408 0.970882356
1695004939.950000 0.085927889 -0.000893334 0.374481469 0.001510214 0.239549264 -0.001968986 0.970881045
1695004940.042000 0.086981550 -0.000890417 0.376516700 0.001636237 0.239681706 -0.002241926 0.970847607
1695004940.140000 0.088044539 -0.000901981 0.378544271 0.001588184 0.239529982 -0.002180319 0.970885217
1695004940.236000 0.089076400 -0.000912626 0.380540431 0.001364161 0.239636481 -0.002193148 0.970859289
1695004940.333000 0.090116233 -0.000911979 0.382548362 0.001680393 0.239695236 -0.002040966 0.970844626
1695004940.432000 0.091228984 -0.000928427 0.384684086 0.001521817 0.239620522 -0.001828785 0.970863700
1695004940.529000 0.092303179 -0.000932538 0.386712283 0.001581103 0.239634559 -0.001868855 0.970860064
1695004940.643000 0.093606710 -0.000937539 0.389233768 0.001744124 0.239681140 -0.001947688 0.970848143
1695004940.739000 0.094667777 -0.000956078 0.391257137 0.001644114 0.239798173 -0.002356186 0.970818520
1695004940.833000 0.095742576 -0.000954959 0.393263370 0.001915590 0.239606261 -0.001909242 0.970866442
1695004940.927000 0.096764989 -0.000988051 0.395181686 0.001589022 0.239590660 -0.002002094 0.970870614
1695004941.022000 0.097801715 -0.000969086 0.397215933 0.001816564 0.239724532 -0.002000178 0.970837235
1695004941.115000 0.098833799 -0.000968319 0.399172962 0.001876791 0.239503637 -0.002175300 0.970891237
1695004941.210000 0.099887602 -0.000989538 0.401138663 0.001653381 0.239749134 -0.001950634 0.970831513
1695004941.309000 0.100934505 -0.001008920 0.403140098 0.001769604 0.239871189 -0.002026916 0.970801055
1695004941.401000 0.101954564 -0.001027090 0.405002356 0.001894532 0.239934102 -0.001914277 0.970785499
1695004941.499000 0.103105731 -0.001016097 0.407231897 0.001945343 0.239537567 -0.001902133 0.970883310
1695004941.592000 0.104043528 -0.001042562 0.409173459 0.001798211 0.239925116 -0.002036822 0.970787585
1695004941.685000 0.105160043 -0.001082835 0.411135048 0.001549933 0.239731014 -0.002309854 0.970835388
1695004941.778000 0.106047012 -0.001002042 0.413125962 0.001985499 0.240856752 -0.002930818 0.970554233
1695004941.870000 0.107213117 -0.001120903 0.415072322 0.001565404 0.239508808 -0.001811862 0.970891237
1695004942.231000 0.108226538 -0.001119405 0.417113394 0.001822765 0.231367409 -0.001913849 0.972862899
1695004942.324000 0.114134781 0.000204502 0.416853696 0.001073781 0.166475415 -0.007703459 0.986014962
1695004942.414000 0.116396181 0.002053338 0.416789830 0.004146671 0.161899224 -0.004973662 0.986786067
1695004942.507000 0.118372731 0.002173930 0.418077320 0.003650604 0.157799721 -0.005279695 0.987450302
1695004942.601000 0.113576755 -0.001062032 0.430181414 0.001574273 0.171283394 0.001719912 0.985219061
1695004942.692000 0.114302509 -0.001153399 0.433333546 0.001656597 0.154332101 -0.001802998 0.988016009
1695004942.801000 0.115306839 -0.001274056 0.435913831 0.000951599 0.110446773 -0.002291021 0.993878961
1695004942.911000 0.115672305 -0.001084122 0.438621253 0.001818616 0.066905931 -0.001899898 0.997755826
1695004943.004000 0.115828589 -0.000933733 0.440874666 0.002201997 0.031667922 -0.001227990 0.999495268
1695004943.114000 0.115879931 -0.000957079 0.443460584 0.002361645 -0.011821808 -0.000814921 0.999926984
1695004943.224000 0.115718052 -0.000916989 0.446188182 0.002459151 -0.046314780 -0.001013863 0.998923361
1695004943.331000 0.115439855 -0.001100877 0.448817283 0.001804726 -0.046145275 -0.002077205 0.998930991
1695004943.437000 0.115208685 -0.001125763 0.451373845 0.001342068 -0.046536859 -0.001675560 0.998914301
1695004943.545000 0.114895843 -0.001172955 0.454062700 0.002062715 -0.045705687 -0.001793084 0.998951256
1695004943.651000 0.114816368 -0.001099514 0.456136554 0.001920789 -0.046329919 -0.001190497 0.998923659
1695004943.756000 0.114559658 -0.001238642 0.458607167 0.001194995 -0.046128187 -0.001779697 0.998933256
1695004943.867000 0.114350125 -0.001064399 0.461298078 0.002055509 -0.046479836 -0.001163387 0.998916447
1695004943.976000 0.114099443 -0.001005077 0.463970423 0.003070331 -0.046320826 -0.001822305 0.998920262
1695004944.080000 0.113742076 -0.000688527 0.466614246 0.004204530 -0.046627972 0.000974367 0.998903036
1695004944.185000 0.113438368 -0.000705299 0.469035089 0.004114963 -0.046490226 0.001911937 0.998908520
1695004944.290000 0.113152102 -0.000936110 0.471612811 0.003307220 -0.046297677 0.000794211 0.998921871
1695004944.399000 0.113053262 -0.000908684 0.474033803 0.003692778 -0.046918120 0.000406713 0.998891830
1695004944.500000 0.112656757 -0.001010128 0.476531208 0.003000646 -0.072387859 -0.000237503 0.997372031
1695004944.610000 0.112191655 -0.001005489 0.479015797 0.003103090 -0.115954168 0.000434359 0.993249655
1695004944.718000 0.111596413 -0.001067797 0.481456816 0.002858510 -0.158965424 -0.000494120 0.987279892
1695004944.821000 0.110737026 -0.001144350 0.483967870 0.002906397 -0.158903107 -0.001391004 0.987288952
1695004944.924000 0.110021576 -0.001096764 0.486254871 0.003101366 -0.158984661 -0.000860721 0.987275839
1695004945.024000 0.109203674 -0.001098191 0.488560915 0.003127150 -0.159082338 0.000032370 0.987260401
1695004945.126000 0.108432256 -0.001129514 0.490811199 0.003178952 -0.158653513 -0.000941559 0.987328768
1695004945.243000 0.107675567 -0.001134495 0.493090570 0.003330926 -0.158453152 -0.001267195 0.987360120
1695004945.329000 0.106893860 -0.001166608 0.495388389 0.003352685 -0.158112079 -0.001601802 0.987414181
1695004945.431000 0.106196105 -0.001165929 0.497665048 0.003613807 -0.158458710 -0.001446480 0.987357974
1695004945.532000 0.105436064 -0.001200452 0.499922156 0.003483306 -0.158260822 -0.001600661 0.987389922
1695004945.635000 0.104611821 -0.001229388 0.502216816 0.003397955 -0.166474774 -0.001825369 0.986038208
1695004945.736000 0.103751756 -0.001220010 0.504442155 0.003484275 -0.209102482 -0.001793710 0.977885902
1695004945.835000 0.102704518 -0.001241925 0.506627083 0.003386464 -0.251719385 -0.002238172 0.967791796
1695004945.935000 0.101527087 -0.001258523 0.508571386 0.003348413 -0.293860734 -0.002185897 0.955839872
1695004946.035000 0.100067936 -0.001287528 0.510632217 0.003041922 -0.310330451 -0.002480210 0.950620651
1695004946.134000 0.098642312 -0.001249557 0.512517810 0.003408119 -0.310105443 -0.002252075 0.950693429
1695004946.233000 0.097314656 -0.001228600 0.514306486 0.003433869 -0.310286492 -0.002228635 0.950634301
1695004946.334000 0.095894970 -0.001142175 0.516287863 0.004485507 -0.310271204 -0.003023256 0.950632751
1695004946.434000 0.094551496 -0.001504379 0.517983675 0.001454041 -0.310454458 -0.000088426 0.950587153
1695004946.534000 0.093332663 -0.001341469 0.520319283 0.003565033 -0.311308205 -0.002868332 0.950298011
1695004946.890000 0.091624863 -0.001491815 0.521899819 0.001659299 -0.309929937 0.000219124 0.950757921
1695004946.983000 0.086569592 -0.001406554 0.528419077 0.002427209 -0.308463424 0.000142519 0.951233149
1695004947.087000 0.085290380 -0.001554278 0.530455768 0.001452024 -0.326267421 0.000169665 0.945276439
1695004947.184000 0.083665006 -0.001471141 0.532232046 0.002251988 -0.366109937 -0.000340850 0.930568814
1695004947.280000 0.081978619 -0.001503946 0.533842146 0.002138272 -0.406169593 -0.000414522 0.913795114
1695004947.376000 0.080229983 -0.001450663 0.535312176 0.002623218 -0.421948373 -0.000545738 0.906615973
1695004947.471000 0.078705236 -0.001506888 0.536637783 0.002157536 -0.422175437 -0.000453270 0.906511545
1695004947.564000 0.076829001 -0.001556171 0.538223445 0.001853173 -0.422105461 -0.000769664 0.906544507
1695004947.658000 0.075123370 -0.001572251 0.539652824 0.001808141 -0.422154397 -0.000981857 0.906521618
1695004947.752000 0.073429227 -0.001632607 0.541130424 0.001755728 -0.422061682 -0.001434981 0.906564295
1695004947.846000 0.071821332 -0.001682146 0.542465448 0.001163164 -0.421970755 -0.001989975 0.906606555
1695004947.943000 0.070024684 -0.001589939 0.543920159 0.002033514 -0.421701908 -0.000661489 0.906732023
1695004948.035000 0.068366334 -0.001738846 0.545512795 0.000892767 -0.422775656 -0.001778266 0.906232238
1695004948.128000 0.066593379 -0.001668299 0.546731889 0.001741033 -0.421479762 -0.000919023 0.906835735
1695004948.220000 0.064899206 -0.001695598 0.548173547 0.001229737 -0.421746969 -0.000268017 0.906712711
1695004948.314000 0.063246846 -0.001727943 0.549618602 0.001162754 -0.422002465 -0.000673155 0.906593740
1695004948.405000 0.061523840 -0.001724415 0.550964534 0.000910147 -0.421500653 -0.000607103 0.906827450
1695004948.498000 0.059948727 -0.001741060 0.552296102 0.000897306 -0.421291977 -0.000405856 0.906924546
1695004948.592000 0.058165029 -0.001714268 0.553718030 0.001220818 -0.436694384 -0.000481735 0.899608970
1695004948.681000 0.056459963 -0.001819485 0.555087328 0.000042142 -0.476449400 -0.000424077 0.879201770
1695004948.772000 0.054589629 -0.001800884 0.556074798 0.000573402 -0.513417184 -0.000992242 0.858138382
1695004948.859000 0.052643895 -0.001780871 0.557024658 0.000475467 -0.513235688 -0.000447104 0.858247519
1695004948.948000 0.050880522 -0.001717968 0.558112800 0.000830434 -0.514088571 -0.000053299 0.857736707
1695004949.038000 0.049128920 -0.001809757 0.559085846 0.000540852 -0.513871014 -0.000765746 0.857867002
1695004949.125000 0.046961606 -0.001783394 0.559985101 0.001284528 -0.512453437 -0.000651251 0.858713865
1695004949.215000 0.045142710 -0.001807253 0.561054289 0.001362922 -0.512933075 -0.001078009 0.858426929
1695004949.302000 0.043267101 -0.001852469 0.562029362 0.000885316 -0.513083100 -0.001046072 0.858337879
1695004949.393000 0.041461617 -0.001826482 0.563020408 0.000840680 -0.513136804 -0.000760628 0.858306110
1695004949.481000 0.039542854 -0.001836489 0.563986659 0.001290288 -0.512684405 -0.000971173 0.858575583
1695004949.570000 0.037683725 -0.001788379 0.564971507 0.001606518 -0.512573898 -0.000231795 0.858641624
1695004949.658000 0.035911024 -0.001827318 0.565928340 0.001407075 -0.512261212 -0.000797104 0.858828187
1695004949.745000 0.034057111 -0.001884103 0.567010641 0.000737757 -0.513353169 -0.000741550 0.858176827
1695004949.835000 0.032251924 -0.001896714 0.567967713 0.000925970 -0.512926340 -0.000834352 0.858431697
1695004949.921000 0.030472964 -0.001851333 0.568959057 0.001331658 -0.512923300 -0.000224719 0.858433366
1695004950.009000 0.028595805 -0.001907457 0.569991887 0.001312068 -0.513322473 -0.000882622 0.858194351
1695004950.098000 0.026857346 -0.001944953 0.570981264 0.000992339 -0.513277173 -0.001381658 0.858221292
1695004950.183000 0.024888068 -0.001865651 0.571963429 0.001804952 -0.513266981 -0.000432375 0.858227015
1695004950.272000 0.023041815 -0.001870063 0.572933972 0.001714414 -0.513235509 -0.000296971 0.858246088
1695004950.360000 0.021222025 -0.001902918 0.573922873 0.001526226 -0.513311446 -0.000721594 0.858200729
1695004950.445000 0.019436836 -0.001989888 0.574820638 0.001365940 -0.512796104 -0.001710090 0.858507693
1695004950.531000 0.017639071 -0.001971456 0.575835288 0.001407559 -0.513152421 -0.001001308 0.858295798
1695004950.619000 0.015799165 -0.002008063 0.576877713 0.001338194 -0.513403296 -0.001586648 0.858144939
1695004950.714000 0.013946891 -0.002048933 0.577770114 0.000724797 -0.513031662 -0.001884287 0.858367324
1695004950.806000 0.011823058 -0.002004071 0.579009116 0.001534427 -0.513447464 -0.001717357 0.858117938
1695004950.893000 0.010057718 -0.002016086 0.580036521 0.001445829 -0.513980687 -0.001732530 0.857798874
1695004950.986000 0.008202106 -0.001999049 0.581129193 0.001496508 -0.514752746 -0.001521310 0.857336104
1695004951.071000 0.006266385 -0.002009843 0.581911802 0.001496728 -0.513040304 -0.001873362 0.858361244
1695004951.158000 0.004501224 -0.002014796 0.582883954 0.001581494 -0.513295054 -0.001515025 0.858209431
1695004951.245000 0.002666175 -0.002004466 0.583868504 0.001705674 -0.513410926 -0.001716033 0.858139515
1695004951.333000 0.000866205 -0.002022866 0.584826231 0.001448531 -0.513407707 -0.001586726 0.858142197
1695004951.417000 -0.000888288 -0.002030283 0.585781217 0.001703430 -0.513460100 -0.001898892 0.858109713
1695004951.502000 -0.002643138 -0.002040439 0.586721778 0.001473821 -0.513625443 -0.001746660 0.858011484
1695004951.586000 -0.004399449 -0.002047745 0.587682009 0.001352261 -0.513734698 -0.001733777 0.857946277
1695004951.674000 -0.006147712 -0.002038645 0.588610590 0.001489529 -0.513595700 -0.001682072 0.858029366
1695004951.759000 -0.007957816 -0.002021552 0.589613020 0.001706414 -0.513868451 -0.001156230 0.857866526
1695004951.843000 -0.009685665 -0.001993277 0.590521812 0.002111239 -0.513566494 -0.001232709 0.858046353
1695004951.930000 -0.011472672 -0.002019629 0.591494381 0.001891787 -0.513579488 -0.001351042 0.858038962
1695004952.014000 -0.013238892 -0.002019001 0.592515051 0.001835764 -0.483732551 -0.001054375 0.875213325
1695004952.100000 -0.014945418 -0.002006984 0.593676567 0.002106519 -0.445139557 -0.001256561 0.895457864
1695004952.185000 -0.016480021 -0.001989641 0.594923437 0.002326630 -0.405500650 -0.000691546 0.914091587
1695004952.271000 -0.017953590 -0.002026793 0.596346140 0.001824323 -0.373102367 -0.000675645 0.927788138
1695004952.360000 -0.019366056 -0.002036691 0.597814381 0.001653357 -0.373083919 -0.000364467 0.927796066
1695004952.449000 -0.020803541 -0.002073379 0.599319339 0.000968618 -0.373079240 0.000161453 0.927798986
1695004952.536000 -0.022208452 -0.002090276 0.600831509 0.000517260 -0.373436421 0.000989279 0.927655160
1695004952.621000 -0.023620434 -0.002095730 0.602260172 0.000617137 -0.373084873 0.000719794 0.927796721
1695004952.709000 -0.025131516 -0.002072437 0.603776634 0.000796644 -0.372898132 0.000809497 0.927871585
1695004952.794000 -0.026493944 -0.002091588 0.605227947 0.000386657 -0.373259127 0.001143886 0.927726388
1695004952.885000 -0.027909122 -0.002130918 0.606705308 0.000143876 -0.373220176 0.000983482 0.927742243
1695004952.969000 -0.029309034 -0.002106491 0.608005524 0.001055537 -0.372559577 0.000373457 0.928007662
1695004953.057000 -0.030752160 -0.002147497 0.609629571 -0.000040849 -0.373276949 0.001487281 0.927718759
1695004953.145000 -0.032244064 -0.002130735 0.611130893 0.000387343 -0.373002172 0.001285439 0.927829564
1695004953.231000 -0.033656314 -0.002119968 0.612578511 0.000584499 -0.372848451 0.001117673 0.927891433
1695004953.317000 -0.035115622 -0.002142749 0.614093006 0.000695177 -0.372827291 0.001071192 0.927899897
1695004953.402000 -0.036461785 -0.002168091 0.615498006 0.000592082 -0.372561127 0.001137200 0.928006768
1695004953.562000 -0.037811406 -0.002160452 0.617010772 0.000838181 -0.372939765 0.000698572 0.927854955
1695004953.650000 -0.036450863 -0.001848187 0.619290769 -0.000366928 -0.430333674 0.000347393 0.902669847
1695004953.735000 -0.036474183 -0.001624022 0.621321619 0.000258624 -0.473425955 0.000737842 0.880833328
1695004953.817000 -0.037380829 -0.001521845 0.622810721 -0.000854206 -0.498743534 0.002074064 0.866746724
1695004953.898000 -0.040471554 -0.001690546 0.623412609 0.000880086 -0.495736063 0.000171246 0.868472815
1695004953.978000 -0.042385414 -0.001645924 0.624412477 0.001060659 -0.495078564 0.000717175 0.868847311
1695004954.058000 -0.043952242 -0.001664588 0.625552714 0.000646709 -0.495961457 0.000316576 0.868344247
1695004954.141000 -0.045935571 -0.001699369 0.626488805 0.001369031 -0.495134056 0.000372697 0.868815422
1695004954.220000 -0.047754362 -0.001650037 0.627549767 0.001736391 -0.494910181 0.000557527 0.868942261
1695004954.302000 -0.049590737 -0.001767484 0.628524184 0.001366993 -0.517225862 -0.000175714 0.855847836
1695004954.384000 -0.051390886 -0.001778162 0.629440606 0.001586184 -0.553644419 -0.000472022 0.832751572
1695004954.465000 -0.053538501 -0.001767955 0.630303562 0.002097242 -0.576747417 -0.000301154 0.816919804
1695004954.545000 -0.055434972 -0.001786270 0.630927205 0.002470483 -0.576430976 -0.000594368 0.817141950
1695004954.626000 -0.057484061 -0.001841816 0.631581187 0.001850958 -0.576072693 -0.000415265 0.817396343
1695004954.709000 -0.059425503 -0.001778853 0.632303119 0.002446322 -0.575732648 -0.000646263 0.817634165
1695004954.791000 -0.061518759 -0.001786505 0.632926524 0.002375148 -0.575821340 -0.000041222 0.817572117
1695004954.871000 -0.063497335 -0.001848692 0.633514762 0.002241357 -0.575113595 -0.000621495 0.818070292
1695004954.953000 -0.065475702 -0.001870580 0.634211421 0.002376922 -0.575435519 -0.000335952 0.817843616
1695004955.032000 -0.067463398 -0.001881647 0.634784281 0.002755698 -0.574417293 -0.000471111 0.818557918
1695004955.114000 -0.069532275 -0.001900916 0.635450959 0.002071996 -0.574338496 0.000396564 0.818615198
1695004955.200000 -0.071396410 -0.001945375 0.636211514 0.001953937 -0.575454175 0.000690202 0.817831397
1695004955.285000 -0.073570848 -0.001956180 0.636928618 0.002579466 -0.575292289 0.000633836 0.817943633
1695004955.370000 -0.075556099 -0.001981310 0.637595654 0.002482716 -0.574943662 0.000109340 0.818189263
1695004955.453000 -0.077468514 -0.002044447 0.638242960 0.002060997 -0.574543774 -0.000357177 0.818471253
1695004955.533000 -0.079495281 -0.001765755 0.638854861 0.001139162 -0.574808776 0.003733265 0.818278551
1695004955.615000 -0.081314087 -0.001909250 0.639535069 0.002278589 -0.574658990 0.001230096 0.818388879
1695004955.713000 -0.083198369 -0.001852280 0.640153170 0.002787412 -0.574377656 0.001286937 0.818584681
1695004955.797000 -0.085158050 -0.001967068 0.640852392 0.002001378 -0.574615657 0.000918890 0.818420470
1695004955.876000 -0.086720586 -0.002048995 0.641428828 0.001809223 -0.574395895 0.000131598 0.818575680
1695004955.956000 -0.088708073 -0.002017032 0.642082810 0.001891133 -0.574158430 -0.000002064 0.818742037
1695004956.037000 -0.090436906 -0.002018388 0.642650902 0.002120832 -0.573958278 -0.000149297 0.818881810
1695004956.118000 -0.092060894 -0.001978929 0.643254042 0.002346079 -0.581011236 -0.000110870 0.813892126
1695004956.203000 -0.094106406 -0.002001465 0.643884242 0.002248933 -0.615808427 -0.000415140 0.787892640
1695004956.288000 -0.095940888 -0.001927321 0.644380510 0.001742321 -0.644064724 0.001197448 0.764968216
1695004956.373000 -0.098084927 -0.001948448 0.644667625 0.001891371 -0.643227935 0.000804493 0.765672028
1695004956.461000 -0.100077838 -0.001958008 0.645014524 0.002408597 -0.643189907 0.000234218 0.765702963
1695004956.547000 -0.102116019 -0.001977641 0.645344734 0.002580878 -0.642870724 -0.000298982 0.765970290
1695004956.632000 -0.104056537 -0.002008533 0.645686865 0.002599040 -0.642882824 -0.000452075 0.765959978
1695004956.718000 -0.106014997 -0.002005669 0.646021008 0.002511339 -0.643073857 -0.000211315 0.765799999
1695004956.805000 -0.108049393 -0.002056338 0.646348894 0.002477245 -0.642764866 -0.000853196 0.766059041
1695004956.891000 -0.109944820 -0.002080147 0.646605551 0.002521872 -0.642282784 -0.000912969 0.766463101
1695004956.977000 -0.112010241 -0.002071247 0.647016168 0.002306347 -0.642690837 -0.000837930 0.766121745
1695004957.063000 -0.114038199 -0.002060423 0.647360325 0.002460081 -0.642501235 -0.000598243 0.766280472
1695004957.149000 -0.116067797 -0.002042434 0.647703886 0.002721103 -0.649157763 -0.000732429 0.760648668
1695004957.236000 -0.118140787 -0.002019617 0.647918642 0.003083941 -0.681492209 -0.000962009 0.731818259
1695004957.327000 -0.120257795 -0.001989468 0.648014486 0.003496789 -0.700291872 -0.000961451 0.713847518
1695004957.419000 -0.122329175 -0.002021581 0.648071885 0.003137307 -0.700569391 -0.000931495 0.713576853
1695004957.521000 -0.124444902 -0.002029666 0.648152828 0.002787785 -0.700657248 -0.000923208 0.713491976
1695004957.617000 -0.127002716 -0.002023474 0.648146749 0.003241928 -0.706643760 -0.001053891 0.707561314
1695004957.712000 -0.129228354 -0.002032996 0.648122728 0.002828268 -0.737062335 -0.001023211 0.675818086
1695004957.811000 -0.131585419 -0.002019788 0.647815824 0.003711255 -0.765601754 -0.001778316 0.643301666
1695004957.912000 -0.134013474 -0.002005469 0.647385180 0.003427199 -0.765541017 -0.001154289 0.643376946
1695004958.013000 -0.136296332 -0.002045415 0.646951020 0.003346009 -0.765375912 -0.001731333 0.643572509
1695004958.117000 -0.138805807 -0.002044992 0.646507084 0.003690750 -0.765446663 -0.001585385 0.643486798
1695004958.222000 -0.134384274 -0.009173065 0.643910348 -0.104341038 -0.764807761 0.004109350 0.635739863
