1695801298.282000 0.001138753 0.000038475 0.006547025 -0.001629010 0.015892057 -0.002871242 0.999868274
1695801298.555000 0.002737065 0.000261353 0.012747047 -0.003529948 0.039610930 -0.002820359 0.999204993
1695801298.817000 0.004917092 0.000428922 0.018800639 -0.005011998 0.063774072 -0.002079904 0.997949600
1695801299.079000 0.010614420 -0.000109528 0.041072637 -0.008873483 0.090770267 -0.007936286 0.995800674
1695801299.341000 0.008698488 0.000891382 0.031316940 -0.006436134 0.097780041 -0.003286227 0.995181859
1695801299.597000 0.013171177 -0.001666562 0.041562505 -0.007861461 0.104211777 -0.005144097 0.994510770
1695801299.858000 0.012833565 0.001016986 0.043417126 -0.004584922 0.121959142 -0.005111392 0.992511392
1695801300.118000 0.017170398 0.000133849 0.050272848 -0.006754828 0.144596428 -0.010222125 0.989414871
1695801300.371000 0.018904423 0.001454641 0.054209005 -0.007177851 0.166824624 -0.009140204 0.985918105
1695801300.637000 0.027652541 0.000713381 0.070205137 -0.010489052 0.191552550 -0.008793539 0.981386960
1695801300.949000 0.026656825 0.001696350 0.066404983 -0.005628226 0.219042465 -0.008400511 0.975662947
1695801301.190000 0.031869888 0.001573842 0.073151149 -0.005017028 0.240836188 -0.010671118 0.970494211
1695801301.480000 0.035171460 0.002035684 0.077225089 -0.004125679 0.261555344 -0.011828497 0.965107203
1695801301.728000 0.038873546 0.001659243 0.084345020 -0.004880821 0.264273107 -0.008932143 0.964394212
1695801302.015000 0.041981857 0.002309383 0.089920685 -0.004008086 0.264748991 -0.008780843 0.964269102
1695801302.308000 0.047590390 0.002752773 0.099313885 -0.005679592 0.269118071 -0.011306365 0.963024080
1695801302.601000 0.051380046 0.002538371 0.103267886 -0.005118518 0.279536843 -0.010492978 0.960063994
1695801302.889000 0.057429969 0.002518503 0.113153324 -0.002523235 0.280471593 -0.009497725 0.959812045
1695801303.165000 0.060154118 0.002850494 0.118625872 -0.003809231 0.281134188 -0.007863665 0.959628701
1695801303.455000 0.066270836 0.003141432 0.129353598 -0.001882539 0.281519055 -0.008019810 0.959520280
1695801303.735000 0.072801635 0.003794236 0.139027849 -0.000632794 0.281152993 -0.009086813 0.959619761
1695801304.026000 0.075773165 0.004337011 0.143096179 -0.000882099 0.281010687 -0.008904709 0.959662974
1695801304.294000 0.083784044 0.003817787 0.153502956 -0.004234916 0.280842155 -0.010340839 0.959688962
1695801304.566000 0.091523401 0.003916985 0.168497622 -0.002991537 0.281035095 -0.007948115 0.959659934
1695801304.854000 0.094970219 0.004182986 0.172708824 -0.001239002 0.280777067 -0.009046114 0.959729612
1695801305.133000 0.103354447 0.005014033 0.186282754 -0.001008983 0.281736255 -0.009888334 0.959440410
1695801305.408000 0.112871133 0.005351315 0.199868739 -0.003881418 0.280361652 -0.008729190 0.959846973
1695801306.019000 0.115713820 0.005346439 0.205858111 -0.004764154 0.280134559 -0.009444609 0.959902465
1695801306.281000 0.127590120 0.005680750 0.215283900 -0.008591657 0.282723606 -0.015541007 0.959037006
1695801306.565000 0.134957612 0.005159359 0.225337148 -0.012683049 0.294731379 -0.023197107 0.955214441
1695801306.826000 0.138488680 0.006740475 0.239612550 -0.005474429 0.299304783 -0.017239727 0.953986108
1695801307.091000 0.146519944 0.007072695 0.248837858 -0.005466697 0.302067995 -0.019639993 0.953068376
1695801307.352000 0.151908696 0.006787783 0.259440184 -0.005842853 0.303985685 -0.018080343 0.952487111
1695801307.622000 0.164533123 0.006718303 0.274442077 -0.008337942 0.312540680 -0.020637145 0.949643612
1695801307.883000 0.162677705 0.006974711 0.271586239 -0.004644255 0.316629171 -0.017279327 0.948380649
1695801308.146000 0.161376566 0.008677704 0.277993143 -0.005330955 0.320345491 -0.018144898 0.947112024
1695801308.397000 0.177052483 0.008326534 0.291219711 -0.003854496 0.318390548 -0.019613411 0.947748899
1695801308.650000 0.186338469 0.007395877 0.301244706 -0.004862131 0.316885084 -0.016640564 0.948305488
1695801308.923000 0.187024310 0.007503732 0.302505732 -0.005025078 0.318032473 -0.017421791 0.947906435
1695801309.176000 0.193634048 0.008454228 0.311769068 -0.004377357 0.318673342 -0.017978001 0.947683990
1695801309.416000 0.200538680 0.008688858 0.319905728 -0.004412774 0.318368554 -0.019088089 0.947764575
1695801309.676000 0.205278426 0.009054248 0.328468263 -0.004831817 0.319715977 -0.018255590 0.947325289
1695801309.932000 0.208445907 0.008446218 0.332315505 -0.005982351 0.319269538 -0.016264601 0.947505474
1695801310.169000 0.214560151 0.008546380 0.340810061 -0.005897271 0.319486797 -0.015497002 0.947445631
1695801310.467000 0.218244091 0.009087551 0.347822040 -0.003295837 0.320078045 -0.014567315 0.947273493
1695801310.716000 0.226176053 0.009073628 0.355280071 -0.002993588 0.318654627 -0.017501282 0.947704613
1695801310.972000 0.232508898 0.008853478 0.362339586 -0.003437404 0.318159521 -0.016836118 0.947881460
1695801311.225000 0.237554789 0.008800463 0.369772375 -0.005288001 0.318385214 -0.016177617 0.947808623
1695801311.472000 0.241511062 0.009170150 0.376618803 -0.003323717 0.318897337 -0.014161206 0.947677612
1695801311.726000 0.245251924 0.010310099 0.384692937 -0.003363115 0.321142256 -0.018529601 0.946843743
1695801311.975000 0.253457487 0.008988607 0.391119182 -0.005073539 0.319818944 -0.016575379 0.947320104
1695801312.222000 0.259045243 0.009467796 0.397931278 -0.004075028 0.319373518 -0.016810982 0.947471082
1695801312.484000 0.263871282 0.009042788 0.404479921 -0.004301233 0.318711787 -0.013717898 0.947742701
1695801312.737000 0.266190171 0.009296440 0.408331990 -0.005353589 0.319334716 -0.016477065 0.947483659
1695801312.987000 0.275350153 0.008983819 0.419167459 -0.005259161 0.319731832 -0.015173855 0.947372019
1695801313.295000 0.279534429 0.008845821 0.425591439 -0.005799270 0.319467366 -0.012723604 0.947494090
1695801313.547000 0.284764737 0.008889485 0.433949590 -0.004215696 0.320917010 -0.012345669 0.947017491
1695801313.789000 0.289217532 0.009356298 0.440419018 -0.006382394 0.321844637 -0.015242372 0.946648300
1695801314.035000 0.299907655 0.010061717 0.451946437 -0.006362968 0.321869552 -0.016057186 0.946626484
1695801314.279000 0.304077536 0.010344820 0.458459914 -0.005740863 0.322319448 -0.014606618 0.946500897
1695801314.530000 0.307532758 0.010410113 0.464626908 -0.005367260 0.323251396 -0.014776576 0.946182549
1695801314.778000 0.313341379 0.010589045 0.473843366 -0.003649011 0.324622989 -0.013361091 0.945742071
1695801315.030000 0.323133320 0.010725411 0.480911732 -0.004586414 0.324037701 -0.018344684 0.945855200
1695801315.281000 0.327909827 0.009779979 0.487069547 -0.005506014 0.322603285 -0.013067165 0.946428120
1695801315.530000 0.332764685 0.010309216 0.494068205 -0.003796910 0.322556466 -0.011944110 0.946467280
1695801315.781000 0.339605778 0.010192826 0.502600193 -0.003086886 0.324187875 -0.011274202 0.945920527
1695801316.019000 0.343757510 0.011126144 0.510177076 -0.003470837 0.324733078 -0.014286051 0.945691466
1695801316.255000 0.349883556 0.011664634 0.516932428 -0.003137599 0.327357113 -0.015097538 0.944774926
1695801316.505000 0.353072643 0.011405149 0.519928813 -0.003141864 0.327221513 -0.013522582 0.944845736
1695801316.733000 0.356999040 0.011747664 0.524522662 -0.002943237 0.327647984 -0.014715842 0.944680750
1695801316.996000 0.360148072 0.011463129 0.528449476 -0.004880839 0.328389108 -0.018821105 0.944342434
1695801317.214000 0.364563346 0.011590671 0.532855988 -0.003669463 0.327031970 -0.012086433 0.944928885
1695801317.451000 0.377832949 0.012257537 0.551197827 -0.003016138 0.328838527 -0.017924942 0.944211245
1695801317.687000 0.377750754 0.012687843 0.551986575 -0.002896755 0.329798430 -0.021016523 0.943813026
1695801317.931000 0.375347465 0.013137233 0.546287775 -0.004384982 0.329045922 -0.023332197 0.944015443
1695801318.171000 0.378549218 0.014527945 0.548747659 -0.002462594 0.328015953 -0.016151473 0.944530964
1695801318.407000 0.388902664 0.012703742 0.566443920 -0.002747084 0.330780804 -0.017648574 0.943538606
1695801318.651000 0.387291223 0.013596448 0.559966445 -0.004462891 0.330878496 -0.021451324 0.943419039
1695801319.018000 0.400640756 0.012081329 0.575032473 -0.004072751 0.327924907 -0.017511478 0.944532752
1695801319.231000 0.396737218 0.012517695 0.573509216 -0.002313083 0.332032770 -0.027874606 0.942853153
1695801319.457000 0.403609157 0.012659049 0.583409429 -0.003801162 0.331575841 -0.019949537 0.943210006
1695801319.690000 0.405694276 0.011927616 0.586894274 -0.002868966 0.331605315 -0.012291148 0.943333805
1695801319.925000 0.408717602 0.011889659 0.590710700 -0.004326019 0.332061857 -0.014063575 0.943142891
1695801320.172000 0.411751300 0.012113001 0.592245758 -0.005203007 0.329851359 -0.010764687 0.943957210
1695801320.390000 0.414360970 0.012328142 0.596346200 -0.004891214 0.329661787 -0.018816795 0.943898916
1695801320.647000 0.418030858 0.012399568 0.601665914 -0.003541954 0.332051575 -0.022324216 0.942990363
1695801320.867000 0.421376914 0.012582403 0.604900956 -0.005679473 0.331518352 -0.023565801 0.943137348
1695801321.096000 0.422274023 0.012636900 0.607884347 -0.001973495 0.333248764 -0.020921007 0.942604721
1695801321.331000 0.425832748 0.012681450 0.611118555 -0.003258746 0.330638081 -0.020748280 0.943523943
1695801321.569000 0.429852098 0.012739537 0.616043210 -0.005235723 0.332340568 -0.024255356 0.942833006
1695801321.804000 0.434214741 0.012827868 0.620665908 -0.003907543 0.331430286 -0.022350932 0.943206906
1695801322.245000 0.437165141 0.012816206 0.624421418 -0.005223414 0.335345596 -0.022034930 0.941823065
1695801322.472000 0.440876245 0.013688456 0.625607848 -0.008349987 0.334548444 -0.024074527 0.942034006
1695801322.701000 0.443853736 0.012818892 0.630226314 -0.001470119 0.335623384 -0.027289731 0.941599786
1695801322.929000 0.448232293 0.013394823 0.640105188 -0.001060197 0.341355473 -0.027260324 0.939538300
1695801323.159000 0.451617807 0.013085376 0.643943667 -0.007160466 0.341353178 -0.022403661 0.939640820
1695801323.400000 0.454220951 0.012742415 0.646482408 -0.004568959 0.339172721 -0.017711354 0.940546334
1695801323.632000 0.454694510 0.013106667 0.649679005 -0.007546961 0.342787355 -0.020838257 0.939151645
1695801323.854000 0.454868317 0.013512555 0.649406016 -0.008580378 0.344625890 -0.018796436 0.938512683
1695801324.079000 0.460751027 0.013002531 0.655118108 -0.005971740 0.343810648 -0.023496021 0.938726068
1695801324.350000 0.462057590 0.012989970 0.657957554 -0.005986530 0.348466605 -0.024910115 0.936971068
1695801324.572000 0.463559031 0.013321989 0.661652982 -0.006108900 0.351554245 -0.021717846 0.935895681
1695801324.792000 0.464526802 0.013201391 0.662794828 -0.007247580 0.350231230 -0.020749599 0.936405361
1695801325.016000 0.470398575 0.013438026 0.668575525 -0.007369066 0.344473451 -0.022087181 0.938507259
1695801325.247000 0.472930968 0.013599044 0.673547447 -0.004364168 0.348008722 -0.021746526 0.937228918
1695801325.468000 0.472911745 0.013487387 0.673308432 -0.006252639 0.348021746 -0.024387822 0.937148392
1695801325.699000 0.479410827 0.013518592 0.677947402 -0.005925480 0.341237277 -0.024262311 0.939645350
1695801325.922000 0.477993816 0.012868364 0.677814960 -0.009464523 0.344380438 -0.021133650 0.938544571
1695801326.153000 0.483659536 0.012697692 0.680740297 -0.001072362 0.335820347 -0.025549658 0.941578925
1695801326.370000 0.486513138 0.013450744 0.685617089 -0.000192435 0.339716703 -0.026600076 0.940151572
1695801326.609000 0.490421772 0.013428822 0.688906550 -0.007851509 0.337190390 -0.031490974 0.940876901
1695801326.820000 0.492986977 0.013379548 0.691447616 -0.008462760 0.335097313 -0.029274823 0.941690624
1695801327.047000 0.494563639 0.013342452 0.694083571 -0.005927913 0.336195618 -0.027237767 0.941379547
1695801327.273000 0.497359425 0.013500338 0.697072744 -0.004942634 0.335474879 -0.027057022 0.941647589
1695801327.492000 0.498718828 0.013681896 0.700492680 -0.007823066 0.339822948 -0.027877336 0.940043688
1695801327.722000 0.501242757 0.013758975 0.703118324 -0.013537948 0.339565754 -0.026952870 0.940098584
1695801327.937000 0.504145026 0.013720148 0.706071675 -0.008505921 0.336697042 -0.025923379 0.941217721
1695801328.159000 0.506084263 0.013802368 0.709046721 -0.003490854 0.338531673 -0.029509710 0.940485716
1695801328.382000 0.508235276 0.013617780 0.710943341 -0.008224061 0.336653262 -0.029308571 0.941136539
1695801328.606000 0.510681808 0.013550565 0.713952065 -0.009200213 0.327193856 -0.025628947 0.944564879
1695801328.829000 0.512424052 0.013596591 0.717023909 -0.009275121 0.326751441 -0.029252257 0.944612026
1695801329.055000 0.514853358 0.013718398 0.719312787 -0.008155648 0.323897928 -0.028805640 0.945618272
1695801329.286000 0.517279088 0.013778511 0.722449183 -0.008596612 0.323855042 -0.028067116 0.945651233
1695801329.514000 0.520632505 0.013794068 0.726289093 -0.009638343 0.322834194 -0.028957177 0.945963323
1695801329.729000 0.521424353 0.013827085 0.727712691 -0.009194479 0.323277324 -0.028902918 0.945818067
1695801329.974000 0.523940861 0.014068596 0.730616212 -0.008342677 0.323073745 -0.030364122 0.945849836
1695801330.243000 0.525908232 0.013817117 0.732997060 -0.008390711 0.321846575 -0.026958084 0.946370780
1695801330.451000 0.528795123 0.013958076 0.737349987 -0.008760175 0.323709369 -0.028571678 0.945684552
1695801330.687000 0.529605210 0.013784906 0.738477349 -0.009727427 0.323126972 -0.026945636 0.945921898
1695801330.902000 0.531793416 0.013919396 0.741115153 -0.008720927 0.323475152 -0.030796438 0.945695221
1695801331.132000 0.533679783 0.014152434 0.743865252 -0.005239889 0.323661268 -0.028378164 0.945732892
1695801331.357000 0.535481632 0.013994562 0.746183217 -0.007727856 0.322408140 -0.027676307 0.946164548
1695801331.569000 0.537398398 0.014125848 0.748964965 -0.008547226 0.323421448 -0.028220095 0.945795476
1695801331.788000 0.539772928 0.013969239 0.751575053 -0.009873683 0.321572870 -0.027287666 0.946440101
1695801332.008000 0.541185319 0.014075726 0.753690481 -0.009047238 0.318921745 -0.028180990 0.947318792
1695801332.225000 0.542834222 0.014151895 0.756312609 -0.008865491 0.318570763 -0.027567929 0.947456658
1695801332.449000 0.544414401 0.014263589 0.758997738 -0.008572406 0.319940209 -0.027235214 0.947007477
1695801332.665000 0.547173619 0.014368784 0.760344625 -0.009460171 0.315566361 -0.029689815 0.948391736
1695801332.883000 0.547944665 0.014165150 0.761742115 -0.010172126 0.319174200 -0.031379137 0.947121799
1695801333.103000 0.548223555 0.014089065 0.763314426 -0.009224718 0.323893666 -0.027678186 0.945643604
1695801333.345000 0.550466359 0.014346365 0.765833259 -0.007683260 0.326057673 -0.032673970 0.944753885
1695801333.554000 0.552542746 0.013981046 0.767411828 -0.009817288 0.324277043 -0.032636933 0.945348024
1695801333.790000 0.553956032 0.014191268 0.769549131 -0.010020285 0.320333779 -0.030699201 0.946754158
1695801333.994000 0.555592179 0.014192659 0.771599233 -0.009703834 0.319278717 -0.029970244 0.947137177
1695801334.216000 0.556638360 0.014191506 0.773355484 -0.009840446 0.321701437 -0.029751305 0.946322501
1695801334.433000 0.558239579 0.014359999 0.775248170 -0.008613992 0.319735706 -0.031742871 0.946935833
1695801334.648000 0.558540165 0.014305327 0.775682867 -0.007237023 0.320914060 -0.029345175 0.946625948
1695801334.862000 0.558972239 0.014575902 0.776775122 -0.009373027 0.320252120 -0.031470597 0.946763098
1695801335.078000 0.561276197 0.014447596 0.778876424 -0.010198992 0.317080319 -0.030633122 0.947849035
1695801335.295000 0.561286867 0.014835542 0.780266643 -0.009937949 0.321021616 -0.031073188 0.946509838
1695801335.517000 0.563099265 0.014378201 0.781470060 -0.008765894 0.319211096 -0.030312423 0.947158158
1695801335.935000 0.563056588 0.014244782 0.781562686 -0.009901083 0.318713486 -0.028361771 0.947374940
1695801336.148000 0.564720452 0.014327014 0.784713328 -0.007578450 0.317838997 -0.027511226 0.947715163
1695801336.364000 0.566082597 0.014304159 0.786545932 -0.006609976 0.316859424 -0.029304422 0.947996676
1695801336.590000 0.566865087 0.014367349 0.787130892 -0.008148065 0.318513870 -0.029351829 0.947428644
1695801336.800000 0.568463266 0.014166649 0.788840413 -0.010774639 0.318512708 -0.026194496 0.947495401
1695801337.011000 0.570976436 0.014147175 0.791327775 -0.011707037 0.317289352 -0.028195878 0.947837293
1695801337.221000 0.571262836 0.014323279 0.793200850 -0.011643900 0.318909943 -0.028192278 0.947294116
1695801337.430000 0.570097089 0.014396239 0.791052043 -0.008202647 0.316869497 -0.027177095 0.948044240
1695801337.637000 0.570547104 0.014349248 0.791909575 -0.007362533 0.319224298 -0.025487401 0.947307825
1695801337.845000 0.571415484 0.014454614 0.792909384 -0.009650746 0.318926126 -0.030762330 0.947231114
1695801338.055000 0.571771443 0.014589118 0.793077707 -0.011540635 0.314883262 -0.027522461 0.948661149
1695801338.266000 0.571960747 0.014447447 0.792501688 -0.010768681 0.313366860 -0.027833246 0.949163079
1695801338.602000 0.571732283 0.014509970 0.791485131 -0.010476384 0.309821427 -0.027290840 0.950345278
1695801338.830000 0.567384899 0.014512331 0.787884593 -0.008799929 0.317081839 -0.023806809 0.948058546
1695801339.040000 0.568971276 0.014471943 0.786208510 -0.010065531 0.312536657 -0.021668134 0.949605286
1695801339.257000 0.570356607 0.014318437 0.786720634 -0.008450906 0.308372468 -0.016771963 0.951080322
1695801339.484000 0.570342481 0.014232931 0.786302924 -0.010863486 0.307645440 -0.021818722 0.951188862
1695801339.689000 0.563497603 0.014536544 0.782870770 -0.009782153 0.312471986 -0.024310576 0.949565530
1695801339.915000 0.564127624 0.014149310 0.783467591 -0.009205259 0.314720750 -0.020910617 0.948909342
1695801340.116000 0.564956009 0.014172071 0.784314513 -0.009798929 0.315969557 -0.025065914 0.948387563
1695801340.325000 0.567314863 0.014099693 0.789517164 -0.008750625 0.315546185 -0.027650552 0.948466957
1695801340.539000 0.572002709 0.014611131 0.794036448 -0.009630010 0.315082610 -0.020656351 0.948790550
1695801340.738000 0.572207093 0.014526461 0.794344306 -0.011574191 0.315415919 -0.021884032 0.948630571
1695801340.955000 0.572384119 0.014496097 0.794742703 -0.011263250 0.315540791 -0.021796772 0.948594809
1695801341.144000 0.572454035 0.014639935 0.795137525 -0.009753518 0.314606190 -0.013885518 0.949070632
1695801341.361000 0.572138965 0.014586133 0.794045687 -0.010057203 0.312849343 -0.010177906 0.949694991
1695801341.553000 0.572479010 0.014567976 0.794730902 -0.012996951 0.315908521 -0.020645786 0.948475957
1695801341.771000 0.572634935 0.014617243 0.795137763 -0.013022177 0.317609817 -0.023500612 0.947840810
1695801341.959000 0.572713196 0.014625938 0.795255125 -0.010578264 0.314402550 -0.013190785 0.949139178
1695801342.166000 0.572676480 0.014582261 0.794737697 -0.012163973 0.312408268 -0.013423842 0.949775219
1695801342.390000 0.572725773 0.014581287 0.794826865 -0.012540700 0.315797299 -0.014570883 0.948631942
1695801342.571000 0.572815895 0.014579159 0.794807673 -0.012047254 0.317126334 -0.022077831 0.948049724
1695801342.771000 0.572871745 0.014537197 0.794891655 -0.015377888 0.319782108 -0.032787681 0.946798742
1695801342.994000 0.572917104 0.014509771 0.794543982 -0.016449252 0.319907278 -0.033686049 0.946706951
1695801343.178000 0.572942674 0.014398741 0.793555975 -0.015286475 0.320540339 -0.033103827 0.946532845
1695801343.388000 0.573081672 0.014158241 0.791277587 -0.016265433 0.317752361 -0.028318953 0.947611213
1695801343.582000 0.573317885 0.014437784 0.793835282 -0.013688928 0.317226827 -0.023639001 0.947956204
1695801343.777000 0.574923456 0.014067017 0.795105040 -0.012828218 0.318546921 -0.031005351 0.947313070
1695801343.986000 0.574920893 0.014451233 0.795192719 -0.013474044 0.316430032 -0.021371644 0.948279381
1695801344.203000 0.574031532 0.014153892 0.795096517 -0.019243605 0.317969471 -0.026807675 0.947526515
1695801344.386000 0.573571920 0.014392484 0.794087112 -0.018200578 0.316946685 -0.024126960 0.947961748
1695801344.582000 0.572576821 0.015329265 0.791930318 -0.012548679 0.314683110 -0.020682117 0.948888540
1695801344.775000 0.572906315 0.014692770 0.793358982 -0.013675732 0.317482799 -0.025390543 0.947825372
1695801344.976000 0.573651016 0.014651846 0.793792367 -0.013842515 0.314981133 -0.020370841 0.948778391
1695801345.176000 0.573654354 0.014413362 0.793991685 -0.012410129 0.315733433 -0.022625567 0.948497057
1695801345.372000 0.573942006 0.014379073 0.794026375 -0.015813645 0.317090690 -0.029586298 0.947801769
1695801345.570000 0.576158285 0.014498123 0.795663476 -0.013495023 0.313983291 -0.023418158 0.949043751
1695801345.766000 0.573150635 0.014742597 0.791716695 -0.013994785 0.311128438 -0.021139123 0.950029731
1695801345.962000 0.571896076 0.015228223 0.791511953 -0.003171963 0.313219249 -0.014817265 0.949559927
1695801346.162000 0.572552025 0.014646054 0.793018579 -0.012359551 0.313028425 -0.015479648 0.949537158
1695801346.356000 0.572930217 0.014256548 0.791990757 -0.011067000 0.307983518 -0.012458561 0.951245844
1695801346.552000 0.574422002 0.014175902 0.792278647 -0.008533980 0.306120545 -0.014587202 0.951842785
1695801346.746000 0.572411895 0.014130224 0.792145014 -0.008478580 0.306389511 -0.014006651 0.951765418
1695801346.937000 0.570319474 0.014318101 0.792056322 -0.012077043 0.319263250 -0.016231557 0.947450101
1695801347.362000 0.566806674 0.014649415 0.791055322 -0.009883749 0.314790159 -0.025185222 0.948775649
1695801347.548000 0.574100792 0.014326940 0.795219958 -0.010678534 0.309916258 -0.020937776 0.950473309
1695801347.743000 0.575552702 0.014261110 0.796510696 -0.010870076 0.306841820 -0.019511756 0.951498389
1695801347.932000 0.571344376 0.013832991 0.792767644 -0.012348005 0.314110756 -0.019020787 0.949115515
1695801348.119000 0.572262704 0.014383418 0.794084072 -0.013788558 0.319562435 -0.023914624 0.947163045
1695801348.310000 0.573375463 0.014161883 0.795298576 -0.013082855 0.321305335 -0.023577726 0.946591735
1695801348.501000 0.574020565 0.013933463 0.796114862 -0.013097852 0.318988502 -0.016079612 0.947531700
1695801348.687000 0.572960019 0.014353506 0.794893324 -0.010872656 0.322812438 -0.018910317 0.946211576
1695801348.880000 0.572977304 0.014298111 0.795009255 -0.009801478 0.321536273 -0.020666929 0.946621001
1695801349.064000 0.572658122 0.014360251 0.794260383 -0.012130160 0.323929787 -0.020716261 0.945776582
1695801349.247000 0.573467731 0.014474005 0.794828653 -0.012682782 0.327909201 -0.023005055 0.944343984
1695801349.429000 0.573247015 0.014432481 0.794418097 -0.015609855 0.328699857 -0.027435344 0.943906784
1695801349.619000 0.572451293 0.014289433 0.793946147 -0.018314360 0.330404222 -0.028845778 0.943220913
1695801349.808000 0.572749674 0.014470590 0.794865966 -0.014844602 0.333304286 -0.025673028 0.942352831
1695801349.989000 0.571639717 0.014452977 0.792695999 -0.018957959 0.332691342 -0.028559158 0.942412615
1695801350.189000 0.570263684 0.014681302 0.790319562 -0.020634305 0.330200613 -0.032843642 0.943113565
1695801350.358000 0.572903216 0.014320667 0.793909371 -0.016508924 0.329175204 -0.024465958 0.943807542
1695801350.541000 0.575718164 0.014163798 0.798243403 -0.012350031 0.330344260 -0.021131719 0.943543196
1695801350.724000 0.576284111 0.014515049 0.798833549 -0.009984821 0.331379682 -0.020134037 0.943229795
1695801350.916000 0.575491011 0.014539061 0.797982454 -0.011505887 0.333532929 -0.024027674 0.942362010
1695801351.087000 0.577044725 0.014626297 0.799583912 -0.007424291 0.330120593 -0.020089904 0.943695784
1695801351.270000 0.577339470 0.014704052 0.800379157 -0.005470694 0.332099289 -0.015713535 0.943097651
1695801351.453000 0.577967227 0.014808201 0.801190734 -0.004965711 0.332750708 -0.017231468 0.942844331
1695801351.635000 0.577664614 0.014625055 0.800767422 -0.008589972 0.332190633 -0.019843018 0.942964435
1695801351.817000 0.577524662 0.014612861 0.800402880 -0.008299559 0.331291378 -0.021149253 0.943255007
1695801352.001000 0.578089535 0.014612434 0.801043510 -0.010398268 0.331010073 -0.022123879 0.943310499
1695801352.181000 0.578045428 0.014619479 0.801131010 -0.010697917 0.331965506 -0.022678858 0.942958176
1695801352.359000 0.578106642 0.014564697 0.801332116 -0.014333475 0.332607508 -0.027318113 0.942560613
1695801352.544000 0.578413188 0.014477471 0.801496804 -0.013066844 0.330815226 -0.025092177 0.943271399
1695801352.719000 0.578801513 0.014556251 0.801891565 -0.012183368 0.328832626 -0.025200807 0.943973303
1695801352.894000 0.578906476 0.014634432 0.802076817 -0.011327631 0.331401438 -0.025217233 0.943084836
1695801353.074000 0.579475939 0.014659488 0.802771449 -0.010040697 0.330615461 -0.023665702 0.943415344
1695801353.248000 0.579894006 0.014674140 0.803270578 -0.013091622 0.330121279 -0.029200537 0.943395913
1695801353.426000 0.580097616 0.014572382 0.803695023 -0.013385562 0.332614899 -0.028582454 0.942534506
1695801353.604000 0.580324650 0.014679709 0.803932846 -0.011134980 0.331006795 -0.024881136 0.943234622
1695801353.777000 0.581082046 0.014640035 0.804769278 -0.011258902 0.329585373 -0.025431758 0.943716049
1695801353.952000 0.581396163 0.014654968 0.805502236 -0.010697808 0.333022863 -0.026177859 0.942494631
1695801354.146000 0.581523955 0.014679125 0.805648863 -0.010423286 0.331559688 -0.025529429 0.943031192
1695801354.312000 0.581918418 0.014709435 0.805928469 -0.010476336 0.331606209 -0.025962928 0.943002403
1695801354.486000 0.582019567 0.014692899 0.805750787 -0.011795371 0.330336481 -0.024603143 0.943468809
1695801354.936000 0.582282364 0.014674099 0.806494117 -0.010170357 0.331930310 -0.023193385 0.942963958
1695801355.122000 0.583070040 0.014694549 0.807636797 -0.011328702 0.334211498 -0.025279583 0.942090929
1695801355.298000 0.583348751 0.014708513 0.807946384 -0.011842238 0.333283305 -0.026336171 0.942384422
1695801355.474000 0.583514392 0.014768587 0.808003902 -0.010778600 0.332385093 -0.029239113 0.942628860
1695801355.646000 0.583773613 0.014707604 0.808207035 -0.012406358 0.332368493 -0.030777384 0.942565680
1695801355.819000 0.584025145 0.014797224 0.808714151 -0.008923664 0.333466500 -0.027820924 0.942309201
1695801355.989000 0.584280014 0.014760125 0.809095979 -0.010110140 0.334854454 -0.029524297 0.941753030
1695801356.164000 0.584511518 0.014750019 0.809296370 -0.011478998 0.334549278 -0.030098049 0.941827595
1695801356.354000 0.584745824 0.014819924 0.809564292 -0.009411694 0.332545877 -0.028585935 0.942606747
1695801356.546000 0.584979296 0.014828408 0.810097992 -0.011255486 0.336727440 -0.030223938 0.941049695
1695801356.716000 0.585300088 0.014817793 0.810266435 -0.010318490 0.334014207 -0.029008029 0.942065120
1695801356.886000 0.585474789 0.014840055 0.810603976 -0.009939075 0.334991246 -0.027159270 0.941777349
1695801357.064000 0.585740626 0.014843430 0.810755908 -0.010801704 0.333073676 -0.026561802 0.942464709
1695801357.238000 0.585980892 0.014830161 0.811106503 -0.014279065 0.333075643 -0.024102950 0.942483842
1695801357.437000 0.586275697 0.014846615 0.811471224 -0.016436066 0.333111018 -0.023487618 0.942451775
1695801357.616000 0.586527586 0.014852758 0.811763167 -0.009578512 0.331502438 -0.023916561 0.943102598
1695801357.784000 0.586692631 0.014914928 0.812094152 -0.004090870 0.334742308 -0.028318087 0.941875219
1695801357.970000 0.587011397 0.014889108 0.812408447 -0.006407748 0.334215969 -0.029539339 0.942011774
1695801358.133000 0.587253690 0.014850115 0.812616944 -0.009346741 0.332290143 -0.028038220 0.942714095
1695801358.300000 0.587388396 0.014867043 0.812732518 -0.009582566 0.332409799 -0.028470136 0.942656577
1695801358.479000 0.587574363 0.014861148 0.812954426 -0.010048017 0.333256453 -0.030844575 0.942278028
1695801358.675000 0.587840617 0.014896361 0.813370526 -0.008762063 0.333343327 -0.030813484 0.942261159
1695801358.844000 0.587511480 0.014881905 0.813086808 -0.010359697 0.333415598 -0.030141575 0.942241073
1695801359.016000 0.587726176 0.014837911 0.813234508 -0.010579949 0.333185315 -0.029880835 0.942328393
1695801359.185000 0.587922752 0.014882108 0.813435137 -0.008574917 0.331144810 -0.029079340 0.943092823
1695801359.355000 0.588123262 0.014891261 0.813715041 -0.010005590 0.332176030 -0.031390768 0.942641854
1695801359.519000 0.588120103 0.014917567 0.813782513 -0.008339789 0.333250344 -0.030160587 0.942318976
1695801359.688000 0.587897718 0.014956554 0.813643575 -0.008638765 0.333138376 -0.030594850 0.942341924
1695801359.853000 0.588209331 0.014859265 0.813764393 -0.010413736 0.332096726 -0.029140288 0.942737639
1695801360.018000 0.588146150 0.014872400 0.813707650 -0.009821503 0.332216024 -0.029040484 0.942705035
1695801360.191000 0.588250816 0.014867870 0.813777924 -0.008834454 0.332917452 -0.032794002 0.942344189
1695801360.355000 0.588219881 0.014857268 0.813710272 -0.006599965 0.331662714 -0.033060957 0.942795515
1695801360.526000 0.588290989 0.014849966 0.813682258 -0.008442711 0.331014395 -0.030194743 0.943104744
1695801360.689000 0.588220894 0.014859926 0.813684940 -0.009965950 0.330001652 -0.027447937 0.943528652
1695801360.867000 0.588189602 0.014860498 0.813759565 -0.011870310 0.328346312 -0.031290211 0.943964422
1695801361.068000 0.588253319 0.014856465 0.813877225 -0.013335045 0.328292221 -0.034820624 0.943840027
1695801361.250000 0.588441908 0.014854768 0.813987851 -0.011122581 0.324170262 -0.028910764 0.945491552
1695801361.439000 0.588329494 0.014819382 0.813898861 -0.012338010 0.324375927 -0.021921467 0.945593774
1695801361.649000 0.588330448 0.014850704 0.813936770 -0.012179029 0.326796681 -0.028003231 0.944601238
1695801361.887000 0.588434637 0.014864592 0.814062834 -0.012814561 0.327758849 -0.031463731 0.944150388
1695801362.070000 0.588492513 0.014843656 0.814099848 -0.012553344 0.325823069 -0.026890747 0.944964886
1695801362.267000 0.588559985 0.014861925 0.814371884 -0.013210026 0.328235179 -0.032270670 0.943952262
1695801362.429000 0.588534236 0.014852941 0.814304709 -0.013633996 0.326468855 -0.027372247 0.944713175
1695801362.597000 0.588578224 0.014843000 0.814330459 -0.012571349 0.326299340 -0.029992662 0.944706917
1695801362.769000 0.588548362 0.014843386 0.814288259 -0.013826122 0.328109860 -0.031836394 0.944001734
1695801362.939000 0.588663995 0.014856340 0.814307034 -0.011233477 0.324945629 -0.026393155 0.945297599
1695801363.106000 0.588541210 0.014842020 0.814172745 -0.016495433 0.329130203 -0.036342688 0.943440795
1695801363.266000 0.588299870 0.014783371 0.813764155 -0.012708603 0.328240246 -0.031506855 0.943983138
1695801363.445000 0.588481188 0.014830193 0.814069450 -0.011477427 0.323732615 -0.028574465 0.945647478
1695801363.637000 0.588598967 0.014840942 0.814287841 -0.014660096 0.324788719 -0.024593951 0.945353210
1695801363.801000 0.588555932 0.014834393 0.814244926 -0.015235549 0.323331475 -0.024909643 0.945835233
1695801364.335000 0.588495255 0.014859393 0.814170659 -0.014315148 0.325213253 -0.019825108 0.945324481
1695801364.515000 0.588199914 0.014835491 0.813939929 -0.010189226 0.324692994 -0.020926371 0.945533037
1695801364.680000 0.588623285 0.014790894 0.814082325 -0.008294296 0.324861944 -0.019318596 0.945527792
1695801364.841000 0.589274645 0.014938636 0.815555334 -0.011260488 0.331158876 -0.024139253 0.943199039
1695801365.021000 0.589238465 0.015054682 0.815528452 -0.007460960 0.328525275 -0.025417205 0.944123685
1695801365.205000 0.589080095 0.014891425 0.814998031 -0.006173746 0.330067754 -0.024230456 0.943626046
1695801365.374000 0.589743197 0.014877442 0.815856576 -0.009341598 0.326775163 -0.026253501 0.944691181
1695801365.552000 0.589815617 0.014843814 0.815977514 -0.011409860 0.326188922 -0.028244177 0.944813728
1695801365.752000 0.589648545 0.014900804 0.815784037 -0.016577564 0.330561101 -0.033396125 0.943047881
1695801365.951000 0.589784682 0.014880886 0.815979362 -0.017114123 0.332169056 -0.034539774 0.942431867
1695801366.135000 0.589614034 0.014826763 0.815845847 -0.018327614 0.336775303 -0.034382593 0.940778553
1695801366.297000 0.589717150 0.014823034 0.815954626 -0.020821696 0.338249952 -0.039523199 0.939995468
1695801366.462000 0.589834690 0.014841897 0.816150963 -0.018391090 0.339118809 -0.036482919 0.939855993
1695801366.625000 0.590010703 0.014836121 0.816346824 -0.018605571 0.336407363 -0.034666546 0.940894365
1695801366.819000 0.589995444 0.014848202 0.816289842 -0.024007572 0.332810849 -0.031873532 0.942148983
1695801366.979000 0.589989483 0.014835404 0.816212177 -0.022771042 0.330535203 -0.033037093 0.942940414
1695801367.140000 0.590195894 0.014862401 0.816465795 -0.015962716 0.326903552 -0.032392103 0.944367588
1695801367.304000 0.590284169 0.014862807 0.816556633 -0.015344031 0.327464670 -0.029407308 0.944281042
1695801367.460000 0.590357602 0.014876656 0.816634119 -0.010381083 0.325221241 -0.029161260 0.945131242
1695801367.621000 0.590385675 0.014879892 0.816723108 -0.009752176 0.328897059 -0.030665798 0.943817377
1695801367.782000 0.590428889 0.014867919 0.816785455 -0.013383573 0.329949915 -0.034672946 0.943266571
1695801367.964000 0.590502501 0.014877345 0.816874385 -0.015626369 0.328504145 -0.029958781 0.943897963
1695801368.147000 0.590581059 0.014884073 0.816947401 -0.014675377 0.327167362 -0.029885266 0.944379747
1695801368.337000 0.590577543 0.014885116 0.816914856 -0.012387276 0.326656431 -0.034222148 0.944442153
1695801368.500000 0.590630710 0.014882974 0.816975713 -0.010416673 0.325331479 -0.033060670 0.944964528
1695801368.695000 0.590656936 0.014882058 0.817025483 -0.013789672 0.327641159 -0.033681508 0.944101036
1695801368.884000 0.590712667 0.014883088 0.817076564 -0.015597019 0.326002836 -0.034051720 0.944626629
1695801369.100000 0.590788722 0.014881440 0.817113757 -0.015341638 0.320663750 -0.033062950 0.946491539
1695801369.285000 0.590829372 0.014915667 0.817185819 -0.008884388 0.319749296 -0.026291292 0.947095752
1695801369.464000 0.590886056 0.014905460 0.817296147 -0.013427286 0.325675070 -0.032764491 0.944818497
1695801369.651000 0.590949595 0.014916873 0.817338407 -0.010424559 0.322255373 -0.028100481 0.946178257
1695801369.809000 0.590990424 0.014914120 0.817392409 -0.010521219 0.321634889 -0.028351888 0.946380794
1695801370.115000 0.591068566 0.014911860 0.817505836 -0.013008985 0.321977347 -0.029041193 0.946212471
1695801370.304000 0.591112375 0.014910541 0.817545593 -0.012761260 0.321138680 -0.030970534 0.946439624
1695801370.522000 0.591147900 0.014913278 0.817596555 -0.012532905 0.321979642 -0.029804040 0.946194351
1695801370.679000 0.591222405 0.014911840 0.817698538 -0.013039651 0.322528213 -0.031957321 0.945930362
1695801370.868000 0.591269016 0.014913248 0.817767978 -0.012643314 0.324898183 -0.032053467 0.945121169
1695801371.278000 0.591312110 0.014916865 0.817810953 -0.012693962 0.322570682 -0.031408560 0.945939004
1695801371.465000 0.591395915 0.014920032 0.817923725 -0.019014187 0.322941691 -0.026010744 0.945870340
1695801371.649000 0.591475725 0.014917761 0.818007946 -0.012177291 0.320882410 -0.028841002 0.946601510
1695801371.803000 0.591509461 0.014914906 0.818062663 -0.008388339 0.322111487 -0.030955017 0.946158350
1695801371.995000 0.591516733 0.014928253 0.818098366 -0.010318201 0.322462410 -0.028986322 0.946082115
1695801372.183000 0.591553569 0.014923293 0.818145990 -0.014780463 0.322106838 -0.029210594 0.946137190
1695801372.373000 0.591587663 0.014921183 0.818200111 -0.015116700 0.323742032 -0.032183491 0.945477068
1695801372.554000 0.591632903 0.014928877 0.818232119 -0.011194812 0.320855826 -0.029081751 0.946615279
1695801372.707000 0.591676056 0.014936537 0.818300724 -0.008483554 0.321104109 -0.026287509 0.946641028
1695801372.900000 0.591714084 0.014931714 0.818367064 -0.010576717 0.324185967 -0.030105073 0.945455074
1695801373.089000 0.591759980 0.014932921 0.818409562 -0.009306452 0.321042567 -0.028387597 0.946593463
1695801373.278000 0.591801226 0.014938630 0.818463683 -0.011472567 0.320958465 -0.027665514 0.946619630
1695801373.468000 0.591847718 0.014940884 0.818519056 -0.012247855 0.321149826 -0.026897354 0.946567118
1695801373.659000 0.591898322 0.014941786 0.818566263 -0.012159485 0.320236474 -0.023882214 0.946958482
1695801373.818000 0.591905951 0.014965713 0.818525553 -0.011430039 0.319280624 -0.024278387 0.947280288
1695801374.005000 0.591973066 0.014935410 0.818652391 -0.012987834 0.321540862 -0.028263418 0.946384728
1695801374.194000 0.591986358 0.014936805 0.818737030 -0.013769976 0.324891180 -0.030764224 0.945150614
1695801374.385000 0.592006326 0.014942650 0.818684638 -0.014186478 0.320136875 -0.030132104 0.946785748
1695801374.572000 0.592048883 0.014948120 0.818790793 -0.012001716 0.321839631 -0.027830755 0.946308970
1695801374.747000 0.592111051 0.014940510 0.818872571 -0.013296857 0.318839550 -0.026642488 0.947340906
1695801374.933000 0.592147291 0.014949672 0.818945467 -0.010537267 0.320315242 -0.024516361 0.946935117
1695801375.117000 0.592174709 0.014937174 0.818972647 -0.014594054 0.323338747 -0.032079227 0.945626795
1695801375.297000 0.592217088 0.014951721 0.819040596 -0.011208083 0.321850806 -0.026407607 0.946355700
1695801375.477000 0.592206836 0.014938150 0.819046259 -0.012573492 0.321432680 -0.024151621 0.946540952
1695801375.635000 0.592236936 0.014949788 0.819039762 -0.009838774 0.317955434 -0.021143002 0.947818816
1695801375.814000 0.592223644 0.014955068 0.818978906 -0.011937636 0.317662984 -0.025544591 0.947784364
1695801375.994000 0.592280686 0.014950803 0.819102287 -0.012058234 0.321079254 -0.027758058 0.946568668
1695801376.181000 0.592300832 0.014944388 0.819124699 -0.014703723 0.321622014 -0.028975535 0.946310520
1695801376.368000 0.592361152 0.014951676 0.819210947 -0.012405609 0.320040196 -0.024365885 0.947009325
1695801376.559000 0.592344582 0.014951750 0.819178939 -0.013010162 0.319373935 -0.024324574 0.947227240
1695801376.727000 0.592360020 0.014944365 0.819235206 -0.013915677 0.323244780 -0.027001536 0.945827782
1695801376.905000 0.592380285 0.014949015 0.819225371 -0.010961913 0.321743190 -0.024281934 0.946452081
1695801377.080000 0.592383802 0.014948469 0.819211662 -0.012085596 0.319116771 -0.024811717 0.947313488
1695801377.262000 0.592382431 0.014944691 0.819225848 -0.014782656 0.319996417 -0.028740516 0.946867347
1695801377.458000 0.592435718 0.014942728 0.819304943 -0.015885781 0.320542842 -0.028687216 0.946666300
1695801377.617000 0.592434704 0.014947159 0.819313467 -0.014316631 0.321748406 -0.026841320 0.946336389
1695801377.808000 0.592442691 0.014950072 0.819291592 -0.016366752 0.321260214 -0.029243214 0.946397901
1695801377.973000 0.592468262 0.014960632 0.819313049 -0.012384900 0.316558599 -0.024827197 0.948167145
1695801378.164000 0.592480302 0.014963145 0.819336891 -0.011253533 0.316664010 -0.023741532 0.948173881
1695801378.330000 0.592564464 0.014963704 0.819474399 -0.011491082 0.318929464 -0.022916619 0.947431684
1695801378.506000 0.592586637 0.014964829 0.819522142 -0.009577974 0.321483642 -0.021671424 0.946618676
1695801378.687000 0.592592120 0.014962408 0.819524169 -0.012989957 0.320212483 -0.021784786 0.947006166
1695801378.863000 0.592629492 0.014959432 0.819548726 -0.011191563 0.317450643 -0.018353863 0.948031127
1695801379.041000 0.592614353 0.014961973 0.819541454 -0.012799433 0.320136994 -0.022515932 0.947017193
1695801379.229000 0.592645943 0.014962554 0.819579303 -0.006425597 0.317987084 -0.015829870 0.947941184
1695801379.393000 0.592667878 0.014963239 0.819618523 -0.006907188 0.320101202 -0.018964043 0.947168410
1695801379.569000 0.592730582 0.014960071 0.819687724 -0.010283092 0.316982538 -0.019053934 0.948184252
1695801379.744000 0.592709482 0.014965634 0.819666505 -0.013575970 0.321196020 -0.021258209 0.946676850
1695801379.919000 0.592779458 0.014964265 0.819746852 -0.011900255 0.315189421 -0.019878075 0.948746026
1695801380.095000 0.592702866 0.014964854 0.819617152 -0.011922028 0.315321624 -0.021548728 0.948665321
1695801380.277000 0.592686772 0.014950830 0.819584310 -0.015792441 0.317457169 -0.022491824 0.947874367
1695801380.445000 0.592606604 0.014913435 0.819542408 -0.021115694 0.322116047 -0.024353923 0.946151316
1695801380.631000 0.592741430 0.014953486 0.819714427 -0.013815144 0.319498599 -0.020106293 0.947272778
1695801381.184000 0.592754960 0.014949261 0.819682837 -0.013226890 0.314907104 -0.017996486 0.948859751
1695801381.344000 0.592848003 0.014938229 0.819712460 -0.013403744 0.305285692 -0.015287806 0.952043772
1695801381.516000 0.592737496 0.014950419 0.819711685 -0.021398917 0.323143065 -0.033620689 0.945510626
1695801381.692000 0.592736721 0.014918899 0.819697440 -0.024341721 0.324868023 -0.034983106 0.944798648
1695801381.859000 0.592751622 0.014939278 0.819667399 -0.019813152 0.316197485 -0.025709940 0.948137999
1695801382.029000 0.592722833 0.014938279 0.819642305 -0.019493654 0.315162271 -0.019301310 0.948641300
1695801382.202000 0.592740595 0.014923590 0.819698036 -0.019205043 0.318112373 -0.020351373 0.947640061
1695801382.374000 0.592727184 0.014944563 0.819668710 -0.022171726 0.320079297 -0.032516677 0.946573019
1695801382.540000 0.592719495 0.014943501 0.819642782 -0.020936253 0.316725135 -0.024644399 0.947966039
1695801382.704000 0.592769444 0.014940980 0.819723129 -0.019845696 0.318670899 -0.023366237 0.947369576
1695801382.890000 0.592856050 0.014947349 0.819765806 -0.021725945 0.313280582 -0.029241007 0.948961675
1695801383.039000 0.592918396 0.014932269 0.819820702 -0.022251954 0.314444453 -0.033271044 0.948431730
1695801383.206000 0.592917919 0.014941098 0.819822073 -0.019753356 0.310603619 -0.026687307 0.949959517
1695801383.374000 0.592930853 0.014942878 0.819827795 -0.015584953 0.307325870 -0.019874567 0.951269090
1695801383.538000 0.592920005 0.014956856 0.819827259 -0.010822352 0.307359844 -0.017201753 0.951376379
1695801383.707000 0.592941642 0.014950096 0.819885612 -0.014695365 0.313275993 -0.022553764 0.949280560
1695801383.880000 0.592963517 0.014959747 0.819915891 -0.006557993 0.312875599 -0.017776992 0.949605107
1695801384.065000 0.592983902 0.014963823 0.819941282 0.002227950 0.311304361 -0.012450507 0.950226128
1695801384.217000 0.593002141 0.014962984 0.819962978 -0.001298496 0.312310159 -0.013350101 0.949885547
1695801384.389000 0.593025744 0.014964527 0.819983602 -0.012099495 0.310146868 -0.013111264 0.950521290
1695801384.560000 0.593045235 0.014965532 0.820002556 -0.018493375 0.310327917 -0.011260391 0.950383008
1695801384.725000 0.593066156 0.014968474 0.820027769 -0.015204779 0.309409440 -0.014954985 0.950689733
1695801384.903000 0.593082488 0.014964988 0.820080101 -0.013134358 0.312335789 -0.018782234 0.949695230
1695801385.054000 0.593097746 0.014963087 0.820101440 -0.013128962 0.312779188 -0.024222124 0.949426234
1695801385.217000 0.593121290 0.014965828 0.820123672 -0.012573591 0.311580360 -0.018957468 0.949947476
1695801385.377000 0.593116522 0.014972196 0.820111513 -0.010242633 0.311563611 -0.021243704 0.949932575
1695801385.543000 0.593149006 0.014967166 0.820163250 -0.013536698 0.312283397 -0.026373638 0.949526370
1695801385.706000 0.593178332 0.014965598 0.820196450 -0.012666105 0.310061842 -0.026610162 0.950259507
1695801385.868000 0.593208492 0.014976203 0.820232272 -0.008076302 0.308068424 -0.015761003 0.951199353
1695801386.036000 0.593225896 0.014977732 0.820258081 -0.013485644 0.308873534 -0.016036823 0.950872302
1695801386.198000 0.593247175 0.014977069 0.820296466 -0.012262474 0.310711503 -0.015199432 0.950303674
1695801386.366000 0.593260825 0.014979837 0.820312142 -0.004410198 0.310019791 -0.014656126 0.950606942
1695801386.526000 0.593283117 0.014980651 0.820333004 -0.005267762 0.307421535 -0.016685652 0.951412559
1695801386.694000 0.593291819 0.014976142 0.820353568 -0.004234762 0.307495862 -0.010535999 0.951481700
1695801386.847000 0.593354046 0.014985763 0.820412040 -0.002412258 0.302185267 -0.011084543 0.953181744
1695801387.002000 0.593367100 0.014984870 0.820433676 -0.002515438 0.303763330 -0.011609470 0.952673554
1695801387.163000 0.593359590 0.014983748 0.820452690 -0.005084721 0.306779057 -0.007866718 0.951734722
1695801387.319000 0.593385041 0.014984410 0.820462048 -0.006263307 0.303062975 -0.007235341 0.952922523
1695801387.597000 0.593338668 0.014982629 0.820404172 -0.005322488 0.307060987 -0.009508772 0.951627493
1695801387.781000 0.593299210 0.014988370 0.820326626 -0.005705069 0.303626657 -0.006894518 0.952749133
1695801387.952000 0.593339443 0.014975883 0.820398092 -0.008507825 0.311411023 -0.009443292 0.950190306
1695801388.110000 0.593369186 0.014985846 0.820424855 -0.005169045 0.311865032 -0.007609793 0.950081885
1695801388.262000 0.593367934 0.014989935 0.820425570 -0.004277260 0.313447148 -0.007580176 0.949565768
1695801388.423000 0.593369544 0.014985308 0.820426762 -0.006931107 0.312251061 -0.009425721 0.949927568
1695801388.595000 0.593365610 0.014983406 0.820436001 -0.008591573 0.316004872 -0.009926349 0.948666751
1695801388.764000 0.593371332 0.014982823 0.820444524 -0.007128244 0.316065192 -0.007995605 0.948677003
1695801388.916000 0.593384206 0.014991384 0.820472836 -0.006690056 0.317954391 -0.007266356 0.948054612
1695801389.076000 0.593416929 0.014991229 0.820500493 -0.005813437 0.315201014 -0.011222243 0.948940754
1695801389.229000 0.593418181 0.014989707 0.820505857 -0.004898845 0.313564003 -0.008051584 0.949520290
1695801389.383000 0.593435407 0.014990667 0.820526183 -0.002976851 0.312163621 -0.008031244 0.949989736
1695801389.538000 0.593453050 0.014993696 0.820542693 -0.003451944 0.312574953 -0.006018505 0.949867785
1695801389.708000 0.593439817 0.014988430 0.820538104 -0.004957650 0.313197255 -0.009870896 0.949623883
1695801389.875000 0.593463600 0.014992251 0.820559084 -0.003988359 0.313253462 -0.010164608 0.949606836
1695801390.032000 0.593469501 0.014991079 0.820575833 -0.004995614 0.314297348 -0.008464006 0.949273765
1695801390.186000 0.593475640 0.014993445 0.820581794 -0.002486099 0.312539577 -0.006473245 0.949879527
1695801390.337000 0.593474686 0.014992847 0.820582747 -0.004054519 0.313330084 -0.006054567 0.949616373
1695801390.489000 0.593480647 0.014991417 0.820586026 -0.004006914 0.310449868 -0.005945867 0.950562775
1695801390.645000 0.593488574 0.014990699 0.820594966 -0.004410363 0.310170203 -0.004906490 0.950658202
1695801390.796000 0.593499184 0.014991495 0.820613742 -0.004059442 0.311884314 -0.005539030 0.950095296
1695801390.945000 0.593536556 0.014993068 0.820654213 -0.004422056 0.311277688 -0.006930073 0.950283468
1695801391.094000 0.593549907 0.014993733 0.820669055 -0.006202471 0.312241167 -0.011047618 0.949918449
1695801391.257000 0.593564212 0.014991336 0.820692360 -0.009682970 0.315605223 -0.014411896 0.948731780
1695801391.404000 0.593549788 0.014992774 0.820681274 -0.008786174 0.316452831 -0.013356057 0.948473573
1695801391.555000 0.593559504 0.014992579 0.820690989 -0.004503563 0.314996898 -0.013082539 0.948991895
1695801391.698000 0.593571007 0.014994866 0.820701301 -0.001384669 0.311262995 -0.010236629 0.950267732
1695801391.849000 0.593589425 0.014995600 0.820726216 -0.004070409 0.313069940 -0.009487414 0.949674010
1695801392.000000 0.593597949 0.014995568 0.820731997 -0.006011216 0.308111608 -0.008852449 0.951290071
1695801392.381000 0.593604505 0.014994551 0.820743322 -0.006631906 0.311102480 -0.009446082 0.950306356
1695801392.523000 0.593608260 0.014994171 0.820748687 -0.004888687 0.310678184 -0.008396022 0.950465500
1695801392.671000 0.593614340 0.014994922 0.820760906 -0.004301128 0.312577724 -0.010376618 0.949825823
1695801392.819000 0.593632042 0.014996147 0.820782900 -0.002957617 0.312907636 -0.008857463 0.949737728
1695801392.968000 0.593642354 0.014994425 0.820789278 -0.004891596 0.310162753 -0.006838550 0.950646281
1695801393.114000 0.593648553 0.014994748 0.820796371 -0.004759590 0.309481859 -0.007148445 0.950866580
1695801393.256000 0.593655825 0.014995162 0.820799410 -0.003377851 0.304090202 -0.009222631 0.952592611
1695801393.409000 0.593661070 0.014994998 0.820807874 -0.005544723 0.304639459 -0.010821490 0.952390134
1695801393.553000 0.593667567 0.014995265 0.820820272 -0.005257673 0.307604373 -0.008328810 0.951463401
1695801393.702000 0.593673766 0.014995552 0.820828855 -0.005023698 0.307971507 -0.007306559 0.951354265
1695801393.844000 0.593679607 0.014995072 0.820839286 -0.005525374 0.308767468 -0.008652132 0.951082170
1695801393.998000 0.593684673 0.014995247 0.820845306 -0.008490905 0.308507472 -0.009436435 0.951137245
1695801394.143000 0.593684971 0.014995990 0.820846736 -0.012577591 0.309113473 -0.008314831 0.950905681
1695801394.288000 0.593689442 0.014995710 0.820850611 -0.009920981 0.308336914 -0.009747330 0.951175570
1695801394.429000 0.593694091 0.014996052 0.820860028 -0.003399836 0.311087519 -0.007483273 0.950345755
1695801394.588000 0.593707085 0.014995927 0.820878208 -0.004010138 0.310445786 -0.009592647 0.950534225
1695801394.728000 0.593709230 0.014995655 0.820882678 -0.007594253 0.309240103 -0.008212106 0.950918257
1695801394.869000 0.593712211 0.014996615 0.820888698 -0.009465766 0.312124640 -0.010088281 0.949940503
1695801395.009000 0.593720436 0.014997562 0.820896506 -0.007556277 0.310660064 -0.010874121 0.950428903
1695801395.153000 0.593723476 0.014996778 0.820904076 -0.004802898 0.311642677 -0.008185731 0.950152040
1695801395.296000 0.593729913 0.014997047 0.820909739 -0.005533233 0.310759157 -0.007468845 0.950443268
1695801395.442000 0.593739152 0.014996724 0.820921302 -0.008415055 0.329637110 -0.012489745 0.943987608
1695801395.581000 0.593743205 0.014996894 0.820924401 -0.009055661 0.335696697 -0.010875839 0.941863835
1695801395.717000 0.593749940 0.014996922 0.820930839 -0.008203055 0.334330291 -0.008586720 0.942381203
1695801395.860000 0.593754768 0.014996927 0.820934772 -0.008543864 0.333067328 -0.008817926 0.942823112
1695801396.015000 0.593758881 0.014996022 0.820940912 -0.009725669 0.334062546 -0.007367514 0.942471981
1695801396.158000 0.593767345 0.014997528 0.820954680 -0.007550694 0.336306214 -0.007958845 0.941688836
1695801396.293000 0.593772471 0.014997602 0.820960283 -0.007496839 0.335357428 -0.005894440 0.942042708
1695801396.427000 0.593775868 0.014998318 0.820966840 -0.008301401 0.337055147 -0.005834238 0.941430271
1695801396.566000 0.593780160 0.014998859 0.820972800 -0.009309780 0.337321669 -0.006944486 0.941317856
1695801396.701000 0.593784630 0.014998570 0.820975661 -0.009203847 0.334423095 -0.003823330 0.942370415
1695801396.836000 0.593788981 0.014997126 0.820982456 -0.012637639 0.335737973 -0.008547074 0.941831887
1695801396.975000 0.593794107 0.014998361 0.820987046 -0.011112304 0.334908575 -0.008126133 0.942150056
1695801397.107000 0.593797147 0.014998348 0.820991516 -0.011034871 0.335365355 -0.007728931 0.941991806
1695801397.240000 0.593800366 0.014997452 0.820995092 -0.009256721 0.334596664 -0.010090684 0.942261934
1695801397.379000 0.593804598 0.014998685 0.820999801 -0.007112975 0.337940305 -0.010813406 0.941078603
1695801397.516000 0.593807638 0.014998535 0.821003973 -0.009309581 0.357043684 -0.010905015 0.933977664
1695801397.646000 0.593813062 0.014998859 0.821007967 -0.010691201 0.380142301 -0.011120227 0.924799383
1695801398.183000 0.593817234 0.014998457 0.821010292 -0.006758120 0.390175402 -0.008262124 0.920678675
1695801398.323000 0.593833089 0.014996797 0.821023822 -0.009437796 0.420294523 -0.005435260 0.907322407
1695801398.458000 0.593838692 0.014998309 0.821026325 -0.010792644 0.441482067 -0.008397912 0.897165954
1695801398.585000 0.593843520 0.014999071 0.821027994 -0.010402052 0.459146738 -0.009220086 0.888251722
1695801398.716000 0.593845129 0.014997846 0.821030080 -0.009653841 0.465224028 -0.002769329 0.885136068
1695801398.841000 0.593850672 0.014997758 0.821033418 -0.006345137 0.465083241 0.002542123 0.885240614
1695801398.963000 0.593854785 0.014998271 0.821035266 -0.006571620 0.473540336 0.001014671 0.880747080
1695801399.082000 0.593858480 0.014996804 0.821036696 -0.011138859 0.490231186 0.000361529 0.871521235
1695801399.201000 0.593863010 0.014997720 0.821037769 -0.010234849 0.506444216 -0.001678228 0.862210453
1695801399.321000 0.593868732 0.014998371 0.821039557 -0.009844211 0.523809493 -0.002845863 0.851773798
1695801399.450000 0.593873739 0.014998118 0.821040452 -0.010241114 0.541947901 -0.002379567 0.840346396
1695801399.567000 0.593875945 0.014998477 0.821040988 -0.008854920 0.556694925 -0.000084508 0.830669820
1695801399.707000 0.593880653 0.014998852 0.821042359 -0.009224955 0.567246675 -0.002203789 0.823493361
1695801399.836000 0.593887329 0.014998905 0.821044624 -0.008067632 0.567395687 -0.001631196 0.823404133
1695801399.959000 0.593891859 0.014999282 0.821046293 -0.007222385 0.568975270 -0.003347168 0.822316170
1695801400.077000 0.593895018 0.014999236 0.821046233 -0.009975458 0.579645574 -0.007624111 0.814772069
1695801400.200000 0.593900263 0.014999449 0.821045816 -0.010320941 0.592994153 -0.010514906 0.805071950
1695801400.324000 0.593905151 0.014998902 0.821046948 -0.011797192 0.610148251 -0.012475947 0.792101264
1695801400.483000 0.593908250 0.014999006 0.821047127 -0.011518325 0.623075306 -0.013019287 0.781968713
1695801400.597000 0.593914092 0.014999315 0.821046293 -0.009431985 0.638317466 -0.013108636 0.769603908
1695801400.714000 0.593917727 0.014998985 0.821046174 -0.009803921 0.652618587 -0.011191554 0.757540584
1695801400.836000 0.593922675 0.014999568 0.821045816 -0.007276364 0.666001439 -0.011996508 0.745818615
1695801400.955000 0.593926549 0.014999555 0.821044624 -0.006541546 0.679096699 -0.012532745 0.733912766
1695801401.073000 0.593929708 0.014999087 0.821043909 -0.006383887 0.691535950 -0.011919093 0.722215533
1695801401.183000 0.593934178 0.014999147 0.821043432 -0.005965682 0.704814315 -0.013496922 0.709238410
1695801401.311000 0.593938351 0.014999550 0.821042061 -0.002552454 0.716236651 -0.012812726 0.697735190
1695801401.428000 0.593942702 0.014999379 0.821040690 -0.002224756 0.728708923 -0.012639056 0.684703290
1695801401.546000 0.593946695 0.014999170 0.821039498 -0.002143112 0.738332927 -0.012385217 0.674319327
1695801401.659000 0.593950391 0.014999582 0.821039140 -0.000145603 0.739210904 -0.009880789 0.673401535
1695801401.775000 0.593953252 0.014999676 0.821037948 -0.000269295 0.738076210 -0.009254841 0.674653888
1695801401.885000 0.593956947 0.014999198 0.821037471 -0.000396220 0.736952782 -0.008644813 0.675888896
1695801401.996000 0.593961954 0.014999621 0.821038127 0.002538223 0.740468621 -0.009636194 0.672017097
1695801402.108000 0.593965411 0.014999659 0.821037650 0.002792794 0.750075519 -0.010291383 0.661266327
1695801402.222000 0.593968630 0.014999487 0.821035743 -0.000195645 0.759848833 -0.013188161 0.649966121
1695801402.330000 0.593971372 0.014999599 0.821034551 -0.001693852 0.768637717 -0.015126889 0.639503241
1695801402.459000 0.593973637 0.014999162 0.821033180 -0.002801685 0.770272076 -0.012731569 0.637582183
1695801402.565000 0.593976378 0.014999284 0.821031392 -0.002727016 0.768537641 -0.010388566 0.639714539
1695801402.678000 0.593981683 0.014999284 0.821032107 -0.001996331 0.770302594 -0.009215414 0.637608826
1695801402.793000 0.593984425 0.014999804 0.821032047 -0.000762899 0.770990074 -0.009478024 0.636776268
1695801402.906000 0.593987465 0.014999354 0.821031213 -0.003953448 0.776380360 -0.012076564 0.630136549
1695801403.012000 0.593991578 0.014999442 0.821029186 -0.003498116 0.784406960 -0.014499421 0.620067239
1695801403.123000 0.593994141 0.014999229 0.821027756 -0.006288919 0.793459892 -0.016311746 0.608371496
1695801403.230000 0.593996823 0.014999161 0.821026206 -0.007114143 0.801736951 -0.016526408 0.597406268
1695801403.335000 0.593999803 0.014999508 0.821024179 -0.007705342 0.809858561 -0.016885493 0.586331487
1695801403.442000 0.594002426 0.014999609 0.821022868 -0.008570486 0.817830205 -0.017133992 0.575140715
1695801403.551000 0.594005108 0.014999164 0.821021557 -0.010393376 0.826389670 -0.016146401 0.562771320
1695801403.958000 0.594008088 0.014999269 0.821019411 -0.005476999 0.827681065 -0.013111708 0.561018825
1695801404.066000 0.594016731 0.014999351 0.821014583 -0.008480568 0.840264380 -0.018091561 0.541808546
1695801404.183000 0.594020486 0.014999147 0.821012080 -0.010861465 0.847907424 -0.019991262 0.529656053
1695801404.296000 0.594023526 0.014999015 0.821009874 -0.011288010 0.855120182 -0.017425612 0.518014014
1695801404.406000 0.594025731 0.014999071 0.821008086 -0.010313354 0.857104957 -0.018579651 0.514703393
1695801404.526000 0.594027579 0.014998915 0.821006298 -0.007045543 0.856328785 -0.018996561 0.516033530
1695801404.643000 0.594030797 0.014998783 0.821005225 -0.005744493 0.857695699 -0.017802387 0.513817310
1695801404.762000 0.594033837 0.014998877 0.821003556 -0.007137496 0.862525046 -0.017300803 0.505668283
1695801404.876000 0.594036460 0.014999077 0.821000576 -0.008505418 0.869111657 -0.018396728 0.494200647
1695801404.987000 0.594037354 0.014998874 0.820999861 -0.010664703 0.876106977 -0.020526694 0.481561571
1695801405.101000 0.594040275 0.014998651 0.820996761 -0.009781792 0.881774485 -0.022520198 0.471031845
1695801405.213000 0.594042540 0.014998602 0.820995092 -0.009787293 0.883187652 -0.019943319 0.468493402
1695801405.329000 0.594044745 0.014998661 0.820993900 -0.008796519 0.883231759 -0.017250642 0.468536943
1695801405.443000 0.594047368 0.014998666 0.820992231 -0.007552832 0.883309066 -0.016484004 0.468440473
1695801405.556000 0.594049633 0.014998656 0.820990086 -0.006435486 0.883124530 -0.017537370 0.468766659
1695801405.669000 0.594051540 0.014998754 0.820988595 -0.007808527 0.884369493 -0.019920073 0.466297030
1695801405.773000 0.594053626 0.014998536 0.820986748 -0.009224173 0.888674080 -0.020111565 0.458005428
1695801405.885000 0.594056129 0.014998767 0.820984483 -0.010299508 0.892638028 -0.019422589 0.450237870
1695801405.994000 0.594057798 0.014998545 0.820982933 -0.010882520 0.892788053 -0.016661715 0.450037211
1695801406.102000 0.594059944 0.014998609 0.820981741 -0.007919979 0.892916381 -0.014647955 0.449914634
1695801406.218000 0.594061852 0.014998614 0.820979536 -0.006380965 0.893803179 -0.015292397 0.448153257
1695801406.329000 0.594063640 0.014998583 0.820977867 -0.007043281 0.898055613 -0.016508047 0.439515740
1695801406.437000 0.594065070 0.014998415 0.820976555 -0.006658203 0.900093794 -0.017153300 0.435307592
1695801406.545000 0.594067574 0.014998433 0.820974588 -0.005873677 0.900106728 -0.016754003 0.435307592
1695801406.646000 0.594069481 0.014998300 0.820973158 -0.005183809 0.900113702 -0.016503975 0.435311615
1695801406.750000 0.594070792 0.014998447 0.820971787 -0.009427304 0.902993858 -0.020016680 0.429083496
1695801406.867000 0.594072342 0.014998238 0.820969582 -0.011093112 0.907645464 -0.022003628 0.419013858
1695801406.971000 0.594073892 0.014998492 0.820967197 -0.008845759 0.911664426 -0.020906957 0.410308003
1695801407.093000 0.594075680 0.014998253 0.820965648 -0.005323472 0.912498415 -0.017804563 0.408658028
1695801407.196000 0.594077468 0.014998181 0.820964217 -0.004381292 0.912435472 -0.017022129 0.408843011
1695801407.302000 0.594079494 0.014997929 0.820962250 -0.003781260 0.912459075 -0.017885396 0.408759505
1695801407.414000 0.594081402 0.014998174 0.820959866 -0.005840168 0.912094653 -0.020914111 0.409404248
1695801407.515000 0.594083667 0.014998159 0.820957839 -0.006766633 0.912113249 -0.021523047 0.409317017
1695801407.618000 0.594085932 0.014998013 0.820956171 -0.007596461 0.912178159 -0.020167219 0.409226984
1695801407.724000 0.594087958 0.014997889 0.820954323 -0.008378476 0.912241578 -0.018828023 0.409134090
1695801407.855000 0.594090581 0.014998288 0.820951700 -0.005967368 0.912187397 -0.019184874 0.409280449
1695801407.965000 0.594092846 0.014997866 0.820949316 -0.005627682 0.911792278 -0.018329838 0.410203934
1695801408.080000 0.594095588 0.014997863 0.820947349 -0.005042295 0.912110031 -0.018185994 0.409510881
1695801408.192000 0.594098330 0.014998260 0.820945621 -0.004501504 0.912423849 -0.018000567 0.408825696
1695801408.305000 0.594101071 0.014998076 0.820942760 -0.005014506 0.912414789 -0.016170552 0.408916503
1695801408.410000 0.594103217 0.014998158 0.820940971 -0.005301205 0.912621260 -0.015992453 0.408458889
1695801408.520000 0.594105601 0.014998073 0.820938885 -0.005525858 0.912819922 -0.015825883 0.408018142
1695801408.633000 0.594107985 0.014997983 0.820937037 -0.003303671 0.912722707 -0.014804568 0.408297956
1695801408.743000 0.594110727 0.014997810 0.820934176 -0.002317014 0.912319422 -0.015617663 0.409174800
1695801408.847000 0.594113231 0.014998095 0.820931673 -0.002446422 0.912303865 -0.019626666 0.409036130
1695801408.960000 0.594115853 0.014997818 0.820930362 -0.002201005 0.912408233 -0.018958461 0.408836216
1695801409.075000 0.594117999 0.014997591 0.820927978 -0.001967924 0.912499368 -0.018308273 0.408663541
1695801409.193000 0.594120622 0.014997633 0.820926428 -0.001754891 0.912580788 -0.017662203 0.408511192
1695801409.492000 0.594123960 0.014997859 0.820922554 -0.005754973 0.912233233 -0.015223108 0.409347951
1695801409.616000 0.594130874 0.014998139 0.820916593 -0.004677524 0.912490726 -0.013154011 0.408859253
1695801409.732000 0.594133615 0.014997784 0.820914626 -0.004181428 0.911785483 -0.012037870 0.410469264
1695801409.848000 0.594135165 0.014997227 0.820913374 -0.003433913 0.911348820 -0.010683318 0.411482126
1695801409.960000 0.594138145 0.014997104 0.820909977 -0.002466129 0.910829246 -0.013871232 0.412542939
1695801410.075000 0.594141364 0.014997514 0.820907235 -0.002905721 0.911583424 -0.018551195 0.410686135
1695801410.185000 0.594143867 0.014997456 0.820905328 -0.002944272 0.911765099 -0.019080084 0.410258234
1695801410.301000 0.594146132 0.014997382 0.820902944 -0.002912185 0.911635697 -0.018065376 0.410591751
1695801410.412000 0.594148278 0.014997178 0.820901513 -0.002542649 0.911449552 -0.015669258 0.411105722
1695801410.527000 0.594150424 0.014997412 0.820900202 -0.002872172 0.911889136 -0.015912889 0.410118014
1695801410.638000 0.594153047 0.014997365 0.820896983 -0.003481140 0.911805332 -0.016334530 0.410283029
1695801410.752000 0.594155431 0.014997304 0.820894301 -0.003201296 0.911272347 -0.016160585 0.411474586
1695801410.864000 0.594158292 0.014997107 0.820892096 -0.002160037 0.911253154 -0.015444716 0.411551535
1695801410.975000 0.594160199 0.014997073 0.820890069 -0.001122268 0.911234379 -0.014725952 0.411623418
1695801411.092000 0.594162583 0.014996994 0.820888281 -0.000148495 0.911221385 -0.013989856 0.411679417
1695801411.202000 0.594164491 0.014996761 0.820886672 0.000798086 0.911201715 -0.013262390 0.411746174
1695801411.317000 0.594166875 0.014997127 0.820884168 -0.001659884 0.911266565 -0.015033322 0.411539167
1695801411.425000 0.594169021 0.014997188 0.820881367 -0.002855777 0.910251975 -0.016261764 0.413725466
1695801411.539000 0.594171405 0.014996956 0.820880532 -0.000367342 0.909657001 -0.013676251 0.415135026
1695801411.655000 0.594173670 0.014997026 0.820878863 -0.000354908 0.909480095 -0.014367009 0.415499151
1695801411.768000 0.594175696 0.014997141 0.820876598 -0.000350658 0.909315825 -0.015021482 0.415835261
1695801411.876000 0.594178081 0.014996991 0.820874691 -0.000476454 0.909577250 -0.014401948 0.415284902
1695801411.979000 0.594180346 0.014996856 0.820873260 -0.001272552 0.909796417 -0.014569968 0.414797068
1695801412.094000 0.594182253 0.014996805 0.820870817 0.000356302 0.909235120 -0.013862387 0.416051924
1695801412.207000 0.594184399 0.014996596 0.820869327 0.001454881 0.909253478 -0.012676175 0.416047275
1695801412.319000 0.594186425 0.014996454 0.820867777 0.002549601 0.909267724 -0.011494278 0.416045219
1695801412.430000 0.594188690 0.014996425 0.820865631 0.003647660 0.909277141 -0.010367126 0.416046083
1695801412.540000 0.594191194 0.014996825 0.820863366 0.001442069 0.909390807 -0.014149156 0.415699512
1695801412.651000 0.594193220 0.014996629 0.820861578 0.001681334 0.909485102 -0.013359888 0.415518403
1695801412.761000 0.594195127 0.014996573 0.820859790 0.001932462 0.909577370 -0.012592473 0.415339231
1695801412.872000 0.594197392 0.014996602 0.820858061 0.002421201 0.909217715 -0.013047740 0.416109473
1695801412.986000 0.594199777 0.014996771 0.820855856 0.002880878 0.908867419 -0.013466235 0.416857839
1695801413.096000 0.594201207 0.014996733 0.820854604 0.002187691 0.909255505 -0.013800303 0.416003913
1695801413.207000 0.594203591 0.014996508 0.820852757 0.002605936 0.909452438 -0.012948122 0.415598214
1695801413.317000 0.594205260 0.014996432 0.820850611 0.003355466 0.909139633 -0.012657306 0.416285545
1695801413.429000 0.594207644 0.014996293 0.820849180 0.003140581 0.908451915 -0.012261040 0.417797863
1695801413.540000 0.594209671 0.014996246 0.820847750 0.003247838 0.906162381 -0.012061223 0.422745585
1695801413.648000 0.594211340 0.014996158 0.820846081 0.001998873 0.906260967 -0.012782001 0.422520727
1695801413.758000 0.594213605 0.014996250 0.820844471 0.000761269 0.906363785 -0.013445972 0.422283500
1695801413.870000 0.594215393 0.014996442 0.820842445 0.002036048 0.906292081 -0.013198941 0.422440916
1695801413.982000 0.594217300 0.014996457 0.820840955 0.003303831 0.906150103 -0.012491102 0.422758967
1695801414.088000 0.594218850 0.014996298 0.820840061 0.002835485 0.906276822 -0.012618206 0.422486842
1695801414.197000 0.594220757 0.014996233 0.820837498 0.002851110 0.905864596 -0.013583863 0.423339903
1695801414.309000 0.594223380 0.014996100 0.820836306 0.003118559 0.906160593 -0.014285501 0.422681153
1695801414.425000 0.594225287 0.014996219 0.820834279 0.003108623 0.906303942 -0.013109415 0.422411799
1695801414.534000 0.594228745 0.014996654 0.820832133 0.002458114 0.906377375 -0.013194475 0.422255784
1695801414.646000 0.594230294 0.014996315 0.820830464 0.001504624 0.906141162 -0.012570967 0.422785997
1695801415.287000 0.594232559 0.014995883 0.820828974 0.002756999 0.905996740 -0.010581870 0.423143536
1695801415.397000 0.594243407 0.014995287 0.820819438 0.001702559 0.906134009 -0.013981072 0.422756284
1695801415.513000 0.594244957 0.014995325 0.820817530 0.003730739 0.905844212 -0.013872094 0.423367471
1695801415.640000 0.594249487 0.014995864 0.820815444 0.004208715 0.906217217 -0.014832498 0.422531277
1695801415.750000 0.594250441 0.014995471 0.820812523 0.002440340 0.905805767 -0.016189046 0.423376828
1695801415.860000 0.594253302 0.014995393 0.820809841 0.002712677 0.907077312 -0.016091088 0.420647711
1695801415.973000 0.594255209 0.014995379 0.820808053 0.004057077 0.906871915 -0.014579879 0.421134621
1695801416.095000 0.594256759 0.014995429 0.820807397 0.003755045 0.907564402 -0.011903354 0.419727474
1695801416.210000 0.594258547 0.014995629 0.820807457 0.002653878 0.908372879 -0.010807582 0.418013066
1695801416.325000 0.594260812 0.014995662 0.820804000 0.000469804 0.907823801 -0.012894072 0.419153273
1695801416.435000 0.594262600 0.014995541 0.820801854 0.001109763 0.907337248 -0.013337899 0.420190483
1695801416.544000 0.594265461 0.014995262 0.820799470 0.002893170 0.907102287 -0.012395238 0.420717925
1695801416.656000 0.594268084 0.014995345 0.820797861 0.002495369 0.906997740 -0.012846000 0.420932144
1695801416.771000 0.594269753 0.014995198 0.820796847 0.002871108 0.907279670 -0.011253675 0.420367420
1695801416.883000 0.594271183 0.014995161 0.820795298 0.002630933 0.907106221 -0.010962081 0.420750797
1695801416.992000 0.594272852 0.014995053 0.820794225 0.002771121 0.907467782 -0.010306682 0.419986129
1695801417.104000 0.594274640 0.014995039 0.820793509 0.002897319 0.907815039 -0.009643028 0.419249952
1695801417.215000 0.594276547 0.014994869 0.820792317 0.003019777 0.908134818 -0.009014624 0.418570012
1695801417.324000 0.594278216 0.014994788 0.820789695 0.002850126 0.907554746 -0.009952100 0.419806212
1695801417.435000 0.594280958 0.014995108 0.820787072 0.002750308 0.906977475 -0.010912641 0.421028942
1695801417.546000 0.594282150 0.014994669 0.820786417 0.002611496 0.907421768 -0.010102753 0.420091629
1695801417.653000 0.594283819 0.014995155 0.820784271 0.001864583 0.907070577 -0.011525944 0.420816630
1695801417.766000 0.594287038 0.014995110 0.820781589 0.002218441 0.907104433 -0.012639231 0.420709968
1695801417.889000 0.594288707 0.014995307 0.820779681 0.001555309 0.906764507 -0.014034586 0.421401083
1695801418.014000 0.594290733 0.014995202 0.820778072 0.002651912 0.906685770 -0.012559649 0.421611577
1695801418.123000 0.594292164 0.014995242 0.820776284 0.003739244 0.906601846 -0.011096656 0.421824604
1695801418.233000 0.594293714 0.014995514 0.820774734 0.002423774 0.906554103 -0.013527275 0.421865880
1695801418.340000 0.594295382 0.014995065 0.820773602 0.002032735 0.906804562 -0.012590169 0.421358287
1695801418.451000 0.594297528 0.014994999 0.820772111 0.001974449 0.906326652 -0.013150316 0.422368646
1695801418.564000 0.594300747 0.014994816 0.820770264 0.001388677 0.906669259 -0.013240999 0.421632081
1695801418.672000 0.594302297 0.014994808 0.820769489 0.001532641 0.907043815 -0.012629148 0.420844138
1695801418.783000 0.594303608 0.014994699 0.820768714 0.001651326 0.907410741 -0.012033540 0.420069367
1695801418.887000 0.594305396 0.014994743 0.820766032 0.000689821 0.906657696 -0.013848120 0.421639204
1695801418.999000 0.594305396 0.014994671 0.820765674 0.000920098 0.906896353 -0.012930487 0.421154350
1695801419.106000 0.594308734 0.014994927 0.820763886 0.000779681 0.907076597 -0.014163419 0.420726597
1695801419.218000 0.594310760 0.014994772 0.820761859 0.000231253 0.906946182 -0.013894081 0.421017289
1695801419.323000 0.594311953 0.014994565 0.820760667 -0.000775982 0.906891763 -0.014023555 0.421129584
1695801419.430000 0.594313622 0.014994694 0.820759118 -0.000796593 0.906985521 -0.014657232 0.420905948
1695801419.536000 0.594315290 0.014994880 0.820758104 -0.000853153 0.907065570 -0.015257649 0.420712084
1695801419.648000 0.594316602 0.014994487 0.820757866 -0.001258179 0.907672703 -0.013113176 0.419472009
1695801419.754000 0.594318509 0.014994645 0.820756912 -0.001667153 0.907881260 -0.014220298 0.418983012
1695801419.861000 0.594320655 0.014994656 0.820754111 -0.000862947 0.907009363 -0.014517331 0.420859396
1695801419.969000 0.594322205 0.014994600 0.820752382 -0.000728133 0.907073081 -0.014189768 0.420733362
1695801420.080000 0.594324112 0.014994420 0.820751309 -0.000793939 0.907039165 -0.013559254 0.420827299
1695801420.588000 0.594325662 0.014994305 0.820749700 -0.000852544 0.907005072 -0.012974749 0.420919001
1695801420.748000 0.594333053 0.014994359 0.820743620 -0.002684532 0.904684186 -0.014478968 0.425828248
1695801420.858000 0.594334602 0.014994273 0.820742846 -0.002841684 0.905003011 -0.014055604 0.425163478
1695801420.965000 0.594336629 0.014993957 0.820742011 -0.002947037 0.905308783 -0.013670560 0.424523890
1695801421.076000 0.594338655 0.014993472 0.820742309 -0.003039308 0.905604005 -0.013288514 0.423905164
1695801421.183000 0.594340444 0.014994202 0.820738435 -0.000461697 0.899949431 -0.012686624 0.435809433
1695801421.290000 0.594341516 0.014994058 0.820735633 -0.001554626 0.895362437 -0.012604432 0.445157230
1695801421.400000 0.594343424 0.014994042 0.820735395 -0.002636160 0.896182954 -0.013585193 0.443468928
1695801421.506000 0.594345450 0.014994167 0.820735276 -0.003694317 0.896987259 -0.014566397 0.441800952
1695801421.615000 0.594346285 0.014994515 0.820733547 -0.002566399 0.895826519 -0.014193720 0.444169968
1695801421.724000 0.594347715 0.014994946 0.820732713 -0.000648070 0.892826676 -0.014540750 0.450165302
1695801421.835000 0.594350338 0.014994119 0.820731699 0.000381299 0.888246775 -0.012177268 0.459205061
1695801421.945000 0.594351947 0.014994140 0.820731819 -0.000669603 0.884631038 -0.012923320 0.466112137
1695801422.052000 0.594354033 0.014994037 0.820731938 -0.001708953 0.880962133 -0.013662321 0.472986579
1695801422.164000 0.594355643 0.014993750 0.820731401 -0.001135485 0.876697421 -0.011819624 0.480895668
1695801422.271000 0.594357967 0.014994149 0.820730150 -0.000578422 0.871373534 -0.012490408 0.490460962
1695801422.384000 0.594358981 0.014994003 0.820728004 -0.001283819 0.865602553 -0.012318033 0.500578582
1695801422.498000 0.594360828 0.014993357 0.820727944 -0.002057388 0.861293972 -0.010701945 0.507990241
1695801422.612000 0.594362617 0.014992552 0.820727825 -0.002792567 0.856906414 -0.009142935 0.515383422
1695801422.718000 0.594364941 0.014993575 0.820727229 -0.000697158 0.852208972 -0.010232221 0.523101151
1695801422.827000 0.594367087 0.014993894 0.820727050 -0.001000291 0.847944617 -0.010959319 0.529970765
1695801422.937000 0.594367862 0.014994012 0.820726871 0.000008326 0.843102992 -0.010025628 0.537658751
1695801423.048000 0.594369113 0.014993932 0.820726275 -0.000845732 0.838314354 -0.010068788 0.545093656
1695801423.158000 0.594370961 0.014993696 0.820725441 -0.001075723 0.833881080 -0.009825764 0.551855683
1695801423.267000 0.594372451 0.014993925 0.820725322 -0.000431805 0.829281747 -0.010152124 0.558738470
1695801423.375000 0.594374061 0.014994075 0.820725143 0.000221300 0.824627519 -0.010485732 0.565578997
1695801423.486000 0.594375372 0.014994379 0.820724964 0.000871945 0.819917023 -0.010812871 0.572379708
1695801423.596000 0.594377160 0.014994743 0.820724845 0.001512822 0.815150499 -0.011131781 0.579140365
1695801423.707000 0.594378650 0.014994943 0.820724785 0.002113932 0.810325682 -0.011384650 0.585865438
1695801423.816000 0.594381094 0.014993421 0.820725083 0.000146600 0.806549728 -0.008892286 0.591099441
1695801423.928000 0.594383061 0.014993638 0.820724607 -0.000308582 0.801007450 -0.010110128 0.598568916
1695801424.040000 0.594384134 0.014993703 0.820723891 -0.000645820 0.795774758 -0.010747538 0.605497003
1695801424.152000 0.594386041 0.014993319 0.820724607 -0.000234706 0.791593432 -0.009333635 0.610976875
1695801424.262000 0.594387650 0.014993517 0.820724249 -0.000546550 0.786562562 -0.010285939 0.617424726
1695801424.374000 0.594389200 0.014993833 0.820724010 -0.000853444 0.781474411 -0.011203304 0.623836219
1695801424.489000 0.594390452 0.014993957 0.820723772 -0.001153274 0.776338518 -0.012052433 0.630199969
1695801424.613000 0.594391167 0.014993213 0.820724189 -0.002021800 0.772387087 -0.009887789 0.635071933
1695801424.732000 0.594394326 0.014992999 0.820724666 -0.001398259 0.767579615 -0.009339382 0.640884042
1695801424.845000 0.594395280 0.014993423 0.820724487 -0.002035661 0.762490094 -0.010825431 0.646906137
1695801424.957000 0.594396770 0.014993080 0.820725143 -0.002601913 0.758381844 -0.009970446 0.651729107
1695801425.072000 0.594398022 0.014991869 0.820726037 -0.004626322 0.755049407 -0.007603604 0.655607522
1695801425.201000 0.594399571 0.014993548 0.820725143 -0.002393485 0.748630762 -0.010369767 0.662901819
1695801425.340000 0.594402194 0.014994143 0.820725203 -0.001629877 0.742977381 -0.011523889 0.669215381
1695801425.457000 0.594403863 0.014993450 0.820725203 -0.002533145 0.737155437 -0.010117315 0.675642848
1695801425.571000 0.594404459 0.014993599 0.820725560 -0.003073998 0.732920289 -0.009960984 0.680234671
1695801425.681000 0.594406366 0.014992955 0.820726275 -0.004514061 0.729161441 -0.009413198 0.684262097
1695801425.795000 0.594407439 0.014992740 0.820726395 -0.005057492 0.724859357 -0.009274399 0.688815951
1695801425.906000 0.594408512 0.014992707 0.820726752 -0.005602338 0.720514238 -0.009163419 0.693356991
1695801426.021000 0.594409943 0.014992677 0.820726573 -0.006121743 0.716137528 -0.009075474 0.697873414
1695801426.442000 0.594410956 0.014993041 0.820727110 -0.006958032 0.712089062 -0.010327690 0.701978683
1695801426.549000 0.594415188 0.014993246 0.820727825 -0.011298659 0.701035738 -0.012896381 0.712920070
1695801426.655000 0.594415665 0.014993345 0.820727408 -0.012695073 0.700485468 -0.013625504 0.713423729
1695801426.769000 0.594417214 0.014993173 0.820728302 -0.012736835 0.701556444 -0.013170509 0.712378323
1695801426.884000 0.594419003 0.014993331 0.820728183 -0.008506481 0.700931013 -0.013447869 0.713051558
1695801426.996000 0.594420314 0.014993106 0.820728242 -0.007432042 0.701105952 -0.013193587 0.712896407
1695801427.110000 0.594421208 0.014993169 0.820728123 -0.008304417 0.700958312 -0.012701667 0.713040829
1695801427.224000 0.594422221 0.014993452 0.820728421 -0.009215794 0.700796664 -0.012224686 0.713196874
1695801427.339000 0.594423652 0.014993349 0.820728302 -0.010670273 0.698002338 -0.011380311 0.715925574
1695801427.451000 0.594424665 0.014993344 0.820728779 -0.011134277 0.693590760 -0.010395150 0.720208287
1695801427.567000 0.594425678 0.014993111 0.820728958 -0.011621756 0.689143479 -0.009468155 0.724469841
1695801427.680000 0.594427645 0.014993338 0.820729136 -0.013052503 0.687854290 -0.011503959 0.725640237
1695801427.797000 0.594429076 0.014993334 0.820729017 -0.014551794 0.687920094 -0.012172922 0.725538492
1695801427.911000 0.594429970 0.014993308 0.820729077 -0.016025141 0.687987387 -0.012846398 0.725431979
1695801428.015000 0.594431460 0.014993536 0.820729494 -0.016114565 0.687333703 -0.013611380 0.726035476
1695801428.128000 0.594432473 0.014993718 0.820729315 -0.015846837 0.683721721 -0.013446990 0.729446948
1695801428.244000 0.594433784 0.014993897 0.820730150 -0.015601661 0.680078268 -0.013290216 0.732853055
1695801428.361000 0.594434738 0.014993597 0.820730269 -0.017771453 0.675014496 -0.013514308 0.737466693
1695801428.475000 0.594435930 0.014993635 0.820730805 -0.019365095 0.672509968 -0.014991314 0.739682794
1695801428.578000 0.594436944 0.014993535 0.820730805 -0.020220758 0.672484279 -0.013669235 0.739708841
1695801428.684000 0.594437718 0.014993482 0.820730984 -0.020743813 0.672666192 -0.010850233 0.739575684
1695801428.798000 0.594439030 0.014993398 0.820730746 -0.021066384 0.672527015 -0.009175893 0.739715874
1695801428.900000 0.594440341 0.014993809 0.820731401 -0.020152612 0.672900915 -0.009668851 0.739394963
1695801429.006000 0.594441056 0.014994062 0.820731699 -0.019289479 0.673263669 -0.010161891 0.739081085
1695801429.121000 0.594442010 0.014993822 0.820731103 -0.019722076 0.671386957 -0.010084270 0.740775943
1695801429.228000 0.594442904 0.014993848 0.820731997 -0.019178152 0.667764366 -0.009919066 0.744059563
1695801429.341000 0.594443679 0.014994037 0.820732296 -0.019898498 0.666394651 -0.011264451 0.745248497
1695801429.448000 0.594444573 0.014994144 0.820732117 -0.020279987 0.666135132 -0.011746794 0.745462775
1695801429.551000 0.594445765 0.014994200 0.820732355 -0.020652549 0.665900648 -0.012183292 0.745655060
1695801429.666000 0.594446480 0.014993905 0.820732176 -0.020368969 0.666067779 -0.010405448 0.745540440
1695801429.769000 0.594447613 0.014994183 0.820732474 -0.019801084 0.666344106 -0.010617671 0.745305836
1695801429.874000 0.594448984 0.014994338 0.820732951 -0.019241815 0.666619122 -0.010835815 0.745071411
1695801429.989000 0.594449699 0.014994483 0.820733190 -0.018725144 0.666878760 -0.011053042 0.744848967
1695801430.102000 0.594450593 0.014994334 0.820732832 -0.019180024 0.666569352 -0.010810015 0.745117903
