1695814284.443000 -0.000385740 0.000536660 0.031249313 0.001363117 -0.000386706 0.000133267 0.999998987
1695814284.581000 0.003245923 0.001533812 0.046795148 0.001107083 -0.001299397 0.000193042 0.999998569
1695814284.717000 0.002669928 0.002200980 0.060148798 0.000740984 -0.001180509 0.000091317 0.999999046
1695814284.853000 -0.000477907 0.001274291 0.066583432 -0.000041816 -0.000388749 0.000312668 0.999999881
1695814284.992000 -0.004933820 0.002051583 0.078504175 0.000529166 0.002949089 -0.000255726 0.999995470
1695814285.126000 -0.000769156 0.001969481 0.102517411 0.000388187 -0.000490634 0.000298174 0.999999762
1695814285.264000 0.002152630 0.002448264 0.126036376 0.000387768 -0.001485892 0.000405738 0.999998748
1695814285.401000 -0.001306111 0.003068455 0.147161767 0.000482448 -0.000654136 0.000010807 0.999999702
1695814285.539000 -0.000525740 0.004018444 0.174554631 0.000526172 -0.000798859 0.000191281 0.999999583
1695814285.678000 -0.001697870 0.003546133 0.201238468 -0.000050502 -0.000655249 0.000309700 0.999999762
1695814285.817000 -0.002963138 0.005343488 0.234407544 0.000864215 -0.000330391 0.000290808 0.999999523
1695814285.952000 -0.002194979 0.005312359 0.263262153 -0.000470647 -0.000767168 0.000382730 0.999999523
1695814286.085000 -0.001115177 0.006928680 0.296683133 -0.001649545 -0.001439896 0.000549869 0.999997497
1695814286.222000 -0.002642450 0.007237614 0.325274646 -0.002285131 -0.000807755 0.000495591 0.999996960
1695814286.356000 -0.003407903 0.007348720 0.358741999 -0.001015140 -0.000667963 0.000256050 0.999999285
1695814286.493000 -0.002768083 0.007572387 0.385091960 0.001030435 -0.001133701 0.000321777 0.999998748
1695814286.625000 -0.001445183 0.007870303 0.420545906 0.001987229 -0.001805019 -0.000090368 0.999996424
1695814286.759000 -0.002712636 0.009483141 0.453484476 0.001322123 -0.001528627 -0.000612300 0.999997795
1695814286.893000 -0.003246513 0.010530865 0.492505223 0.000280893 -0.001470087 -0.001634575 0.999997556
1695814287.028000 -0.003114218 0.010944732 0.531760931 -0.000257044 -0.001681604 -0.002029577 0.999996543
1695814287.172000 -0.002343745 0.011925714 0.576797485 0.000123181 -0.001927171 -0.002202691 0.999995768
1695814287.312000 -0.005054847 0.012630772 0.622695386 0.000312376 -0.002444792 -0.001651740 0.999995649
1695814287.455000 -0.007363846 0.013265134 0.671121001 -0.000554778 -0.010415908 0.000110764 0.999945641
1695814287.592000 -0.010899158 0.015510939 0.722136855 -0.002577180 -0.011193622 0.000438590 0.999933958
1695814287.724000 -0.010210603 0.017398922 0.765791595 -0.002819575 -0.012175906 -0.000144852 0.999921918
1695814287.863000 -0.010323648 0.017615333 0.813786685 -0.002587101 -0.012483903 -0.000027269 0.999918759
1695814287.988000 -0.012295645 0.019018956 0.860023022 -0.001069654 -0.012357547 -0.000344089 0.999923050
1695814288.121000 -0.014513036 0.018831236 0.900277257 -0.001304395 -0.012222213 -0.000042109 0.999924481
1695814288.254000 -0.016110340 0.020421226 0.946488678 -0.001342670 -0.017577512 0.001134426 0.999843955
1695814288.387000 -0.019319596 0.021562327 0.988631487 -0.001712184 -0.018922020 0.001369051 0.999818563
1695814288.520000 -0.022418175 0.021587171 1.032340288 -0.001826493 -0.019354261 0.000749564 0.999810755
1695814288.653000 -0.023078462 0.022228165 1.077500939 -0.001975207 -0.019786207 0.000571024 0.999802113
1695814288.784000 -0.023858508 0.023420038 1.120123148 -0.001570222 -0.019589333 -0.000207037 0.999806881
1695814288.920000 -0.028204700 0.023985788 1.161335588 -0.001486682 -0.019442774 0.000570459 0.999809682
1695814289.050000 -0.028589007 0.023364296 1.188897014 -0.001536803 -0.018801169 -0.000112237 0.999822080
1695814289.180000 -0.025291143 0.026088784 1.234230995 -0.001537581 -0.019867435 0.000125417 0.999801457
1695814289.309000 -0.032772645 0.026792737 1.290302753 -0.001900054 -0.019913064 0.000316891 0.999799848
1695814289.438000 -0.033795200 0.027557699 1.330857158 -0.001825433 -0.020017670 0.000667874 0.999797761
1695814289.571000 -0.037961666 0.028618548 1.366752028 -0.000959097 -0.019293383 0.000257179 0.999813378
1695814289.702000 -0.039187346 0.030564852 1.414895177 0.000072517 -0.019853588 0.000528887 0.999802768
1695814289.835000 -0.044196080 0.029241031 1.457909346 0.000488422 -0.019021729 -0.000051832 0.999818981
1695814289.969000 -0.041575868 0.030532125 1.502459884 -0.000514599 -0.019782966 -0.001008815 0.999803662
1695814290.095000 -0.046032626 0.033922900 1.547658801 -0.002181220 -0.019360134 -0.001207493 0.999809504
1695814290.225000 -0.048181184 0.033718560 1.589385748 -0.000946535 -0.018942235 0.000546237 0.999819994
1695814290.369000 -0.045972165 0.032773294 1.631065965 0.002638181 -0.019492544 0.001497228 0.999805450
1695814290.494000 -0.052055847 0.034971565 1.684704304 0.005086628 -0.018998059 0.001132064 0.999805927
1695814290.621000 -0.052968282 0.037312526 1.730683565 0.000114589 -0.019099034 0.002557776 0.999814391
1695814290.749000 -0.050965603 0.038667653 1.777213454 -0.003954612 -0.019999038 0.004854830 0.999780416
1695814290.879000 -0.056142043 0.037126262 1.824733138 -0.001009601 -0.019617157 0.004031377 0.999798954
1695814291.007000 -0.059001498 0.035629604 1.869765162 0.006244939 -0.019446699 0.003357268 0.999785781
1695814291.135000 -0.059916403 0.037782330 1.916883945 0.008224344 -0.019747563 0.002878771 0.999767065
1695814291.260000 -0.064059846 0.037816014 1.964274168 0.001965394 -0.019350741 0.002601084 0.999807477
1695814291.386000 -0.064712234 0.040986836 2.011531115 -0.003806943 -0.019592071 0.002453702 0.999797821
1695814291.512000 -0.067026757 0.041866280 2.059067011 -0.004685870 -0.019329671 0.001636143 0.999800861
1695814291.645000 -0.066931672 0.042012434 2.105879068 -0.003892754 -0.020401705 0.003624931 0.999777734
1695814291.773000 -0.068177283 0.042465974 2.154026508 -0.004612277 -0.020867666 0.006370613 0.999751329
1695814291.902000 -0.072074734 0.043833032 2.201062202 -0.004334212 -0.019961605 0.005493023 0.999776304
1695814292.031000 -0.072984047 0.044066865 2.248795748 -0.000218609 -0.020730756 0.007461016 0.999757230
1695814292.166000 -0.076688029 0.044152714 2.300401449 0.005564946 -0.020587550 0.006279428 0.999752879
1695814292.300000 -0.077829696 0.045261160 2.351353407 0.004943595 -0.021675413 0.004083312 0.999744534
1695814292.425000 -0.079300456 0.046002623 2.399308443 -0.000399589 -0.021752028 0.003389667 0.999757588
1695814292.555000 -0.080599658 0.047530655 2.446952581 -0.003587139 -0.021884870 0.002002735 0.999752104
1695814292.680000 -0.083863832 0.047458451 2.492917061 -0.003464894 -0.021827444 0.002125463 0.999753535
1695814292.808000 -0.085827969 0.048324995 2.539474964 -0.001696530 -0.021586994 0.001286183 0.999764740
1695814292.931000 -0.088773355 0.048950627 2.584123611 -0.000702091 -0.022092538 0.000560283 0.999755502
1695814293.055000 -0.091252364 0.050793737 2.629665852 -0.001078953 -0.022355204 0.000067224 0.999749541
1695814293.180000 -0.093256854 0.052392054 2.673976660 -0.004072443 -0.022566250 -0.001149836 0.999736428
1695814293.304000 -0.095158070 0.053634025 2.718465328 -0.005072546 -0.022484668 -0.002085180 0.999732137
1695814293.428000 -0.099130630 0.053960577 2.764301300 -0.003585543 -0.021379963 -0.000970614 0.999764562
1695814293.554000 -0.099198021 0.054503050 2.813805342 -0.000897116 -0.021917176 0.002075691 0.999757230
1695814293.680000 -0.100741997 0.055364922 2.863233328 0.001134199 -0.022537548 0.004776248 0.999733984
1695814293.808000 -0.102615304 0.057007521 2.915563107 0.002109004 -0.022929866 0.005632551 0.999719024
1695814293.933000 -0.107000969 0.058053598 2.967181921 0.002525688 -0.021886645 0.004968108 0.999744952
1695814294.060000 -0.110291436 0.059240434 3.017551899 0.002085287 -0.021723580 0.006273342 0.999742210
1695814294.206000 -0.112347513 0.060467981 3.078244448 -0.002061993 -0.022411896 0.005269377 0.999732852
1695814294.329000 -0.115883552 0.061380688 3.128391981 -0.004622422 -0.021988172 0.005435884 0.999732792
1695814294.454000 -0.116070509 0.063124157 3.177068233 -0.002400254 -0.022827363 0.004853739 0.999724865
1695814294.603000 -0.118964195 0.064118959 3.239600897 -0.000261758 -0.023286881 0.002696143 0.999725163
1695814294.727000 -0.120238386 0.064666025 3.287529469 -0.000650014 -0.023567935 0.003681074 0.999715269
1695814294.852000 -0.122430161 0.064498380 3.335655451 -0.001805014 -0.023863584 0.002554073 0.999710381
1695814294.979000 -0.126626089 0.067065768 3.393487215 -0.001007774 -0.023480335 0.002845735 0.999719739
1695814295.103000 -0.130833089 0.066914096 3.442457199 -0.001941192 -0.022629268 0.003944879 0.999734282
1695814295.252000 -0.134188697 0.067690834 3.500673771 -0.003408093 -0.022728791 0.001852159 0.999734163
1695814295.581000 -0.137398943 0.069651239 3.554165840 -0.005008307 -0.022620933 0.000623305 0.999731421
1695814295.723000 -0.131004527 0.069914013 3.699992895 -0.000045981 -0.026840698 0.002164949 0.999637365
1695814295.876000 -0.135412335 0.075096279 3.778281689 0.000507561 -0.025889838 -0.001518800 0.999663532
1695814295.996000 -0.152215734 0.072246872 3.793971777 -0.002150451 -0.022800764 -0.002053044 0.999735653
1695814296.112000 -0.153475434 0.072705157 3.837857962 -0.003210148 -0.023380237 -0.002411416 0.999718666
1695814296.234000 -0.153924704 0.074570030 3.885147095 -0.002320766 -0.024078043 -0.002295436 0.999704778
1695814296.353000 -0.156220153 0.075217366 3.930335045 -0.002349578 -0.023697576 -0.002111795 0.999714255
1695814296.473000 -0.161567092 0.075470693 3.971375465 -0.002401070 -0.023251036 -0.001156605 0.999726176
1695814296.592000 -0.163224757 0.076966338 4.016474724 -0.002160374 -0.023614855 -0.001449881 0.999717832
1695814296.710000 -0.162824869 0.079191402 4.058669567 -0.001156464 -0.024586190 -0.001927079 0.999695241
1695814296.832000 -0.164179996 0.078141809 4.107932568 -0.002505856 -0.025084155 -0.001869429 0.999680459
1695814296.950000 -0.170574591 0.079877138 4.151668549 -0.002024112 -0.023320273 -0.002086308 0.999723852
1695814297.099000 -0.174171835 0.080177344 4.206673622 -0.001994550 -0.023154529 -0.002138346 0.999727666
1695814297.225000 -0.174023807 0.081331916 4.250884533 -0.001814749 -0.024501642 -0.001858872 0.999696434
1695814297.344000 -0.176766798 0.082001358 4.298213005 -0.002162091 -0.024508221 -0.001418343 0.999696314
1695814297.463000 -0.178163186 0.084684476 4.343358517 -0.000879305 -0.025392037 -0.001152702 0.999676585
1695814297.607000 -0.181994200 0.084053732 4.394456863 -0.001983076 -0.024692094 -0.000700051 0.999692917
1695814297.728000 -0.186302423 0.084273569 4.439407825 -0.002588752 -0.024365999 -0.000352219 0.999699712
1695814297.869000 -0.187777802 0.085390344 4.489916325 0.001672852 -0.024831152 -0.000109362 0.999690235
1695814297.992000 -0.194945708 0.087916590 4.532656670 0.004060340 -0.023841616 0.000069555 0.999707520
1695814298.134000 -0.193795919 0.087353803 4.584995747 0.002090287 -0.024895011 -0.000049360 0.999687910
1695814298.266000 -0.194084257 0.087714523 4.630681515 -0.000516036 -0.026354078 0.000240522 0.999652565
1695814298.382000 -0.200030342 0.088908792 4.674872875 -0.002033800 -0.024457775 -0.000605642 0.999698639
1695814298.500000 -0.202078879 0.089987084 4.716831207 -0.002201597 -0.024955709 -0.001337107 0.999685228
1695814298.646000 -0.206613794 0.091087528 4.769200325 -0.001587491 -0.023881922 -0.002272176 0.999710977
1695814298.786000 -0.209119901 0.092339404 4.820110321 -0.001267657 -0.024150349 -0.002989278 0.999703109
1695814298.933000 -0.211400375 0.092866771 4.872274876 -0.001460298 -0.024564601 -0.002971876 0.999692738
1695814299.076000 -0.214053214 0.093404680 4.924475670 -0.001750397 -0.025200859 -0.002161278 0.999678552
1695814299.192000 -0.217811197 0.094764739 4.965827942 -0.001427505 -0.024432486 -0.002489797 0.999697387
1695814299.309000 -0.217783004 0.095319264 5.009932041 -0.001518325 -0.025644733 -0.002131690 0.999667764
1695814299.428000 -0.221731663 0.096395552 5.050312519 -0.001853101 -0.024807785 -0.001895286 0.999688745
1695814299.546000 -0.226438552 0.097041950 5.086944103 -0.001900519 -0.024039095 -0.002440170 0.999706328
1695814299.658000 -0.230707973 0.097930260 5.130117416 -0.001914857 -0.023807406 -0.002381746 0.999711990
1695814299.774000 -0.230576769 0.098054715 5.171517372 -0.001833038 -0.024388405 -0.002438080 0.999697924
1695814299.916000 -0.234136075 0.099594221 5.222590923 -0.001567954 -0.024231751 -0.002755314 0.999701381
1695814300.032000 -0.233018801 0.099440373 5.263753891 -0.001456606 -0.025472784 -0.001806899 0.999672830
1695814300.147000 -0.231102169 0.098828122 5.304061890 -0.001956131 -0.027400445 -0.000917967 0.999622226
1695814300.293000 -0.238252789 0.101123668 5.354566574 -0.001454298 -0.025936097 -0.001009238 0.999662042
1695814300.429000 -0.244421691 0.101650879 5.404343128 -0.002346440 -0.024859289 -0.001280086 0.999687374
1695814300.565000 -0.245241225 0.102567218 5.453317165 -0.002568491 -0.025637493 -0.000475273 0.999667943
1695814300.701000 -0.246909261 0.103793554 5.502426624 -0.001739163 -0.026158281 -0.000010479 0.999656320
1695814300.814000 -0.250304043 0.103789359 5.541724205 -0.000959325 -0.025870448 0.000125244 0.999664903
1695814300.955000 -0.252937376 0.104555450 5.592561722 -0.000351162 -0.025894644 0.000288290 0.999664605
1695814301.098000 -0.256788880 0.105974145 5.644316673 -0.000627238 -0.025735769 -0.000230939 0.999668598
1695814301.235000 -0.258843035 0.106959626 5.693829060 -0.001938817 -0.026132423 -0.001680632 0.999655247
1695814301.376000 -0.265117556 0.109213561 5.743315220 -0.001737247 -0.024975745 -0.002204081 0.999684155
1695814301.512000 -0.267185390 0.108976193 5.791542530 -0.001977785 -0.025290722 -0.003009642 0.999673665
1695814301.649000 -0.269919902 0.110446766 5.840237617 -0.001704744 -0.025476716 -0.002563182 0.999670684
1695814301.786000 -0.272117019 0.110335559 5.888524532 -0.001753544 -0.025642864 -0.002256148 0.999667108
1695814301.922000 -0.273350239 0.110955141 5.942367077 -0.002282320 -0.027616180 -0.001252679 0.999615252
1695814302.062000 -0.277822316 0.113645554 5.988357067 -0.002120508 -0.025771316 -0.001514821 0.999664485
1695814302.208000 -0.283628374 0.113808855 6.042461872 -0.000951856 -0.025388556 -0.001736126 0.999675691
1695814302.362000 -0.285900414 0.116058677 6.098693848 0.001437682 -0.025702439 -0.001263417 0.999667883
1695814302.489000 -0.286464661 0.115830913 6.152641296 0.000657344 -0.026201539 -0.001362152 0.999655545
1695814302.623000 -0.291187644 0.118078835 6.208912373 -0.001116565 -0.025969977 -0.001133023 0.999661505
1695814302.758000 -0.295134604 0.119028032 6.262705803 -0.003152399 -0.026148567 -0.000537038 0.999652982
1695814302.895000 -0.296881735 0.120159991 6.317884922 -0.002685023 -0.026082300 0.000254485 0.999656200
1695814303.028000 -0.301308721 0.121303752 6.373020649 -0.000762897 -0.026141616 0.000995871 0.999657512
1695814303.165000 -0.304815501 0.121872067 6.433247089 0.001711928 -0.026496949 0.001903275 0.999645650
1695814303.302000 -0.308215082 0.122389041 6.493827820 0.002889720 -0.025749836 0.001587850 0.999662995
1695814303.435000 -0.312788993 0.123409390 6.553449154 0.000337893 -0.025882322 0.002214838 0.999662519
1695814303.567000 -0.314628601 0.126207992 6.613835335 -0.002239980 -0.025935527 0.000362814 0.999661088
1695814303.681000 -0.318443239 0.127012908 6.663147449 -0.003258964 -0.026109727 -0.000416031 0.999653757
1695814303.818000 -0.320385635 0.127381518 6.720438480 -0.002942219 -0.026195168 -0.001217293 0.999651790
1695814303.951000 -0.321820259 0.128512681 6.782751560 -0.001732806 -0.026666895 -0.001994913 0.999640942
1695814304.090000 -0.329356104 0.129083157 6.834931374 -0.000444827 -0.026163321 -0.001809053 0.999656022
1695814304.231000 -0.332803100 0.130969271 6.899091721 0.001218233 -0.025885087 -0.000832397 0.999663830
1695814304.368000 -0.333177775 0.132054463 6.966510296 0.000906622 -0.026764371 0.000082117 0.999641418
1695814304.505000 -0.340626985 0.134366766 7.031182766 -0.000459932 -0.026041882 -0.000395066 0.999660671
1695814304.640000 -0.348061472 0.139165983 7.096844196 -0.001935390 -0.025370914 -0.000334037 0.999676228
1695814304.773000 -0.348920733 0.138026506 7.157646656 -0.002956734 -0.026229434 -0.000252814 0.999651551
1695814304.904000 -0.354121059 0.140518114 7.224246025 -0.001338598 -0.025458479 -0.000277329 0.999674976
1695814305.038000 -0.362929404 0.138172299 7.286428452 -0.000913211 -0.024132574 0.000573987 0.999708176
1695814305.168000 -0.359290123 0.140951410 7.352626801 0.001194339 -0.025888240 0.001373244 0.999663174
1695814305.303000 -0.363264859 0.140136063 7.419357777 0.002334710 -0.026029445 0.000812022 0.999658167
1695814305.436000 -0.365955919 0.141845986 7.487989426 0.001423135 -0.026228216 0.001454472 0.999653935
1695814305.568000 -0.367620945 0.142971605 7.557733059 -0.001563043 -0.026890818 0.001477859 0.999636054
1695814305.699000 -0.374593288 0.145773873 7.622091293 -0.005692907 -0.026270531 0.001870750 0.999636948
1695814305.831000 -0.377611339 0.147934064 7.687344551 -0.006421325 -0.026669424 0.002658571 0.999620199
1695814305.969000 -0.378151357 0.149305463 7.752989769 -0.003299596 -0.027778326 0.008566806 0.999571979
1695814306.116000 -0.385685414 0.147853002 7.822168827 0.001118475 -0.027288979 0.006173149 0.999607921
1695814306.256000 -0.388366342 0.150864854 7.900011063 0.002721271 -0.028200109 0.000151004 0.999598622
1695814306.359000 -0.392258048 0.150121838 7.930762768 0.000329753 -0.027440265 -0.000990784 0.999622941
1695814306.487000 -0.401127636 0.152275562 8.007077217 -0.003247095 -0.025728336 -0.001263472 0.999662876
1695814306.616000 -0.403022349 0.151934087 8.072961807 -0.001855896 -0.026304359 0.000656722 0.999652088
1695814306.747000 -0.405104697 0.151904538 8.140083313 0.006040898 -0.027242973 0.002875712 0.999606431
1695814306.879000 -0.410443783 0.152080908 8.209406853 0.010967597 -0.026587190 0.003325308 0.999580801
1695814307.005000 -0.417009413 0.153716937 8.279724121 0.007000042 -0.026051750 0.001948509 0.999634266
1695814307.136000 -0.418001026 0.156708136 8.351075172 -0.005206189 -0.027671346 0.001317914 0.999602675
1695814307.262000 -0.427646905 0.159519345 8.426015854 -0.013495255 -0.026205823 0.000858379 0.999565125
1695814307.386000 -0.428755015 0.163346633 8.497622490 -0.011900203 -0.027074197 -0.000066883 0.999562621
1695814307.516000 -0.437175184 0.165584177 8.571640968 -0.007492741 -0.025689533 0.001738113 0.999640465
1695814307.644000 -0.438293576 0.164353728 8.645764351 -0.002489686 -0.026749555 0.003484545 0.999633014
1695814307.770000 -0.442839235 0.165424228 8.717633247 0.002762533 -0.026954986 0.004543357 0.999622583
1695814307.900000 -0.445622563 0.164747790 8.790665627 0.008727165 -0.027626559 0.004916560 0.999568164
1695814308.026000 -0.453693986 0.165412977 8.861525536 0.002795078 -0.026099363 0.006458184 0.999634683
1695814308.149000 -0.455584288 0.169594347 8.931450844 -0.005645731 -0.027442008 0.006295185 0.999587655
1695814308.273000 -0.457553267 0.171999007 8.999203682 -0.009788730 -0.028420113 0.004957101 0.999535918
1695814308.400000 -0.465121657 0.174109310 9.069702148 -0.007457153 -0.027480897 0.003756391 0.999587476
1695814308.527000 -0.469337851 0.174881279 9.138792992 -0.001086469 -0.027792580 0.004190153 0.999604344
1695814308.655000 -0.475482076 0.174153611 9.207033157 0.001260668 -0.026793204 0.004096674 0.999631882
1695814308.778000 -0.478053808 0.175795197 9.278146744 -0.000847946 -0.026964955 0.001215372 0.999635279
1695814308.904000 -0.483947247 0.178482920 9.350921631 -0.001599346 -0.025872134 0.001478614 0.999662936
1695814309.032000 -0.489248484 0.178474575 9.424489975 -0.002355858 -0.026118597 0.004128630 0.999647558
1695814309.152000 -0.488002360 0.176532626 9.482022285 -0.003645270 -0.026160080 0.004450716 0.999641240
1695814309.275000 -0.499348968 0.183029100 9.569205284 -0.002262218 -0.026326120 0.005743116 0.999634385
1695814309.397000 -0.500830173 0.186420351 9.641427994 -0.001837223 -0.027815187 0.004909772 0.999599338
1695814309.518000 -0.507849514 0.186034992 9.712256432 -0.003156593 -0.026431553 0.005976263 0.999627829
1695814309.642000 -0.509695172 0.189565688 9.782726288 -0.001979841 -0.027808774 0.006080448 0.999592841
1695814309.767000 -0.514825404 0.189040810 9.856611252 -0.000524698 -0.027314071 0.006445752 0.999605954
1695814309.887000 -0.521939099 0.190146849 9.928445816 0.000869021 -0.026143139 0.006539685 0.999636471
1695814310.006000 -0.527361691 0.192220882 10.000727654 0.000412306 -0.026571494 0.004895593 0.999634862
1695814310.125000 -0.529865563 0.194463536 10.072639465 -0.004024702 -0.027362123 0.003398439 0.999611735
1695814310.247000 -0.534835756 0.196455896 10.143322945 -0.008554938 -0.027355308 0.004244972 0.999580145
1695814310.373000 -0.534853578 0.195312306 10.211296082 -0.007811639 -0.028631411 0.007828521 0.999528885
1695814310.491000 -0.543209016 0.198682085 10.284867287 -0.002022087 -0.027531175 0.007691754 0.999589324
1695814310.615000 -0.550115407 0.200224608 10.356547356 -0.000219934 -0.026539456 0.007227506 0.999621630
1695814310.738000 -0.555454075 0.200878039 10.428677559 -0.001518949 -0.026577627 0.006067241 0.999627233
1695814310.855000 -0.559962034 0.202623859 10.500958443 -0.002941205 -0.026102236 0.005483464 0.999639928
1695814310.973000 -0.561633468 0.205031782 10.568765640 -0.002391021 -0.027353024 0.007346896 0.999596000
1695814311.093000 -0.566021025 0.206533432 10.638115883 -0.001122066 -0.027007038 0.006785451 0.999611616
1695814311.211000 -0.569981575 0.208328038 10.708657265 -0.000432047 -0.027828865 0.007612888 0.999583662
1695814311.330000 -0.574950516 0.207266122 10.778480530 -0.003147362 -0.027656177 0.008499489 0.999576449
1695814311.447000 -0.581914008 0.210440040 10.849208832 -0.002677449 -0.026946656 0.007403366 0.999605894
1695814311.571000 -0.582803011 0.209933221 10.915217400 -0.004671273 -0.028087182 0.005517070 0.999579430
1695814311.691000 -0.588518322 0.212736011 10.986797333 -0.002037039 -0.027903235 0.004641178 0.999597788
1695814311.807000 -0.591167033 0.211626515 11.058587074 0.000842222 -0.028564390 0.004049073 0.999583483
1695814311.926000 -0.598391414 0.214355692 11.126984596 0.003118576 -0.027723907 0.005546836 0.999595404
1695814312.044000 -0.603514075 0.215073958 11.196451187 0.000685049 -0.027269555 0.007104510 0.999602616
1695814312.169000 -0.609450161 0.217169717 11.271243095 -0.001057432 -0.027412305 0.007772442 0.999593437
1695814312.285000 -0.613294601 0.218734741 11.345751762 -0.002724578 -0.028031128 0.007987369 0.999571443
1695814312.406000 -0.622414291 0.221450120 11.415897369 -0.003117107 -0.026576981 0.007798922 0.999611497
1695814312.523000 -0.629603744 0.223637193 11.485980034 -0.002954846 -0.025897315 0.008195308 0.999626696
1695814312.640000 -0.630791068 0.224773988 11.556562424 -0.002440782 -0.027451642 0.008705874 0.999582231
1695814312.761000 -0.635892391 0.224478230 11.628537178 -0.002869702 -0.026952662 0.009006348 0.999592006
1695814312.876000 -0.641482234 0.227127030 11.698653221 -0.002093459 -0.026708527 0.008589773 0.999604166
1695814312.995000 -0.641684592 0.228771776 11.768736839 -0.002482017 -0.028251246 0.007176362 0.999572039
1695814313.108000 -0.651413620 0.229025990 11.831207275 -0.004058197 -0.026393544 0.006102115 0.999624789
1695814313.224000 -0.653278470 0.229973599 11.897209167 -0.004000449 -0.027057175 0.005313776 0.999611795
1695814313.338000 -0.658593357 0.231644109 11.964233398 -0.002735400 -0.026867768 0.006406835 0.999614775
1695814313.452000 -0.661991298 0.233103469 12.025608063 -0.002323675 -0.026950434 0.007896775 0.999602854
1695814313.564000 -0.665500164 0.234144598 12.093757629 -0.002690878 -0.027499201 0.008694420 0.999580383
1695814313.677000 -0.668669105 0.235589251 12.155179977 -0.002242823 -0.027479975 0.008842743 0.999580741
1695814313.794000 -0.674409032 0.236567870 12.222132683 -0.003055365 -0.027477039 0.009280026 0.999574721
1695814313.906000 -0.683949351 0.237169281 12.286280632 -0.003366892 -0.025668073 0.009456774 0.999620140
1695814314.019000 -0.683497131 0.238920331 12.347950935 -0.003132723 -0.027533269 0.008740370 0.999577820
1695814314.137000 -0.688149273 0.240221307 12.407945633 -0.003018404 -0.027360419 0.010104396 0.999570072
1695814314.247000 -0.690568507 0.241800651 12.473428726 -0.001731078 -0.028034732 0.009797892 0.999557436
1695814314.361000 -0.697772145 0.242044568 12.535953522 -0.000151901 -0.026677441 0.007670141 0.999614716
1695814314.473000 -0.700750232 0.243854031 12.601479530 -0.000963942 -0.028428897 0.008076874 0.999562740
1695814314.581000 -0.702972054 0.245669097 12.658991814 -0.001246510 -0.028100833 0.004145622 0.999595761
1695814314.693000 -0.707321167 0.246026784 12.718962669 -0.000806655 -0.027190132 0.002477313 0.999626935
1695814314.807000 -0.712137461 0.248784542 12.782583237 -0.005435218 -0.026925841 0.004824199 0.999611020
1695814314.917000 -0.715172887 0.249676809 12.841728210 -0.007624788 -0.027380159 0.008140204 0.999562919
1695814315.026000 -0.719387949 0.251378685 12.904806137 -0.005797408 -0.026782954 0.010289719 0.999571502
1695814315.139000 -0.723202586 0.251199871 12.964175224 -0.003620062 -0.026649036 0.010560721 0.999582529
1695814315.249000 -0.724678695 0.252469659 13.022557259 -0.001387721 -0.026758531 0.010333279 0.999587536
1695814315.359000 -0.724922717 0.254721999 13.080859184 -0.001001601 -0.028566521 0.010700331 0.999534130
1695814315.465000 -0.734527707 0.255730033 13.142617226 -0.002217700 -0.026934782 0.011301133 0.999570847
1695814315.575000 -0.736010551 0.256570131 13.194261551 -0.003565485 -0.027059978 0.010106473 0.999576390
1695814315.683000 -0.730412722 0.256052375 13.242049217 -0.004812540 -0.030777108 0.010656307 0.999457955
1695814315.793000 -0.740298271 0.258125126 13.307785034 -0.003941989 -0.027852912 0.010532655 0.999548793
1695814315.901000 -0.748223782 0.259336829 13.362952232 -0.003898448 -0.026821902 0.009806188 0.999584556
1695814316.012000 -0.750923872 0.260029674 13.420908928 -0.003886498 -0.027440580 0.008827143 0.999576926
1695814316.117000 -0.751497209 0.260564864 13.475730896 -0.006532261 -0.028097887 0.008064464 0.999551356
1695814316.228000 -0.757833123 0.262663394 13.531298637 -0.005996339 -0.027477637 0.007113082 0.999579191
1695814316.334000 -0.762509406 0.266712785 13.587920189 -0.001731785 -0.027678235 0.009487579 0.999570429
1695814316.441000 -0.763808072 0.263378918 13.642374039 -0.002785087 -0.028609566 0.008581514 0.999550045
1695814316.553000 -0.765933275 0.265598267 13.696378708 -0.003664903 -0.028090717 0.008950892 0.999558568
1695814316.661000 -0.770953894 0.267254800 13.752147675 -0.003474750 -0.028138921 0.008164339 0.999564648
1695814316.766000 -0.775558114 0.268773854 13.805773735 -0.003356090 -0.027720183 0.003527933 0.999603868
1695814316.873000 -0.774309993 0.268707722 13.860532761 -0.003264437 -0.030055339 0.002615896 0.999539554
1695814316.980000 -0.779745519 0.270260662 13.912402153 -0.003488859 -0.027472284 -0.000399050 0.999616444
1695814317.089000 -0.781107366 0.271667361 13.966120720 -0.002294210 -0.028795473 0.000455551 0.999582648
1695814317.197000 -0.787735820 0.273743957 14.016506195 -0.005776660 -0.026621358 -0.000254505 0.999628901
1695814317.300000 -0.792838752 0.275456607 14.069821358 -0.009238518 -0.026899947 0.000423716 0.999595344
1695814317.408000 -0.797759593 0.276470691 14.119119644 -0.006461799 -0.025019141 0.003151114 0.999661148
1695814317.509000 -0.796047986 0.277463049 14.171096802 -0.000141887 -0.026590310 0.005712308 0.999630094
1695814317.610000 -0.797617018 0.277915329 14.218658447 0.002095509 -0.027392073 0.006891349 0.999598861
1695814317.716000 -0.801932812 0.279520810 14.269116402 0.000120244 -0.026794827 0.008584847 0.999604106
1695814317.820000 -0.804358840 0.281229764 14.321679115 -0.000986492 -0.026605522 0.006499381 0.999624431
1695814317.925000 -0.807240844 0.281347632 14.372293472 -0.000486689 -0.027140535 0.006180546 0.999612391
1695814318.031000 -0.810162485 0.281998098 14.423132896 -0.001555512 -0.027094157 0.005828464 0.999614716
1695814318.134000 -0.812298119 0.283840060 14.475194931 -0.003633371 -0.027634939 0.006268338 0.999591827
1695814318.237000 -0.817379415 0.284599602 14.525279999 -0.003864087 -0.026314767 0.005652326 0.999630272
1695814318.343000 -0.820904016 0.285643339 14.573811531 -0.003308266 -0.025888521 0.005126069 0.999646246
1695814318.443000 -0.818829834 0.287602186 14.621701241 -0.003335228 -0.028919555 0.003492438 0.999570131
1695814318.548000 -0.825451016 0.287421167 14.671584129 -0.002715864 -0.026596561 0.003190868 0.999637485
1695814318.649000 -0.831094205 0.288718760 14.720130920 -0.000832555 -0.025090929 0.002812506 0.999680877
1695814318.751000 -0.831513882 0.290467709 14.768660545 0.000953754 -0.025898773 0.006622796 0.999642193
1695814318.854000 -0.834812522 0.291448593 14.814948082 -0.000004622 -0.025839891 0.009022816 0.999625385
1695814318.956000 -0.836493611 0.292432010 14.863243103 -0.002797669 -0.026082246 0.008790027 0.999617279
1695814319.059000 -0.837715268 0.294428945 14.911562920 -0.004740938 -0.026981661 0.009831299 0.999576390
1695814319.161000 -0.842048705 0.293919891 14.958285332 -0.006255564 -0.025927491 0.009649624 0.999597669
1695814319.261000 -0.846339881 0.294880450 15.005349159 -0.003737081 -0.025595643 0.010665251 0.999608517
1695814319.367000 -0.845950603 0.296009749 15.052645683 -0.001006696 -0.026637057 0.011271468 0.999581158
1695814319.465000 -0.851821661 0.297559023 15.101363182 0.001534837 -0.025025738 0.011220348 0.999622703
1695814319.580000 -0.852238297 0.297873855 15.154391289 -0.000674018 -0.026298961 0.011332740 0.999589682
1695814319.680000 -0.853951812 0.299803078 15.199701309 -0.002011159 -0.027556857 0.010882869 0.999558985
1695814319.779000 -0.865169406 0.299879581 15.237036705 -0.003885286 -0.024690581 0.010866778 0.999628544
1695814319.880000 -0.872451723 0.300488561 15.281766891 -0.003676744 -0.022751505 0.012925445 0.999650836
1695814319.980000 -0.864715040 0.302112639 15.332944870 -0.003198065 -0.026298126 0.011132995 0.999587059
1695814320.082000 -0.865391493 0.302312046 15.380517006 -0.003088866 -0.027624212 0.011327315 0.999549448
1695814320.195000 -0.871104240 0.304046273 15.432363510 -0.001984030 -0.025812769 0.011214031 0.999601901
1695814320.296000 -0.875235140 0.304795086 15.478117943 -0.000722288 -0.025222985 0.010965862 0.999621451
1695814320.396000 -0.877093792 0.305529118 15.526232719 0.000066863 -0.025590412 0.010803968 0.999614179
1695814320.494000 -0.876876056 0.306116074 15.571928978 -0.000744663 -0.027149523 0.010038271 0.999580801
1695814320.596000 -0.882221460 0.306942791 15.620244026 -0.001700172 -0.025752680 0.009201125 0.999624550
1695814320.693000 -0.886463583 0.309014082 15.669708252 -0.001113024 -0.025515405 0.009670408 0.999627054
1695814320.792000 -0.889221668 0.308973372 15.717791557 -0.000476793 -0.025521148 0.009369696 0.999630272
1695814320.890000 -0.892403781 0.310720801 15.768037796 0.000891187 -0.025732394 0.010494871 0.999613404
1695814321.007000 -0.895960033 0.310925752 15.824088097 0.000546209 -0.025314640 0.011088632 0.999617934
1695814321.106000 -0.900477350 0.311458856 15.876907349 -0.000515490 -0.025190476 0.011338782 0.999618292
1695814321.204000 -0.902347744 0.313380152 15.928544044 -0.000253155 -0.025448313 0.011564244 0.999609232
1695814321.305000 -0.907188416 0.313964248 15.981101036 -0.000586147 -0.024851946 0.011876686 0.999620497
1695814321.417000 -0.910259485 0.315421164 16.041152954 -0.000407327 -0.025686679 0.011766340 0.999600708
1695814321.513000 -0.916024685 0.318526059 16.094181061 0.000582775 -0.025071546 0.011479939 0.999619603
1695814321.613000 -0.917470753 0.317577392 16.149808884 -0.000058162 -0.025485799 0.012084530 0.999602139
1695814321.723000 -0.921272933 0.319634080 16.212429047 -0.000073505 -0.026632532 0.011424709 0.999580085
1695814321.822000 -0.925874710 0.320846111 16.271545410 0.000153743 -0.025298137 0.011215123 0.999617040
1695814321.936000 -0.936295748 0.321054012 16.332221985 -0.000622067 -0.022944808 0.012109540 0.999663234
1695814322.050000 -0.936748147 0.320882171 16.402999878 -0.002502374 -0.025097955 0.010172314 0.999630153
1695814322.170000 -0.939399004 0.324752063 16.477912903 -0.001593534 -0.025683682 0.010081889 0.999618113
1695814322.270000 -0.948165655 0.325030684 16.541973114 -0.001087497 -0.024458541 0.009443857 0.999655664
1695814322.381000 -0.908223271 0.330212295 16.549854279 0.000624869 -0.037368279 0.011159278 0.999239028
1695814322.480000 -0.884445429 0.331475973 16.617862701 0.001574711 -0.047246300 0.010972357 0.998821795
1695814322.594000 -0.890508652 0.313629091 16.685050964 -0.004404888 -0.049124584 0.004750107 0.998771727
1695814322.716000 -0.858723521 0.323457658 16.711387634 -0.001124695 -0.058758784 0.009535206 0.998226047
1695814322.833000 -0.854464233 0.321491629 16.772933960 -0.001227807 -0.063654862 0.007215112 0.997945130
1695814322.943000 -0.857490361 0.326219648 16.761375427 -0.000176018 -0.061405383 0.007802009 0.998082399
1695814323.062000 -0.859482169 0.330235124 16.772733688 -0.000147987 -0.060870130 0.004708791 0.998134613
1695814323.172000 -0.843676448 0.328185409 16.763715744 -0.004312074 -0.065148860 0.006296978 0.997846365
1695814323.279000 -0.912898183 0.335828602 16.696256638 -0.003679024 -0.039724782 0.014346928 0.999100924
1695814323.390000 -0.946407139 0.325406641 16.755331039 -0.003750838 -0.029427730 0.007390706 0.999532580
1695814323.503000 -0.965109110 0.318610072 16.767585754 -0.003777282 -0.023197791 0.010182260 0.999671996
1695814323.604000 -0.961593628 0.327133596 16.791688919 -0.000398089 -0.024998059 0.008867289 0.999648094
1695814323.714000 -0.972463667 0.320965290 16.809635162 -0.004551597 -0.021565640 0.011699944 0.999688625
1695814323.821000 -0.965429068 0.328428566 16.852455139 -0.002649520 -0.024596399 0.011721831 0.999625266
1695814323.932000 -0.967053294 0.332077682 16.884445190 -0.001811423 -0.024464462 0.008190554 0.999665558
1695814324.040000 -0.967900097 0.330658942 16.912847519 -0.003248092 -0.025595114 0.010828308 0.999608457
1695814324.151000 -0.998376429 0.327701718 16.889467239 -0.002365330 -0.012999429 0.010544444 0.999857187
1695814324.258000 -1.002069712 0.322918236 16.858131409 -0.005806645 -0.011672996 0.009315806 0.999871612
1695814324.364000 -0.995927691 0.324859440 16.853406906 -0.005493701 -0.012823521 0.005293727 0.999888659
1695814324.470000 -0.979542315 0.328183204 16.872024536 -0.001650631 -0.019259062 0.006339876 0.999793053
1695814324.575000 -0.968938053 0.330483317 16.893196106 0.000430024 -0.024995558 0.009112352 0.999645948
1695814324.681000 -0.968588173 0.333366513 16.916057587 0.000219572 -0.023822587 0.009558414 0.999670506
1695814324.790000 -0.942534685 0.336564928 16.915729523 0.000048052 -0.033836830 0.006555318 0.999405861
1695814324.900000 -0.919430852 0.343965322 16.913400650 0.001349934 -0.044680752 0.015001399 0.998887777
1695814325.005000 -0.920883298 0.342060983 16.919231415 0.000285199 -0.042584918 0.009429584 0.999048352
1695814325.110000 -0.902191758 0.342284858 16.948642731 0.002407768 -0.050551921 0.005091532 0.998705626
1695814325.212000 -0.904667854 0.340039521 16.951913834 0.000530760 -0.049970858 0.009057987 0.998709500
1695814325.313000 -0.901668072 0.339668334 16.975694656 0.000759565 -0.052044060 0.008707447 0.998606563
1695814325.412000 -0.894703627 0.341419220 17.004281998 0.001537157 -0.056223061 0.008735892 0.998378873
1695814325.521000 -0.915017724 0.339314818 17.000041962 -0.000585765 -0.046655122 0.002253475 0.998908341
1695814325.623000 -0.939655840 0.333617419 17.017988205 -0.003698952 -0.037502591 0.001354765 0.999288797
1695814325.727000 -0.907422602 0.336799145 17.027946472 -0.004008775 -0.052258708 0.004760265 0.998614192
1695814325.829000 -0.903189063 0.340566278 17.036741257 0.001246599 -0.053969089 0.004354220 0.998532355
1695814325.929000 -0.899286509 0.341988623 17.044292450 0.006305973 -0.056345571 0.004823996 0.998379767
1695814326.029000 -0.900338829 0.341914058 17.052280426 0.005785665 -0.056152999 0.003417867 0.998399615
1695814326.130000 -0.901008129 0.342201918 17.059823990 0.001051715 -0.055973303 0.004824874 0.998420060
1695814326.228000 -0.901959896 0.342252344 17.067237854 -0.003213754 -0.055639494 0.003382175 0.998440027
1695814326.330000 -0.902814090 0.342539668 17.073843002 -0.002101558 -0.055561591 0.005629684 0.998437166
1695814326.432000 -0.903638422 0.342292368 17.081724167 0.003574890 -0.054817297 0.005354893 0.998475671
1695814326.528000 -0.904527426 0.342153102 17.089544296 0.005226284 -0.055313859 0.004794437 0.998443842
1695814326.627000 -0.905070245 0.342503875 17.095684052 0.000792601 -0.055773489 0.005677736 0.998426974
1695814326.722000 -0.906177998 0.342673838 17.101686478 -0.004606837 -0.055597652 0.006393931 0.998422146
1695814326.825000 -0.907205105 0.342381328 17.110519409 -0.005120597 -0.055530515 0.011423147 0.998378515
1695814326.925000 -0.908802807 0.341830462 17.112901688 -0.000576671 -0.054745242 0.019070122 0.998318076
1695814327.022000 -0.909344494 0.342413664 17.119453430 0.001808427 -0.054788966 0.019472770 0.998306453
1695814327.119000 -0.909270048 0.344454706 17.122303009 0.001339414 -0.054559201 0.027985511 0.998117387
1695814327.220000 -0.898969352 0.343413115 17.130373001 -0.002259150 -0.059128262 0.015376541 0.998129427
1695814327.320000 -0.894860208 0.345211297 17.132822037 -0.000775192 -0.060682002 0.006342573 0.998136699
1695814327.414000 -0.886852205 0.345624566 17.153310776 0.000523130 -0.067066334 0.014258184 0.997646511
1695814327.512000 -0.877525866 0.346670926 17.168701172 0.004999403 -0.072635047 0.008867766 0.997306645
1695814327.608000 -0.876603186 0.346967101 17.192472458 0.006898670 -0.075321034 0.009216523 0.997092962
1695814327.707000 -0.881781220 0.356209934 17.201473236 0.012226043 -0.073537603 0.026072698 0.996876597
1695814327.803000 -0.883372247 0.357632875 17.201679230 0.012186176 -0.073173620 0.025395345 0.996921360
1695814327.896000 -0.883826673 0.356413960 17.209062576 0.007087029 -0.073504560 0.029219702 0.996841550
1695814327.994000 -0.879141927 0.357551038 17.225687027 0.006711875 -0.077207424 0.023281867 0.996720612
1695814328.089000 -0.901480138 0.347877383 17.256105423 0.000642639 -0.067238554 0.026123157 0.997394741
1695814328.187000 -0.887886047 0.356083453 17.237310410 0.005124004 -0.073688999 0.027791543 0.996880829
1695814328.281000 -0.869512796 0.363653004 17.213233948 0.010496162 -0.081231087 0.025178816 0.996321976
1695814328.379000 -0.850197494 0.367508501 17.190427780 0.011001904 -0.090112142 0.026018351 0.995530963
1695814328.501000 -0.849801004 0.361102819 17.207305908 0.006755090 -0.091055587 0.033078324 0.995273352
1695814328.593000 -0.856377184 0.355043918 17.209671021 0.007247564 -0.086845011 0.025853615 0.995859921
1695814328.685000 -0.865567207 0.354973733 17.227935791 0.005830654 -0.081376471 0.020830208 0.996448696
1695814328.778000 -0.872553408 0.358942926 17.268283844 0.006014282 -0.083865024 0.028959675 0.996038079
1695814328.872000 -0.846072972 0.354365498 17.282455444 0.003274071 -0.098695621 0.028199520 0.994712710
1695814328.967000 -0.874539316 0.360765487 17.292121887 0.007868717 -0.084384322 0.027931394 0.996010661
1695814329.061000 -0.879680216 0.359009176 17.296482086 0.007183959 -0.081939489 0.032227822 0.996090233
1695814329.155000 -0.868686020 0.359850138 17.296930313 0.007471124 -0.088252284 0.034545425 0.995470941
1695814329.250000 -0.866158068 0.360151112 17.313297272 0.008386407 -0.091383845 0.035049517 0.995163441
1695814329.337000 -0.868202746 0.361500412 17.326244354 0.010119451 -0.090729706 0.032145329 0.995305181
1695814329.428000 -0.874879658 0.364274085 17.329704285 0.011625936 -0.087525912 0.034767557 0.995487452
1695814329.522000 -0.893069983 0.360874712 17.336767197 0.010495749 -0.077319376 0.030995559 0.996469259
1695814329.611000 -0.893323064 0.358796418 17.353124619 0.008670940 -0.079803444 0.032517701 0.996242344
1695814329.702000 -0.893560886 0.359326184 17.365642548 0.009471531 -0.080529638 0.031686202 0.996203423
1695814329.793000 -0.895903230 0.360500783 17.369132996 0.009920136 -0.079300836 0.029173518 0.996374369
1695814329.887000 -0.882539272 0.360584795 17.370742798 0.009600542 -0.086928613 0.031198937 0.995679617
1695814329.991000 -0.876494646 0.361127108 17.350629807 0.007951994 -0.088694632 0.032661375 0.995491505
1695814330.082000 -0.871039748 0.362632722 17.366493225 0.008338276 -0.093398310 0.029755931 0.995149136
1695814330.185000 -0.863353193 0.364632070 17.394107819 0.009763541 -0.101736136 0.033398788 0.994202673
1695814330.286000 -0.857090414 0.366103292 17.406963348 0.014248471 -0.106927671 0.032702625 0.993626714
1695814330.378000 -0.854119360 0.364831209 17.408327103 0.013676132 -0.110338554 0.038396228 0.993057966
1695814330.469000 -0.848420203 0.367900074 17.396203995 0.013335253 -0.113611944 0.037124656 0.992741764
1695814330.572000 -0.837015748 0.368998140 17.418985367 0.013174124 -0.138705224 0.036523435 0.989572346
1695814330.662000 -0.845227301 0.366361558 17.416179657 0.010610228 -0.138701677 0.038357873 0.989534199
1695814330.751000 -0.851570308 0.367409885 17.415349960 0.012068126 -0.134906799 0.031729788 0.990276635
1695814330.862000 -0.865611672 0.366818637 17.403821945 0.012836738 -0.125524372 0.026136914 0.991663098
1695814330.952000 -0.862682045 0.367751420 17.408794403 0.014083307 -0.128495768 0.027857658 0.991218746
1695814331.052000 -0.859711707 0.367471397 17.441398621 0.014587292 -0.135078549 0.030330570 0.990263104
1695814331.157000 -0.863070250 0.372200847 17.453205109 0.017943913 -0.134906828 0.036029421 0.990040481
1695814331.257000 -0.847742260 0.379405081 17.470327377 0.023446469 -0.148601696 0.034630023 0.988012433
1695814331.358000 -0.866581559 0.368359506 17.465785980 0.015473261 -0.134909347 0.033081029 0.990184724
1695814331.455000 -0.869579673 0.368347645 17.476373672 0.015860733 -0.138055652 0.033211023 0.989740491
1695814331.554000 -0.870801389 0.367777526 17.486240387 0.015454622 -0.144713789 0.032968141 0.988803446
1695814331.654000 -0.874245346 0.367739052 17.490098953 0.016213348 -0.144928351 0.035988089 0.988654554
1695814331.742000 -0.875408530 0.367401063 17.498435974 0.016361162 -0.145605415 0.034404602 0.988608956
1695814331.831000 -0.877946556 0.367314249 17.509115219 0.016690841 -0.146936461 0.033738192 0.988429546
1695814331.929000 -0.881329775 0.367165864 17.520307541 0.017220987 -0.146104634 0.033022586 0.988567889
1695814332.016000 -0.883292973 0.366734028 17.529710770 0.016247375 -0.146746978 0.033697031 0.988466442
1695814332.117000 -0.885945499 0.366551250 17.527109146 0.016867202 -0.145085797 0.033046406 0.988723218
1695814332.210000 -0.887857556 0.366391301 17.536878586 0.016368266 -0.153584883 0.033852082 0.987419844
1695814332.310000 -0.890973210 0.366234928 17.542163849 0.015943194 -0.158817232 0.034776021 0.986566544
1695814332.408000 -0.893079817 0.366552114 17.552011490 0.016625529 -0.160697207 0.033720184 0.986287534
1695814332.509000 -0.897073925 0.365890920 17.562101364 0.016117260 -0.159747869 0.031692825 0.986517370
1695814332.605000 -0.899010241 0.365633398 17.564504623 0.017106013 -0.158827692 0.031438436 0.986657381
1695814332.704000 -0.901929975 0.365536004 17.574359894 0.018018050 -0.158545047 0.030152431 0.986726761
1695814332.801000 -0.904933155 0.364941061 17.583684921 0.017792614 -0.158452660 0.028215121 0.986802995
1695814332.908000 -0.906328321 0.365045488 17.586622238 0.018256199 -0.158904359 0.029220672 0.986692607
1695814332.998000 -0.910259187 0.364775658 17.595726013 0.018645326 -0.156448737 0.028925115 0.987086415
1695814333.099000 -0.911283731 0.364587247 17.600921631 0.016770327 -0.158517912 0.028481383 0.986802757
1695814333.197000 -0.914013505 0.364362538 17.610052109 0.015486996 -0.158414051 0.027373428 0.986871779
1695814333.293000 -0.917000413 0.364357293 17.617906570 0.016193878 -0.157805800 0.027931198 0.986942291
1695814333.391000 -0.918201804 0.364059538 17.620988846 0.016008839 -0.158042714 0.027378274 0.986922860
1695814333.489000 -0.921010137 0.363792598 17.628959656 0.017111154 -0.157541156 0.026808241 0.987000227
1695814333.587000 -0.922430754 0.363608658 17.633638382 0.018676480 -0.158021092 0.026648726 0.986899436
1695814333.685000 -0.925116897 0.363535404 17.641216278 0.020001855 -0.157461241 0.026651852 0.986962855
1695814333.781000 -0.926811934 0.363273501 17.646165848 0.019924993 -0.157842189 0.026398152 0.986910343
1695814333.877000 -0.929475904 0.362957060 17.653221130 0.019374777 -0.157159865 0.025831517 0.987045228
1695814333.975000 -0.930883825 0.362930238 17.658227921 0.019275822 -0.157844573 0.026101219 0.986930728
1695814334.073000 -0.933398724 0.362703443 17.664852142 0.018979950 -0.157213822 0.026420720 0.987028658
1695814334.167000 -0.934971452 0.362573028 17.670419693 0.018670412 -0.157720998 0.026127227 0.986961424
1695814334.253000 -0.936544776 0.362446934 17.676162720 0.018507116 -0.157816872 0.025942372 0.986954093
1695814334.350000 -0.938515902 0.362126142 17.681753159 0.018186139 -0.152444482 0.025507530 0.987815440
1695814334.449000 -0.940596521 0.362054348 17.688230515 0.018270245 -0.151451692 0.026153609 0.987949729
1695814334.534000 -0.942308545 0.362027586 17.693906784 0.019322306 -0.151606172 0.027467756 0.987870336
1695814334.631000 -0.944095373 0.361690879 17.698955536 0.018875215 -0.151003554 0.028350867 0.987946332
1695814334.732000 -0.945972621 0.361422658 17.705839157 0.018797759 -0.151269749 0.028641835 0.987898707
1695814334.830000 -0.948181093 0.361389160 17.712068558 0.019027514 -0.151013643 0.029223630 0.987916470
1695814334.925000 -0.949823260 0.361277342 17.716449738 0.019093450 -0.150576890 0.027957927 0.988018394
1695814335.014000 -0.951452851 0.361287415 17.721885681 0.019489715 -0.151229307 0.028336907 0.987900257
1695814335.111000 -0.953767955 0.361000031 17.728273392 0.019603899 -0.147810236 0.028087853 0.988422453
1695814335.205000 -0.954551876 0.360737920 17.733028412 0.019293198 -0.133507460 0.024561321 0.990555584
1695814335.290000 -0.955131292 0.360499144 17.738050461 0.018489026 -0.110531136 0.019823557 0.993502975
1695814335.390000 -0.956639469 0.360619217 17.744581223 0.018903844 -0.093879171 0.018193206 0.995237827
1695814335.487000 -0.957330644 0.360578716 17.750617981 0.018359253 -0.091525234 0.020751750 0.995417297
1695814335.584000 -0.957935750 0.360161424 17.755563736 0.017685350 -0.091357112 0.025677416 0.995329976
1695814335.680000 -0.959106266 0.360161424 17.761714935 0.017340209 -0.091542356 0.027399331 0.995273173
1695814335.774000 -0.960591435 0.359942019 17.767763138 0.017121471 -0.091151416 0.029342994 0.995257437
1695814335.873000 -0.961527050 0.359892219 17.772596359 0.017680854 -0.091035850 0.029972341 0.995239437
1695814335.970000 -0.963043034 0.359592050 17.778598785 0.017462896 -0.090462252 0.028914863 0.995326936
1695814336.068000 -0.963393271 0.359461308 17.784261703 0.017332340 -0.091719821 0.028702682 0.995220244
1695814336.165000 -0.964646935 0.359489620 17.789608002 0.017200284 -0.091197044 0.027851772 0.995294750
1695814336.259000 -0.965712130 0.359377235 17.794771194 0.016379882 -0.090907186 0.027206864 0.995352924
1695814336.335000 -0.966191590 0.359387279 17.796720505 0.016055349 -0.090868063 0.026949596 0.995368779
1695814336.433000 -0.967429876 0.359152615 17.803783417 0.014985700 -0.090961099 0.027860178 0.995351911
1695814336.532000 -0.968505561 0.359127164 17.809167862 0.014641583 -0.090845495 0.028179377 0.995358586
1695814336.662000 -0.969693244 0.358885497 17.816001892 0.014581277 -0.091373727 0.029140156 0.995283484
1695814336.750000 -0.970455587 0.358713329 17.820175171 0.014606967 -0.090964623 0.028688068 0.995333672
1695814336.844000 -0.971338809 0.358684391 17.824979782 0.015072677 -0.091019139 0.029429819 0.995300114
1695814336.932000 -0.972181916 0.358623683 17.829097748 0.015191511 -0.090946585 0.029859735 0.995292127
1695814337.023000 -0.973066211 0.358427107 17.832967758 0.014987735 -0.090537086 0.028838018 0.995362639
1695814337.117000 -0.973983824 0.358363926 17.837314606 0.016143493 -0.090368256 0.028760225 0.995362163
1695814337.218000 -0.974735916 0.358238101 17.841449738 0.017317995 -0.090600096 0.028903943 0.995317221
1695814337.315000 -0.975599408 0.358089685 17.846040726 0.017920194 -0.090349026 0.028822660 0.995331705
1695814337.410000 -0.976548076 0.358010948 17.849643707 0.017827298 -0.090169922 0.028436365 0.995360732
1695814337.503000 -0.977519929 0.357802153 17.854675293 0.017548297 -0.089825086 0.028930958 0.995382667
1695814337.597000 -0.977982223 0.357859969 17.858417511 0.017744819 -0.090344489 0.028831042 0.995335042
1695814337.695000 -0.978682399 0.357724875 17.862424850 0.017294126 -0.090380616 0.028485645 0.995349646
1695814337.787000 -0.979436100 0.357583225 17.866794586 0.017085798 -0.084896922 0.027292147 0.995869398
1695814337.884000 -0.979496241 0.357529700 17.870828629 0.016736068 -0.067841671 0.023824962 0.997271180
1695814337.983000 -0.979806542 0.357488662 17.875123978 0.016402196 -0.056901988 0.024339916 0.997948229
1695814338.077000 -0.980150223 0.357390136 17.879114151 0.016149694 -0.056748532 0.027150178 0.997888684
1695814338.174000 -0.980668545 0.357123554 17.883329391 0.015443154 -0.056707308 0.029514436 0.997834980
1695814338.271000 -0.981086612 0.357161313 17.887634277 0.015943771 -0.056306306 0.030939814 0.997806668
1695814338.363000 -0.981339812 0.357032746 17.891593933 0.015710466 -0.049705159 0.029885601 0.998193145
1695814338.459000 -0.981080413 0.356967598 17.895500183 0.015018434 -0.031208349 0.025968900 0.999062657
1695814338.557000 -0.980794072 0.356888950 17.899511337 0.014634194 -0.018162508 0.026187282 0.999384940
1695814338.649000 -0.980812132 0.356900483 17.903394699 0.014863882 -0.017539280 0.029609958 0.999297142
1695814338.749000 -0.981118798 0.356837451 17.907503128 0.014967142 -0.017343828 0.032763563 0.999200583
1695814338.841000 -0.981402576 0.356841862 17.911592484 0.014674759 -0.016254293 0.034372136 0.999169171
1695814338.940000 -0.980754197 0.356944591 17.915800095 0.012785448 -0.009109645 0.030929031 0.999398291
1695814339.033000 -0.980296612 0.357019901 17.919536591 0.009632341 0.010549434 0.026528135 0.999546051
1695814339.127000 -0.979014218 0.357283324 17.923437119 0.007176219 0.031354543 0.024900995 0.999172330
1695814339.229000 -0.978074074 0.357074618 17.927070618 0.005189883 0.053802043 0.026013507 0.998199284
1695814339.323000 -0.976833522 0.357293665 17.930700302 0.007193638 0.073593430 0.025468381 0.996937215
1695814339.420000 -0.976041138 0.357305437 17.934329987 0.010330354 0.077022143 0.031099927 0.996490717
1695814339.517000 -0.975516558 0.357043207 17.938402176 0.012238286 0.077428311 0.036221236 0.996264577
1695814339.614000 -0.974736571 0.357078582 17.942764282 0.012346595 0.077585064 0.038973365 0.996147215
1695814339.789000 -0.973977566 0.357129633 17.946659088 0.009440634 0.081497259 0.038205970 0.995896339
1695814339.889000 -0.971566319 0.357143998 17.953189850 0.004361132 0.113953605 0.035969984 0.992825150
1695814339.989000 -0.969821751 0.357466459 17.956371307 0.003040491 0.130769715 0.035872571 0.990758955
1695814340.089000 -0.968801022 0.357402205 17.960695267 0.003901955 0.133512482 0.039942905 0.990234196
1695814340.189000 -0.967864871 0.357603073 17.964313507 0.004923147 0.133300409 0.043181989 0.990122318
1695814340.291000 -0.966837883 0.357630491 17.968353271 0.005436232 0.133912504 0.044559095 0.989975989
1695814340.393000 -0.965300977 0.357509673 17.972080231 0.007344537 0.141397551 0.044664685 0.988917530
1695814340.485000 -0.963631392 0.357591569 17.975015640 0.007399738 0.158608615 0.039920483 0.986506462
1695814340.587000 -0.961614430 0.357755184 17.978637695 0.006555916 0.181054845 0.034945387 0.982830107
1695814340.681000 -0.959776759 0.357891142 17.981708527 0.004933800 0.200379089 0.032051411 0.979181588
1695814340.776000 -0.958039701 0.358120114 17.984394073 0.003251683 0.208125085 0.035169404 0.977464318
1695814340.869000 -0.956676483 0.358149678 17.988098145 0.002296664 0.209079862 0.039487187 0.977098346
1695814340.964000 -0.955076218 0.358123869 17.991575241 0.002512659 0.209078506 0.041777086 0.977002859
1695814341.058000 -0.953439951 0.358279318 17.994678497 0.003805990 0.212497607 0.041207556 0.976284921
1695814341.155000 -0.951382816 0.358448565 17.997816086 0.005025449 0.226845145 0.036985833 0.973215342
1695814341.257000 -0.949013829 0.358467013 18.000724792 0.004590755 0.247524828 0.032039512 0.968340755
1695814341.361000 -0.946882129 0.358586431 18.003791809 0.006062443 0.256118596 0.034953825 0.965994179
1695814341.462000 -0.945006371 0.358760834 18.007217407 0.007978214 0.256623447 0.040254086 0.965639889
1695814341.563000 -0.943007588 0.358804345 18.010515213 0.007227652 0.257805526 0.041504912 0.965277910
1695814341.665000 -0.940709949 0.358875126 18.013551712 0.005496500 0.268334001 0.039188046 0.962512851
1695814341.781000 -0.937826395 0.358910292 18.016174316 0.003347569 0.289765924 0.035061128 0.956449270
1695814341.894000 -0.934846163 0.359313130 18.019290924 0.004854103 0.311614543 0.034410693 0.949572921
1695814341.994000 -0.932131052 0.359451085 18.021764755 0.005026351 0.329846531 0.031364553 0.943500042
1695814342.115000 -0.929001808 0.359603882 18.024318695 0.003577911 0.351651609 0.028366933 0.935694277
1695814342.234000 -0.925496340 0.359867036 18.026863098 0.001750745 0.372454762 0.026401144 0.927673101
1695814342.355000 -0.921818733 0.360075146 18.029272079 0.000439629 0.395217568 0.027082078 0.918188155
1695814342.465000 -0.918426514 0.360274017 18.031259537 -0.001327274 0.413948089 0.028061876 0.909866929
1695814342.578000 -0.915182114 0.360569656 18.033313751 -0.004357295 0.430040032 0.027861010 0.902369320
1695814342.716000 -0.911444664 0.360935330 18.036403656 -0.007743666 0.432819366 0.030412719 0.900934219
1695814342.850000 -0.907887936 0.361298174 18.038969040 -0.010092145 0.432469040 0.031331211 0.901047766
1695814342.987000 -0.904146671 0.361607194 18.042060852 -0.008688046 0.431818426 0.030401578 0.901406169
1695814343.132000 -0.900329113 0.361904174 18.044961929 -0.008733375 0.435046524 0.031037228 0.899830580
1695814343.253000 -0.896574497 0.362304449 18.047039032 -0.011811247 0.450566500 0.029108888 0.892190039
1695814343.387000 -0.892667770 0.362561166 18.048885345 -0.017489219 0.471442014 0.024905711 0.881371796
1695814343.531000 -0.888357639 0.362788260 18.050577164 -0.020807205 0.494618922 0.022071987 0.868580520
1695814343.692000 -0.883131027 0.362958997 18.052358627 -0.018039288 0.520383835 0.022843756 0.853436232
1695814343.864000 -0.877904892 0.363425255 18.054079056 -0.014564758 0.540282130 0.022078786 0.841068208
1695814344.031000 -0.872435570 0.363884270 18.056489944 -0.012887024 0.543340385 0.025250124 0.839033782
1695814344.201000 -0.867509842 0.364167660 18.058732986 -0.016750518 0.543957055 0.025682196 0.838552713
1695814344.367000 -0.862152100 0.364695013 18.061286926 -0.017125562 0.544282138 0.025504522 0.838339567
1695814344.532000 -0.857397079 0.365072936 18.063323975 -0.014633885 0.544370949 0.025684256 0.838323712
1695814344.705000 -0.852210999 0.365381777 18.065233231 -0.015281732 0.553557992 0.023233620 0.832346320
1695814344.893000 -0.846168518 0.365814626 18.066856384 -0.016957570 0.572067976 0.021140220 0.819758356
1695814345.074000 -0.840748787 0.366201878 18.068624496 -0.015860932 0.574557900 0.023762828 0.817965209
1695814345.254000 -0.835476875 0.366529703 18.070499420 -0.014855457 0.575661242 0.022411531 0.817246020
1695814345.440000 -0.829965591 0.366937846 18.072601318 -0.013577256 0.577271044 0.021106044 0.816166878
1695814345.630000 -0.824094772 0.367287219 18.073932648 -0.016694481 0.593903482 0.019733366 0.804121017
1695814345.829000 -0.818179131 0.367790699 18.075052261 -0.016866606 0.607786655 0.023058906 0.793586314
1695814346.028000 -0.812609673 0.368056118 18.076379776 -0.018148208 0.608913183 0.024944128 0.792636871
1695814346.223000 -0.807203293 0.368529022 18.077739716 -0.017376348 0.608780086 0.024518700 0.792769670
1695814346.419000 -0.801357269 0.368922800 18.079540253 -0.016402382 0.609356880 0.024256131 0.792355299
1695814346.610000 -0.795599937 0.369361281 18.081192017 -0.016247600 0.609515846 0.024327170 0.792234004
1695814346.807000 -0.790452003 0.369696081 18.082401276 -0.016895933 0.609072208 0.024440996 0.792558074
1695814347.002000 -0.784770966 0.370128036 18.084123611 -0.016777448 0.609490573 0.024001665 0.792252302
1695814347.213000 -0.779517174 0.370513648 18.085571289 -0.017289352 0.609496295 0.023597108 0.792249084
1695814347.415000 -0.773518562 0.371027946 18.087232590 -0.016963985 0.609773695 0.024004430 0.792030394
1695814347.607000 -0.768277168 0.371483862 18.088331223 -0.017324811 0.609020412 0.026940366 0.792507529
1695814347.798000 -0.762948990 0.371988118 18.090167999 -0.020977974 0.609508693 0.028193807 0.792000115
1695814348.000000 -0.757512093 0.372281790 18.091606140 -0.021158466 0.609468877 0.026864616 0.792072237
1695814348.196000 -0.752172470 0.372709841 18.093006134 -0.016776033 0.609175980 0.026724918 0.792407095
1695814348.386000 -0.746515274 0.373090178 18.094894409 -0.012721477 0.609622002 0.023390550 0.792244971
1695814348.578000 -0.740609169 0.373609781 18.096504211 -0.015110839 0.609311342 0.023822984 0.792429090
1695814348.771000 -0.735016823 0.374061853 18.097969055 -0.017050344 0.609538972 0.025847735 0.792151213
1695814348.964000 -0.729407310 0.374436826 18.099451065 -0.016625490 0.609646618 0.025892276 0.792075872
1695814349.161000 -0.723672867 0.374909341 18.101202011 -0.015373437 0.609913886 0.025675470 0.791902483
1695814349.354000 -0.717934608 0.375268042 18.102651596 -0.015586678 0.609712780 0.025748881 0.792050779
1695814349.546000 -0.712347984 0.375613600 18.104106903 -0.015300892 0.609634817 0.026092358 0.792105198
1695814349.735000 -0.706416130 0.376069218 18.105924606 -0.013200900 0.610222816 0.024816038 0.791731000
1695814349.936000 -0.700280190 0.376639813 18.107425690 -0.014315130 0.609680235 0.026077949 0.792089105
1695814350.130000 -0.694084167 0.377128452 18.109144211 -0.015436254 0.609976649 0.026712596 0.791818619
1695814350.326000 -0.687859535 0.377524704 18.110919952 -0.014958151 0.610298157 0.026538862 0.791585803
1695814350.518000 -0.681934357 0.377947628 18.112394333 -0.014458129 0.609863222 0.026232013 0.791940510
1695814350.713000 -0.676422119 0.378294975 18.113801956 -0.014848509 0.609652460 0.026846904 0.792074919
1695814351.076000 -0.669263840 0.378812492 18.116361618 -0.013463925 0.611382723 0.026508940 0.790776372
1695814351.279000 -0.657392502 0.379934460 18.118968964 -0.013385717 0.609944403 0.027731374 0.791845739
1695814351.474000 -0.651074409 0.380247921 18.120718002 -0.014010193 0.610015333 0.027647905 0.791783273
1695814351.677000 -0.643721581 0.380601734 18.123138428 -0.014285024 0.611510813 0.027663652 0.790623307
1695814351.877000 -0.637742043 0.380916238 18.124603271 -0.014174188 0.611252725 0.027996046 0.790813148
1695814352.073000 -0.631068230 0.381530195 18.126529694 -0.012298123 0.611461937 0.026345318 0.790739536
1695814352.284000 -0.625967979 0.381841421 18.127794266 -0.011556210 0.611109257 0.024900347 0.791070223
1695814352.486000 -0.619505882 0.382423073 18.129081726 -0.013848992 0.610093355 0.026977317 0.791749060
1695814352.672000 -0.611227989 0.383073568 18.131715775 -0.014761150 0.611335337 0.028745607 0.790711641
1695814352.860000 -0.604761124 0.383566022 18.133350372 -0.013935224 0.611000896 0.028288836 0.791001618
1695814353.050000 -0.598309517 0.384152442 18.135368347 -0.012590168 0.611259937 0.028350841 0.790821791
1695814353.243000 -0.591205597 0.384662241 18.136714935 -0.013197836 0.610955834 0.028834181 0.791029334
1695814353.438000 -0.586086273 0.384798318 18.137590408 -0.015491344 0.609701633 0.028785441 0.791956723
1695814353.628000 -0.577755928 0.385684103 18.139978409 -0.013752754 0.611665666 0.028530315 0.790482163
1695814353.824000 -0.570977211 0.386716336 18.141469955 -0.014171476 0.631251633 0.025141736 0.775040925
1695814354.030000 -0.563806534 0.386941820 18.142288208 -0.014873818 0.640330672 0.026312442 0.767504513
1695814354.229000 -0.557647705 0.387291253 18.142932892 -0.016094480 0.641443431 0.026147589 0.766555727
1695814354.438000 -0.549861908 0.388308346 18.143337250 -0.017725665 0.658579588 0.022581836 0.751963377
1695814354.646000 -0.543551445 0.389024228 18.143869400 -0.016211232 0.662584722 0.023608992 0.748439252
1695814354.863000 -0.536172867 0.389154792 18.145111084 -0.017384652 0.665152371 0.023790365 0.746126115
1695814355.093000 -0.529563904 0.389406294 18.145320892 -0.021133076 0.682831705 0.020837964 0.729972661
1695814355.265000 -0.524173737 0.390090287 18.144811630 -0.019710774 0.685766160 0.021435289 0.727239251
1695814355.447000 -0.519325256 0.390294373 18.145097733 -0.019587515 0.686510623 0.022135707 0.726518869
1695814355.677000 -0.512319565 0.391065180 18.144269943 -0.021797940 0.699231744 0.017768465 0.714341819
1695814355.859000 -0.508014679 0.391315788 18.143529892 -0.023546727 0.718383491 0.015782323 0.695069671
1695814356.046000 -0.502334595 0.391633093 18.142416000 -0.023827793 0.736078143 0.015698303 0.676294982
1695814356.248000 -0.497732162 0.391794622 18.141559601 -0.021671077 0.739965677 0.018340746 0.672045290
1695814356.444000 -0.491996765 0.392314732 18.141649246 -0.019743163 0.745880187 0.017405665 0.665560007
1695814356.643000 -0.486907959 0.392447591 18.140541077 -0.023586268 0.761303842 0.013312208 0.647829533
1695814356.860000 -0.482711792 0.392906129 18.139036179 -0.021566236 0.767011464 0.016027760 0.641070545
1695814357.058000 -0.478200912 0.393505216 18.137863159 -0.018010065 0.767849088 0.019746011 0.640073121
1695814357.261000 -0.473495483 0.393813610 18.136924744 -0.018694701 0.768152595 0.020179411 0.639675677
1695814357.461000 -0.468389511 0.394386142 18.136009216 -0.020597355 0.775189817 0.018538095 0.631120324
1695814357.663000 -0.464101791 0.394153476 18.134157181 -0.024746323 0.789889753 0.019304696 0.612445295
1695814357.871000 -0.460004807 0.395077914 18.132410049 -0.024064580 0.800635338 0.020754943 0.598308682
1695814358.091000 -0.455438614 0.395667672 18.131116867 -0.019846279 0.802528977 0.024152786 0.595793664
1695814358.311000 -0.451036453 0.396086961 18.129936218 -0.020592831 0.806493044 0.026559494 0.590287745
1695814358.523000 -0.447856903 0.397016317 18.127365112 -0.021716766 0.817310274 0.024766039 0.575255573
1695814358.750000 -0.443590164 0.396869689 18.125099182 -0.024975553 0.832125187 0.024993664 0.553461134
1695814358.983000 -0.440042496 0.397140235 18.122514725 -0.025747884 0.845764339 0.026226593 0.532289445
1695814359.207000 -0.436521530 0.397629410 18.119682312 -0.024042059 0.859109104 0.027183974 0.510504246
1695814359.441000 -0.433197021 0.398064017 18.116701126 -0.026122320 0.871165991 0.025335904 0.489638209
1695814359.686000 -0.430215836 0.398544371 18.113548279 -0.026616242 0.883001804 0.022280315 0.468084365
1695814359.927000 -0.426727295 0.399060577 18.110673904 -0.025276534 0.895034552 0.019577038 0.444849461
1695814360.165000 -0.423763275 0.399356604 18.107069016 -0.024813280 0.905760467 0.016167408 0.422753930
1695814360.411000 -0.422151566 0.399238139 18.104063034 -0.028625106 0.915773630 0.013457932 0.400447398
1695814360.643000 -0.418722153 0.400007963 18.100109100 -0.026562067 0.925579011 0.012898374 0.377401203
1695814360.882000 -0.416379929 0.400535941 18.095901489 -0.025319705 0.934334338 0.015360271 0.355165184
1695814361.137000 -0.414390564 0.400662601 18.092266083 -0.028738003 0.942763925 0.015341305 0.331866026
1695814361.363000 -0.413139343 0.400761455 18.088277817 -0.030794846 0.949968994 0.014530138 0.310482681
1695814361.586000 -0.410781860 0.400904834 18.084289551 -0.029104773 0.957594812 0.012285654 0.286381215
1695814361.820000 -0.409324646 0.400975227 18.081638336 -0.026736647 0.964638710 0.010227066 0.262016773
1695814362.028000 -0.407909393 0.401194036 18.076456070 -0.027690662 0.969497919 0.008478409 0.243382767
1695814362.240000 -0.406515121 0.401406169 18.072189331 -0.025461221 0.970521867 0.008872719 0.239500254
1695814362.452000 -0.404174805 0.401603639 18.068965912 -0.024721293 0.971050262 0.009690803 0.237394989
1695814362.658000 -0.402439117 0.401773393 18.065515518 -0.024477262 0.971045971 0.010207866 0.237416193
1695814362.863000 -0.400327682 0.402021945 18.061603546 -0.022914223 0.971103966 0.010327765 0.237329662
1695814363.070000 -0.398564339 0.402100831 18.058029175 -0.021439241 0.971017838 0.010945285 0.237791926
1695814363.278000 -0.396333694 0.402318090 18.054143906 -0.020163173 0.971101403 0.009269237 0.237633422
1695814363.482000 -0.394423485 0.402473748 18.050186157 -0.019862343 0.971042454 0.009141403 0.237904519
1695814363.694000 -0.392090797 0.402743429 18.045833588 -0.021594439 0.971100807 0.009787320 0.237489283
1695814363.913000 -0.390286446 0.402776480 18.041866302 -0.021325752 0.973204434 0.005037053 0.228895113
1695814364.137000 -0.389189720 0.402716875 18.037662506 -0.019637819 0.976061463 0.002242832 0.216594920
1695814364.337000 -0.387191772 0.403130531 18.033597946 -0.018092865 0.976913035 0.002682930 0.212852940
1695814364.550000 -0.385926247 0.403266817 18.029550552 -0.022160638 0.979211867 0.005105984 0.201561481
1695814364.742000 -0.384680748 0.403676212 18.025466919 -0.021326220 0.979654849 0.009822652 0.199311674
1695814364.934000 -0.382455826 0.403714091 18.021224976 -0.019733800 0.979920805 0.010306570 0.198140293
1695814365.128000 -0.380737305 0.403901845 18.016918182 -0.018747525 0.979887009 0.007144847 0.198542222
1695814365.319000 -0.378915787 0.404054582 18.012245178 -0.019402390 0.980097055 0.004750650 0.197511435
1695814365.512000 -0.377107620 0.404253840 18.006502151 -0.022198156 0.983090580 0.003758477 0.181730911
1695814365.699000 -0.375353813 0.404281527 18.001098633 -0.021189209 0.983911812 0.005254133 0.177316353
1695814365.884000 -0.373481750 0.404660732 17.995239258 -0.021350458 0.984064937 0.006115749 0.176417127
1695814366.071000 -0.371286392 0.405022889 17.988723755 -0.023617635 0.986496568 0.006006273 0.161958918
1695814366.260000 -0.369437218 0.405288011 17.982032776 -0.022828989 0.988199770 0.005762589 0.151350453
1695814366.422000 -0.368292809 0.405637592 17.977272034 -0.020840639 0.988402784 0.009501129 0.150118202
1695814366.598000 -0.365792274 0.406123757 17.970191956 -0.022746777 0.988415182 0.011210830 0.149640620
1695814366.776000 -0.362925529 0.406198114 17.963972092 -0.026149856 0.988884866 0.006976804 0.146199346
1695814366.954000 -0.360820770 0.406319618 17.955284119 -0.027397059 0.989074528 0.001252430 0.144842714
1695814367.135000 -0.358305931 0.406824827 17.946498871 -0.023520911 0.989195883 0.001912064 0.144688010
1695814367.313000 -0.356036186 0.407155007 17.938358307 -0.022898236 0.989048362 0.007253946 0.145624265
1695814367.488000 -0.353304863 0.407759815 17.929605484 -0.023539240 0.989057600 0.009133327 0.145353109
1695814367.669000 -0.350515366 0.408049136 17.921276093 -0.023200728 0.989048660 0.006574285 0.145606548
1695814367.846000 -0.347922325 0.408138901 17.912338257 -0.023578042 0.989032269 0.003946159 0.145752236
1695814368.028000 -0.345420837 0.408467472 17.903114319 -0.023817880 0.988887727 0.006023368 0.146620423
1695814368.205000 -0.342537880 0.408942312 17.894569397 -0.026203560 0.989248753 0.007923233 0.143657938
1695814368.432000 -0.339231491 0.409450799 17.883018494 -0.027701337 0.990871608 0.006989141 0.131747037
1695814368.655000 -0.335635185 0.410018414 17.871112823 -0.026662596 0.991091669 0.005560195 0.130367219
1695814368.873000 -0.332017899 0.409748256 17.859561920 -0.026253639 0.991241634 0.007286477 0.129220128
1695814369.098000 -0.330338478 0.410690248 17.847564697 -0.026618406 0.991271675 0.006768854 0.128942415
1695814369.326000 -0.327146530 0.410951853 17.836130142 -0.026691521 0.991568089 0.006300590 0.126651973
1695814369.553000 -0.324297905 0.411321133 17.824600220 -0.025838263 0.991572440 0.003374545 0.126905635
1695814369.772000 -0.321461678 0.411785275 17.811828613 -0.025393683 0.991351664 0.002329426 0.128730983
1695814369.990000 -0.318223953 0.412292421 17.800767899 -0.026784856 0.991449952 0.006798958 0.127527818
1695814370.211000 -0.315215111 0.412636846 17.789194107 -0.026191615 0.991376817 0.007060641 0.128203675
1695814370.425000 -0.311922073 0.413144767 17.777687073 -0.025854321 0.991498947 0.005763824 0.127390131
1695814370.639000 -0.309243202 0.413498253 17.766597748 -0.026462022 0.991355836 0.005834662 0.128372163
1695814370.852000 -0.306001663 0.413908571 17.755153656 -0.026450515 0.991391599 0.006531586 0.128064334
1695814371.073000 -0.302289963 0.414180189 17.743488312 -0.025713097 0.991450787 0.005117374 0.127820581
1695814371.290000 -0.299634933 0.414618284 17.731601715 -0.026279930 0.991333127 0.004603026 0.128634721
1695814371.510000 -0.296331406 0.415070355 17.719987869 -0.026301287 0.991342723 0.007234820 0.128435239
1695814371.973000 -0.293090820 0.415608406 17.707994461 -0.026271706 0.991357028 0.007045306 0.128341243
1695814372.196000 -0.287061691 0.416397452 17.683544159 -0.028037470 0.992536783 0.004025935 0.118611142
1695814372.409000 -0.283392906 0.416753650 17.670310974 -0.028075436 0.993034840 0.004678310 0.114331394
1695814372.619000 -0.281402111 0.417019695 17.659748077 -0.026506811 0.992953479 0.007071189 0.115285806
1695814372.830000 -0.278971672 0.417445540 17.651308060 -0.027531644 0.993136406 0.004326592 0.113593169
1695814373.035000 -0.273992538 0.417540640 17.637565613 -0.022929003 0.993267596 0.004239262 0.113471620
1695814373.238000 -0.272462845 0.418187737 17.627882004 -0.027031971 0.993098974 0.006073401 0.113959946
1695814373.454000 -0.273777008 0.418296069 17.620733261 -0.027337560 0.992872477 0.006767723 0.115806729
1695814373.663000 -0.269865990 0.418414384 17.609157562 -0.023061765 0.991332948 0.007403592 0.129121870
1695814373.879000 -0.268062592 0.418637842 17.599246979 -0.023474442 0.990945458 0.007535011 0.131982505
1695814374.088000 -0.262867928 0.419404268 17.588069916 -0.023224844 0.990113258 0.007707425 0.138119370
1695814374.306000 -0.258152008 0.419791073 17.576469421 -0.027437270 0.989293098 0.006478766 0.143193826
1695814374.527000 -0.257638931 0.419946373 17.567302704 -0.026311608 0.988727391 0.006208258 0.147266269
1695814374.747000 -0.253287315 0.420422256 17.556840897 -0.024844777 0.988814712 0.005717695 0.146954402
1695814374.969000 -0.250848770 0.420988619 17.548851013 -0.026960721 0.988914728 0.003933600 0.145963371
1695814375.182000 -0.246288300 0.421324462 17.535346985 -0.025703721 0.988773406 0.007173088 0.147020429
1695814375.393000 -0.243651390 0.421671003 17.524127960 -0.025815403 0.988506377 0.009300215 0.148668468
1695814375.621000 -0.240448952 0.422012538 17.514364243 -0.028635770 0.990111470 0.007419021 0.137128398
1695814375.823000 -0.236742973 0.422599763 17.503986359 -0.027585788 0.990901947 0.006294511 0.131577656
1695814376.030000 -0.234646797 0.422944248 17.493942261 -0.027468603 0.990758538 0.007232782 0.132630140
1695814376.241000 -0.231537819 0.423468381 17.483686447 -0.026466452 0.990803540 0.007020466 0.132509291
1695814376.448000 -0.228643417 0.423784792 17.473644257 -0.026931345 0.990827322 0.006513569 0.132263452
1695814376.661000 -0.225811958 0.424239665 17.464466095 -0.025657577 0.990886748 0.006723472 0.132060707
1695814376.865000 -0.222368240 0.424526960 17.454528809 -0.024254639 0.991039217 0.006389848 0.131195650
1695814377.077000 -0.219643593 0.424634993 17.444932938 -0.024386285 0.991062403 0.001893963 0.131137595
1695814377.289000 -0.216094971 0.425163776 17.434291840 -0.025387989 0.991168439 0.004059185 0.130092531
1695814377.499000 -0.213706017 0.425572246 17.423551559 -0.025750101 0.990824342 0.008648454 0.132398099
1695814377.702000 -0.210046768 0.426083148 17.413532257 -0.025866523 0.991026640 0.007378745 0.130930290
1695814377.908000 -0.209192276 0.425966263 17.403411865 -0.025902923 0.990608394 0.004506276 0.134178057
1695814378.114000 -0.205986977 0.426593006 17.392505646 -0.026507316 0.990617633 0.003619798 0.134018436
1695814378.320000 -0.202854156 0.427218318 17.382667542 -0.025340704 0.990797639 0.006471121 0.132800654
1695814378.518000 -0.199486732 0.427377850 17.370468140 -0.026025040 0.990619242 0.008865028 0.133856893
1695814378.723000 -0.196036339 0.427638084 17.360061646 -0.026202243 0.990795612 0.008085215 0.132560179
1695814378.926000 -0.193699837 0.428085774 17.348674774 -0.024733227 0.990469456 0.007354293 0.135294527
1695814379.125000 -0.190331459 0.428323269 17.337697983 -0.023339579 0.990516841 0.008873590 0.135103315
1695814379.326000 -0.187497139 0.429113388 17.327053070 -0.023325928 0.990535617 0.008779597 0.134974539
1695814379.528000 -0.183949471 0.429299057 17.316282272 -0.021066692 0.990752578 0.008433285 0.133770168
1695814379.723000 -0.180582047 0.430116415 17.305788040 -0.021169456 0.990858912 0.006112815 0.133090809
1695814379.925000 -0.177758217 0.430427939 17.295841217 -0.019105652 0.990935385 0.004306749 0.132904321
1695814380.124000 -0.175342560 0.430738270 17.285373688 -0.016579270 0.990672290 0.010204522 0.134868309
1695814380.325000 -0.172434807 0.431163967 17.275032043 -0.020185431 0.990463912 0.012885307 0.135675505
1695814380.528000 -0.169537544 0.431586325 17.264739990 -0.021114826 0.990520954 0.005905539 0.135600999
1695814380.721000 -0.166698456 0.431748092 17.254615784 -0.022013891 0.990424931 0.004387934 0.136215895
1695814380.924000 -0.163794518 0.432656318 17.244354248 -0.027178705 0.990021527 0.008685229 0.137997508
1695814381.120000 -0.160845757 0.432788819 17.233936310 -0.021894587 0.990494549 0.004647682 0.135718688
1695814381.315000 -0.157736778 0.432965040 17.224287033 -0.019445973 0.990787268 0.007378978 0.133820727
1695814381.509000 -0.155695915 0.433610857 17.214187622 -0.017975723 0.990541518 0.008812998 0.135745168
1695814381.703000 -0.152560234 0.433921993 17.204345703 -0.016664783 0.990720451 0.010306651 0.134495586
1695814381.904000 -0.153860092 0.434823453 17.197990417 -0.015849054 0.990110517 0.007463883 0.139191687
1695814382.094000 -0.151254654 0.434091240 17.190650940 -0.016934557 0.990371525 0.009678633 0.137054309
1695814382.294000 -0.143530846 0.434706986 17.180419922 -0.024668520 0.991118371 0.004762393 0.130588368
1695814382.493000 -0.144668579 0.435053170 17.171733856 -0.017330259 0.990503550 0.005672973 0.136272416
1695814382.684000 -0.139030457 0.435710311 17.166275024 -0.019627670 0.991240859 0.003754590 0.130546555
1695814382.872000 -0.140275002 0.435584784 17.162322998 -0.024657516 0.990347981 0.006930662 0.136216581
1695814383.078000 -0.137057304 0.436372638 17.158714294 -0.024837291 0.990495086 0.006452624 0.135133475
1695814383.268000 -0.133471489 0.436375976 17.161836624 -0.027274515 0.990602911 0.005215289 0.133920655
1695814383.461000 -0.125626564 0.436558187 17.170249939 -0.033970483 0.990775585 0.005708186 0.131061956
1695814383.651000 -0.127546310 0.437227428 17.146816254 -0.025038810 0.989234924 0.010202912 0.143816814
1695814383.844000 -0.126649857 0.437414199 17.133152008 -0.022737084 0.988734841 0.006739642 0.147787362
1695814384.042000 -0.122808456 0.437815309 17.129323959 -0.026109476 0.989057183 0.004484048 0.145134762
1695814384.232000 -0.119830132 0.438236535 17.122865677 -0.025786242 0.989165962 0.007971165 0.144299328
1695814384.428000 -0.117571831 0.438695222 17.112667084 -0.028537486 0.989053667 0.008456491 0.144523144
1695814384.619000 -0.116109848 0.439180493 17.104034424 -0.029476486 0.988791764 0.004625421 0.146289483
1695814384.813000 -0.112546921 0.439293087 17.096324921 -0.028351188 0.989038348 0.006226791 0.144777566
1695814385.007000 -0.110182762 0.439606279 17.088787079 -0.028175931 0.989186704 0.007396284 0.143739924
1695814385.198000 -0.107813835 0.439956397 17.080207825 -0.027090438 0.989055157 0.007412738 0.144848242
1695814385.395000 -0.105715752 0.440337658 17.072204590 -0.026538946 0.989001930 0.006828139 0.145341933
1695814385.584000 -0.103343010 0.440530539 17.064502716 -0.028584860 0.989845037 0.006509518 0.139094725
1695814385.767000 -0.101859570 0.440971315 17.057075500 -0.030511865 0.992107153 0.004671215 0.121534579
1695814385.952000 -0.100010395 0.441040814 17.049182892 -0.027671773 0.992459118 0.004978360 0.119308122
1695814386.135000 -0.098179340 0.441356182 17.041601181 -0.025208218 0.992497802 0.003612606 0.119580947
1695814386.314000 -0.095932484 0.441644520 17.033424377 -0.025054270 0.992682993 0.005388185 0.117999285
1695814386.503000 -0.093948841 0.442007244 17.025749207 -0.026135912 0.992655516 0.006464597 0.117941782
1695814386.679000 -0.092043400 0.442130119 17.017517090 -0.027071893 0.992321908 0.007433118 0.120453596
1695814386.862000 -0.089636803 0.442413002 17.009923935 -0.026199646 0.991452515 0.007125543 0.127611682
1695814387.045000 -0.087506294 0.442684263 17.002338409 -0.025912343 0.991352797 0.006157747 0.128492609
1695814387.238000 -0.085809708 0.442964554 16.994678497 -0.027235264 0.991231441 0.006124538 0.129154831
1695814387.415000 -0.083470345 0.443206608 16.986644745 -0.026991278 0.991222501 0.004689569 0.129334822
1695814387.599000 -0.082061768 0.443565786 16.979812622 -0.026865304 0.991226554 0.006458490 0.129253969
1695814387.775000 -0.080085754 0.443946838 16.971364975 -0.027264193 0.991194963 0.007108729 0.129378006
1695814387.963000 -0.078652382 0.443460613 16.971103668 -0.027263986 0.991305888 0.007366490 0.128511116
1695814388.147000 -0.074811935 0.442777306 16.968948364 -0.029541973 0.991556466 0.005364187 0.126151860
1695814388.329000 -0.072133064 0.444070846 16.960453033 -0.032469153 0.991486549 0.001537007 0.126086891
1695814388.506000 -0.076902390 0.444034785 16.961208344 -0.049938198 0.990884066 0.000289482 0.125119835
1695814388.684000 -0.074675560 0.447006971 16.958354950 -0.061508890 0.990555227 -0.000217525 0.122543819
1695814388.865000 -0.075217247 0.446190655 16.960670471 -0.039336104 0.991178691 0.006011659 0.126417339
1695814389.037000 -0.075453758 0.445213318 16.950952530 -0.020877583 0.991147876 0.007645953 0.130887806
1695814389.219000 -0.070416451 0.446111649 16.947143555 -0.024647854 0.991388083 0.005914610 0.128480569
1695814389.401000 -0.068726540 0.445724428 16.939010620 -0.029332062 0.991433442 0.004279039 0.127205014
1695814389.577000 -0.066271782 0.445859253 16.932201385 -0.027309479 0.991548717 0.005017648 0.126728654
1695814389.754000 -0.064443588 0.445845842 16.920387268 -0.026980108 0.991431415 0.008299304 0.127542123
1695814389.928000 -0.063529015 0.446281999 16.911394119 -0.028167607 0.991256416 0.007869120 0.128667817
1695814390.103000 -0.061846733 0.446288049 16.901763916 -0.028032428 0.991308391 0.006907068 0.128352016
1695814390.281000 -0.059146881 0.446945965 16.893342972 -0.028648103 0.991203725 0.005899821 0.129072428
1695814390.453000 -0.058206558 0.446644366 16.887466431 -0.024267387 0.991217852 0.006740741 0.129818544
1695814390.625000 -0.056801796 0.446875691 16.877058029 -0.023048893 0.991195917 0.008925463 0.130076364
1695814390.799000 -0.054902077 0.446987361 16.872711182 -0.022023588 0.991172671 0.013352425 0.130051479
1695814390.971000 -0.054122925 0.447230399 16.865646362 -0.024960810 0.991027892 0.008746105 0.131012425
1695814391.142000 -0.052519798 0.447406799 16.860471725 -0.024295095 0.991084516 0.005994915 0.130863622
1695814391.313000 -0.049587250 0.447522342 16.858682632 -0.025035791 0.991326153 0.007430318 0.128804237
1695814391.482000 -0.046875954 0.447860032 16.859140396 -0.027856773 0.991613567 0.007784948 0.125960290
1695814391.658000 -0.043052673 0.448347688 16.857639313 -0.032385588 0.991770685 0.007990208 0.123605601
1695814391.829000 -0.040918350 0.447481513 16.854896545 -0.025069058 0.992227077 0.008432145 0.121597290
1695814392.000000 -0.043323517 0.448224783 16.839672089 -0.022324452 0.991511583 0.008407081 0.127811179
1695814392.172000 -0.040159225 0.448269933 16.838768005 -0.024245858 0.991929710 0.008720022 0.124143466
1695814392.339000 -0.041237831 0.448406160 16.829164505 -0.022642780 0.991326332 0.007910701 0.129216507
1695814392.508000 -0.041326523 0.448947877 16.822586060 -0.021863271 0.991383910 0.006758933 0.128974766
1695814392.681000 -0.040940285 0.449201912 16.817392349 -0.021432161 0.991208076 0.007364748 0.130357221
1695814392.849000 -0.040226936 0.448032200 16.825599670 -0.023729984 0.991544664 0.006865122 0.127393514
1695814393.015000 -0.037971497 0.448995382 16.817619324 -0.023245132 0.991558790 0.006855590 0.127372980
1695814393.182000 -0.036938667 0.449516386 16.816123962 -0.023967177 0.991636455 0.009729662 0.126444146
1695814393.362000 -0.035812378 0.449821293 16.806314468 -0.025005404 0.991361856 0.008712600 0.128454685
1695814393.527000 -0.034830093 0.449865788 16.804145813 -0.024058908 0.991508782 0.007658025 0.127565041
1695814393.695000 -0.034530640 0.450500339 16.800901413 -0.025259897 0.991649151 0.007126146 0.126266420
1695814393.860000 -0.032738686 0.450416982 16.795232773 -0.026638934 0.991454780 0.008141583 0.127442628
1695814394.029000 -0.030754089 0.450459689 16.788425446 -0.024596967 0.991582036 0.008488256 0.126838431
1695814394.198000 -0.029743195 0.450598300 16.783912659 -0.023051258 0.991564929 0.008505128 0.127261117
1695814394.364000 -0.028680801 0.450784653 16.779968262 -0.024480812 0.991589248 0.007759867 0.126851171
1695814394.529000 -0.027326584 0.450917810 16.775655746 -0.024424875 0.991727889 0.007593509 0.125784174
1695814394.701000 -0.025406837 0.451149493 16.768474579 -0.024700318 0.991640449 0.007802188 0.126405194
1695814394.861000 -0.024229050 0.451417357 16.764398575 -0.024559699 0.991742730 0.007579601 0.125641748
1695814395.047000 -0.023003578 0.451386809 16.759441376 -0.026815021 0.991672516 0.007567452 0.125735149
1695814395.211000 -0.021673203 0.451704204 16.753704071 -0.028176144 0.991565764 0.007544782 0.126279682
1695814395.379000 -0.020578384 0.451931685 16.749275208 -0.029765425 0.991569102 0.004997371 0.126014844
1695814395.542000 -0.019207954 0.452180505 16.744373322 -0.029446863 0.991636455 0.009336944 0.125311315
1695814395.707000 -0.017859459 0.452442497 16.738967896 -0.029801290 0.991569757 0.011954775 0.125532642
1695814395.873000 -0.016624451 0.452537298 16.734277725 -0.030291842 0.991610110 0.007834500 0.125421226
1695814396.037000 -0.015413284 0.452732265 16.729276657 -0.028932145 0.991635382 0.005323068 0.125673652
1695814396.195000 -0.014204979 0.452848941 16.724822998 -0.028919231 0.991736770 0.006788941 0.124802813
1695814396.411000 -0.013005257 0.453055948 16.719833374 -0.025508868 0.991812587 0.005712810 0.124997996
1695814396.571000 -0.011993408 0.453042299 16.715023041 -0.022958405 0.991930544 0.001891352 0.124672242
1695814396.739000 -0.010427475 0.453384697 16.710021973 -0.019894686 0.992018282 0.004917816 0.124417730
1695814396.902000 -0.009296417 0.453668177 16.705480576 -0.023152251 0.991828501 0.011747856 0.124908864
1695814397.067000 -0.007815361 0.453946710 16.700571060 -0.025867956 0.991812468 0.011846895 0.124493286
1695814397.238000 -0.007099152 0.453932375 16.696557999 -0.030092757 0.991654456 0.007648288 0.125129372
1695814397.390000 -0.005661964 0.454161882 16.691614151 -0.030219039 0.991659582 0.004117213 0.125224829
1695814397.544000 -0.004329681 0.454271436 16.687225342 -0.030204160 0.991707921 0.005305510 0.124799550
1695814397.702000 -0.003419876 0.454506218 16.683223724 -0.030519461 0.991711259 0.007467929 0.124585494
1695814397.857000 -0.002306938 0.454699725 16.679401398 -0.031640366 0.991694987 0.011893089 0.124091253
1695814398.014000 -0.001047134 0.454915196 16.674453735 -0.031615116 0.991680384 0.014886889 0.123890713
1695814398.175000 0.000076294 0.455163300 16.670595169 -0.025617281 0.992033362 0.007368330 0.123122960
1695814398.329000 0.001161575 0.455177039 16.666015625 -0.027660685 0.991923034 0.003508978 0.123738527
1695814398.483000 0.002192497 0.455226183 16.662120819 -0.030258128 0.991899371 0.000368591 0.123369105
1695814398.638000 0.002991676 0.455409944 16.658201218 -0.029492132 0.991801143 0.005518771 0.124218732
1695814398.793000 0.003935814 0.455645382 16.654272079 -0.029993853 0.991844773 0.010782303 0.123402119
1695814398.950000 0.005622864 0.455857396 16.648639679 -0.028638696 0.992010593 0.008273240 0.122582048
1695814399.102000 0.006608486 0.456095904 16.644666672 -0.026524272 0.992141843 0.005694350 0.122141838
1695814399.257000 0.007843018 0.456120551 16.640102386 -0.026583498 0.992157161 0.003842531 0.122076683
1695814399.412000 0.008852482 0.456326485 16.636007309 -0.025327643 0.992177665 0.005860579 0.122097008
1695814399.569000 0.009988308 0.456515521 16.631742477 -0.025706002 0.992208838 0.009875042 0.121504433
1695814399.719000 0.010964394 0.456629306 16.627410889 -0.025562756 0.992125928 0.009530269 0.122236997
1695814399.869000 0.012077808 0.456696808 16.623237610 -0.024677999 0.992165685 0.005511360 0.122343622
1695814400.021000 0.013214588 0.456983447 16.618799210 -0.025487350 0.992188931 0.003391579 0.122065932
1695814400.173000 0.014284611 0.457113743 16.614257812 -0.025693208 0.992143035 0.007624602 0.122204602
1695814400.328000 0.015635014 0.457310915 16.610082626 -0.025540730 0.992262065 0.009940191 0.121099003
1695814400.480000 0.016592026 0.457468271 16.605545044 -0.024987454 0.992200255 0.008983636 0.121793292
1695814400.629000 0.017685890 0.457709491 16.600994110 -0.025658384 0.992198348 0.007582024 0.121764533
1695814400.781000 0.018823147 0.457861722 16.596786499 -0.025786614 0.992236733 0.007796475 0.121410668
1695814400.941000 0.019860744 0.458070219 16.591812134 -0.025798507 0.992176652 0.007993138 0.121885434
1695814401.090000 0.020871162 0.458153933 16.587894440 -0.025525255 0.992181718 0.007836425 0.121911682
1695814401.240000 0.021712780 0.458344907 16.583269119 -0.027811965 0.993211567 0.007174263 0.112720236
1695814401.392000 0.022665024 0.458491266 16.579353333 -0.027312076 0.993720710 0.009371089 0.108099058
1695814401.545000 0.023704052 0.458687007 16.574968338 -0.026732864 0.993825138 0.014955842 0.106645964
1695814401.695000 0.024541855 0.458958626 16.570951462 -0.025612405 0.993822813 0.012404868 0.107268125
1695814401.842000 0.025413513 0.459033906 16.566888809 -0.026378393 0.993853509 0.007383569 0.107260615
1695814401.990000 0.026456833 0.459156662 16.562931061 -0.026639726 0.993945479 0.005225440 0.106468171
1695814402.143000 0.027269840 0.459359705 16.558635712 -0.026482921 0.993910432 0.005466209 0.106822193
1695814402.289000 0.028301716 0.459496319 16.554515839 -0.026588505 0.993920922 0.008237858 0.106519476
1695814402.434000 0.029256344 0.459705502 16.550373077 -0.025200903 0.993560612 0.008541225 0.110133365
1695814402.583000 0.030607224 0.459818453 16.546482086 -0.021711109 0.991458297 0.009125640 0.128280535
1695814402.735000 0.031707764 0.459974229 16.542398453 -0.023255749 0.990980268 0.008452117 0.131703779
1695814402.886000 0.032799721 0.460117161 16.538373947 -0.024652952 0.990795791 0.008837483 0.132807523
1695814403.044000 0.033859253 0.460304946 16.534284592 -0.026713293 0.990725100 0.008871227 0.132934272
1695814403.196000 0.034928322 0.460451514 16.530178070 -0.025872102 0.990698814 0.008589585 0.133314505
1695814403.353000 0.036217690 0.460584015 16.525905609 -0.025238544 0.990780115 0.005837107 0.132980153
1695814403.506000 0.037520409 0.460749328 16.521354675 -0.025073882 0.990905643 0.004538483 0.132124051
1695814403.659000 0.038818359 0.460916072 16.517192841 -0.024125595 0.990916729 0.006362806 0.132142112
1695814403.830000 0.039451599 0.460957885 16.513511658 -0.024437731 0.990702093 0.009958860 0.133465976
1695814403.980000 0.040974617 0.461307704 16.509513855 -0.024045389 0.990930557 0.009582566 0.131858334
1695814404.131000 0.041791916 0.461440593 16.505407333 -0.025782976 0.990771294 0.009248098 0.132747740
1695814404.278000 0.042996407 0.461623609 16.502132416 -0.026031535 0.990918517 0.009478031 0.131578863
1695814404.435000 0.044005394 0.461735249 16.498138428 -0.025690963 0.990811586 0.009276437 0.132462561
1695814404.590000 0.045030594 0.461871803 16.494167328 -0.025267746 0.990817130 0.008865761 0.132530987
1695814404.737000 0.045931816 0.462053597 16.490642548 -0.027173791 0.991085112 0.008611829 0.130145192
1695814404.881000 0.046963692 0.462139904 16.486667633 -0.025705148 0.991115510 0.009414976 0.130156472
1695814405.027000 0.047807693 0.462304801 16.483098984 -0.025452824 0.991076052 0.009264175 0.130516693
1695814405.170000 0.048697472 0.462491363 16.479520798 -0.024958439 0.991059303 0.009413018 0.130728900
1695814405.315000 0.049706459 0.462563455 16.475959778 -0.024915388 0.991077423 0.009763888 0.130573392
1695814405.462000 0.050597191 0.462688506 16.472583771 -0.025483668 0.991102755 0.009438592 0.130295485
1695814405.610000 0.051438332 0.462905496 16.469047546 -0.024857892 0.991140664 0.008644360 0.130182549
1695814405.754000 0.052874565 0.463030189 16.465995789 -0.024911068 0.991399288 0.008903640 0.128170520
1695814405.899000 0.053842545 0.463171154 16.462474823 -0.024071749 0.991365314 0.009072032 0.128581360
1695814406.045000 0.054786682 0.463243067 16.459392548 -0.024987411 0.991471469 0.008732799 0.127608225
1695814406.188000 0.055270195 0.463358372 16.455184937 -0.024202269 0.991416752 0.008006752 0.128230438
1695814406.327000 0.055784225 0.463464379 16.451614380 -0.025848739 0.991157353 0.009805386 0.129780456
1695814406.476000 0.056860924 0.463658571 16.448360443 -0.025596812 0.991397500 0.011289551 0.127860636
1695814406.620000 0.057579994 0.463786870 16.449829102 -0.026839023 0.991721988 0.010421059 0.125134230
1695814406.753000 0.059530258 0.463310152 16.456470490 -0.038128797 0.994667351 0.009718380 0.095334761
1695814406.889000 0.059802532 0.463732153 16.457607269 -0.036099657 0.995703161 0.007653700 0.084932297
1695814407.025000 0.063114643 0.463351935 16.459594727 -0.034816667 0.997127712 0.010972513 0.066361532
1695814407.167000 0.060251713 0.464126199 16.465148926 -0.024349414 0.996547818 0.008635650 0.078899078
