1695814284.581000 -0.000376654 0.000171607 0.045846771 0.002082582 -0.000317686 0.000265338 0.999997735
1695814284.717000 -0.000513460 0.000193086 0.058835119 0.001204831 -0.000353238 0.000289848 0.999999166
1695814284.853000 -0.001842723 0.000663167 0.076540440 0.001119750 0.000218639 0.000189129 0.999999344
1695814284.992000 0.000124924 0.001243738 0.092755392 0.001384974 -0.000760144 0.000321588 0.999998689
1695814285.126000 -0.001703891 0.001699933 0.114378080 0.001699028 -0.000265046 0.000423832 0.999998450
1695814285.264000 -0.001485880 0.001910376 0.137216240 0.001569393 -0.000423178 0.000473885 0.999998569
1695814285.401000 -0.001174905 0.002524236 0.163459152 0.001537815 -0.000659452 0.000532158 0.999998510
1695814285.539000 -0.001894206 0.002854305 0.191860065 0.001279030 -0.000596353 0.000605701 0.999998808
1695814285.678000 -0.002043899 0.003302028 0.223013267 0.001254879 -0.000779321 0.000675742 0.999998689
1695814285.817000 -0.001484701 0.004578578 0.259167880 0.001626773 -0.001333699 0.000758584 0.999997556
1695814285.952000 -0.002824741 0.004737583 0.290709287 0.000542307 -0.000784676 0.000625049 0.999999404
1695814286.085000 -0.003654237 0.006206422 0.327454031 -0.000624326 -0.000666120 0.000596619 0.999999404
1695814286.222000 -0.003411118 0.006841192 0.359109908 -0.001156786 -0.000858288 0.000719086 0.999998748
1695814286.356000 -0.004504595 0.006783531 0.396288335 -0.000055227 -0.000585960 0.000465911 0.999999762
1695814286.493000 -0.003521309 0.007426747 0.425290585 0.002280415 -0.001138044 0.000468183 0.999996662
1695814286.625000 -0.002373053 0.007370617 0.464594334 0.002724851 -0.001877507 0.000637898 0.999994397
1695814286.759000 -0.004915938 0.009074219 0.501514614 0.002529755 -0.001242203 -0.000551198 0.999995887
1695814286.893000 -0.003520577 0.009715348 0.547930360 0.001398259 -0.002109502 -0.001306219 0.999995947
1695814287.028000 -0.005182893 0.010282251 0.587247074 0.000671813 -0.001587773 -0.001392415 0.999997556
1695814287.172000 -0.005435830 0.011121439 0.635057986 0.001142042 -0.001689213 -0.001578209 0.999996662
1695814287.312000 -0.006311063 0.012434212 0.692149580 0.001747212 -0.002875547 -0.001278437 0.999993503
1695814287.455000 -0.010121965 0.013017567 0.739176810 0.000753594 -0.010520902 0.000682649 0.999944150
1695814287.592000 -0.012553862 0.014527686 0.798771143 -0.001241269 -0.011821272 0.000426545 0.999929309
1695814287.724000 -0.013485406 0.016322596 0.845607758 -0.001900189 -0.011950981 0.000156596 0.999926805
1695814287.863000 -0.014969141 0.017376384 0.898325980 -0.001503730 -0.011947952 0.000478536 0.999927461
1695814287.988000 -0.015525635 0.017228905 0.944592476 -0.000602757 -0.012324511 -0.000070960 0.999923885
1695814288.121000 -0.017476529 0.017817780 0.994899213 -0.000101552 -0.012212369 0.000294624 0.999925375
1695814288.254000 -0.021226307 0.019245237 1.041834354 -0.000379029 -0.017496964 0.001720320 0.999845386
1695814288.387000 -0.023259688 0.019306041 1.089506745 -0.001064309 -0.018953130 0.000991057 0.999819338
1695814288.520000 -0.025522755 0.020717870 1.137672663 -0.000789806 -0.019462418 0.000880601 0.999809921
1695814288.653000 -0.026528899 0.022497060 1.188080788 -0.000435628 -0.020061526 0.000722020 0.999798417
1695814288.784000 -0.030623149 0.021897933 1.233642340 -0.000803777 -0.019493986 0.000752244 0.999809384
1695814288.920000 -0.029148085 0.024168484 1.280169845 -0.000315027 -0.020254845 0.001336626 0.999793887
1695814289.050000 -0.030972321 0.024859589 1.330252767 0.000353590 -0.020022305 0.000684091 0.999799311
1695814289.180000 -0.038169920 0.025000401 1.377871275 -0.000198121 -0.019466946 0.000748232 0.999810219
1695814289.309000 -0.040989455 0.025581153 1.424112082 -0.001098150 -0.019252105 0.000972391 0.999813616
1695814289.438000 -0.044946428 0.027311418 1.469064116 -0.000692758 -0.018734116 0.001020308 0.999823749
1695814289.571000 -0.044713501 0.027494470 1.516649246 -0.000009054 -0.019471953 0.001042242 0.999809861
1695814289.702000 -0.046582177 0.028910143 1.565174341 0.000894897 -0.019694123 0.001117392 0.999805033
1695814289.835000 -0.049489364 0.029602004 1.610202670 0.001865944 -0.019368013 0.000728352 0.999810457
1695814289.969000 -0.048974097 0.031350274 1.660292149 0.001090895 -0.019921284 -0.000128103 0.999800980
1695814290.095000 -0.051403273 0.031627528 1.707003355 -0.001470116 -0.019668343 -0.000772066 0.999805212
1695814290.225000 -0.050653189 0.032795921 1.754677176 0.000122156 -0.020136792 0.000464332 0.999797165
1695814290.369000 -0.057172749 0.030039199 1.803838134 0.003130040 -0.019250769 0.002014829 0.999807775
1695814290.494000 -0.058540765 0.033374045 1.858557940 0.005827595 -0.019505389 0.001328701 0.999791920
1695814290.621000 -0.062326603 0.034332313 1.910919547 0.000681392 -0.019000415 0.002870084 0.999815106
1695814290.749000 -0.063248113 0.035965208 1.962990046 -0.003449518 -0.019319903 0.005489149 0.999792337
1695814290.879000 -0.066322595 0.036821153 2.014665842 0.000233635 -0.019410614 0.004805214 0.999800026
1695814291.007000 -0.065582804 0.033875324 2.065311909 0.007165792 -0.020120915 0.003749343 0.999764860
1695814291.135000 -0.068074487 0.033202704 2.116196156 0.007827212 -0.020351972 0.003375123 0.999756575
1695814291.260000 -0.067759767 0.034923803 2.169596195 0.002528734 -0.021122826 0.003137333 0.999768794
1695814291.386000 -0.073340788 0.037690897 2.221417189 -0.003582503 -0.020018397 0.003169355 0.999788165
1695814291.512000 -0.077872977 0.039981574 2.273041010 -0.004182014 -0.019383157 0.002637612 0.999799967
1695814291.645000 -0.078102514 0.040910192 2.325232744 -0.002886015 -0.020404054 0.004476465 0.999777615
1695814291.773000 -0.080525741 0.042072494 2.377059937 -0.003175935 -0.020125296 0.006733992 0.999769747
1695814291.902000 -0.082509004 0.043822616 2.430157423 -0.002632101 -0.020630753 0.006195121 0.999764502
1695814292.031000 -0.085090995 0.042659827 2.481834888 0.000661702 -0.020623304 0.008213921 0.999753356
1695814292.166000 -0.088771857 0.042048275 2.538102150 0.006008302 -0.020726467 0.007186490 0.999741316
1695814292.300000 -0.090705328 0.043989167 2.593540430 0.005790772 -0.021301473 0.004928385 0.999744177
1695814292.425000 -0.093600601 0.045073662 2.648061037 0.000658008 -0.021245062 0.003983333 0.999766231
1695814292.555000 -0.095684960 0.046472903 2.698421240 -0.002045067 -0.021542240 0.003374459 0.999760151
1695814292.680000 -0.099416219 0.047220230 2.750735998 -0.002271807 -0.021028705 0.003112725 0.999771476
1695814292.808000 -0.101376407 0.048143864 2.802327394 0.000009779 -0.021464832 0.002543955 0.999766409
1695814292.931000 -0.103892647 0.047787782 2.851984262 0.000885244 -0.021893086 0.001537128 0.999758780
1695814293.055000 -0.106180698 0.048060164 2.902347088 -0.000633242 -0.022476701 0.001297086 0.999746323
1695814293.180000 -0.107920460 0.050743848 2.949344158 -0.003108607 -0.023194138 0.000433154 0.999726057
1695814293.304000 -0.110699095 0.052437957 2.999651194 -0.003811136 -0.022667017 -0.000732694 0.999735534
1695814293.428000 -0.114421733 0.053379606 3.048025370 -0.001737069 -0.022554750 0.000611811 0.999743938
1695814293.554000 -0.117021509 0.053151425 3.101990461 0.000442101 -0.022173757 0.003965963 0.999746203
1695814293.680000 -0.121384583 0.053413421 3.154335022 0.002480999 -0.022168681 0.006454836 0.999730349
1695814293.808000 -0.124720052 0.054149546 3.210031033 0.002705287 -0.022007145 0.007264763 0.999727786
1695814293.933000 -0.128593817 0.055310901 3.266499758 0.003307739 -0.022324882 0.007076845 0.999720275
1695814294.060000 -0.134471521 0.056271829 3.322126627 0.002812582 -0.021598781 0.008167737 0.999729455
1695814294.206000 -0.138000429 0.057972163 3.389547110 -0.001087970 -0.021741545 0.007654029 0.999733746
1695814294.329000 -0.141216382 0.059677683 3.444417953 -0.003049987 -0.021953704 0.007393850 0.999727070
1695814294.454000 -0.145270973 0.060745869 3.497818470 -0.001284255 -0.021932274 0.006969018 0.999734402
1695814294.603000 -0.148451611 0.060912166 3.563570023 0.000420193 -0.022365766 0.005403474 0.999735177
1695814294.727000 -0.151682094 0.062443070 3.617785454 0.000178692 -0.022443430 0.005945851 0.999730468
1695814294.852000 -0.156434894 0.063146316 3.671541929 -0.000138180 -0.021627452 0.005210078 0.999752522
1695814294.979000 -0.158691660 0.064647719 3.726305962 -0.000125304 -0.022138070 0.004909694 0.999742925
1695814295.103000 -0.162474245 0.065004550 3.786475182 -0.000827330 -0.022199312 0.006455265 0.999732435
1695814295.252000 -0.164355144 0.066210561 3.845687866 -0.002115297 -0.022497987 0.003832241 0.999737322
1695814295.581000 -0.168580696 0.066837288 3.902205706 -0.004185393 -0.022272641 0.002881961 0.999739051
1695814295.723000 -0.164767012 0.068181247 4.034818649 0.000831209 -0.025330605 0.004029174 0.999670684
1695814295.876000 -0.204928383 0.070063911 4.163429260 0.001506638 -0.021540357 0.000985109 0.999766409
1695814295.996000 -0.184679046 0.071136639 4.161383629 -0.000492183 -0.022880537 -0.000115426 0.999738097
1695814296.112000 -0.183024302 0.069835737 4.210618496 -0.001955179 -0.024137616 0.000450265 0.999706686
1695814296.234000 -0.190940261 0.070236064 4.256407738 -0.001810439 -0.022788523 0.000865991 0.999738336
1695814296.353000 -0.192679405 0.073886514 4.306065083 -0.000690185 -0.023355961 0.000879185 0.999726593
1695814296.473000 -0.192260116 0.074274339 4.359960556 -0.000511465 -0.023834147 0.000156253 0.999715805
1695814296.592000 -0.191858545 0.072274238 4.407173634 -0.001691868 -0.024780147 0.000274885 0.999691486
1695814296.710000 -0.199564442 0.075984128 4.459434032 -0.000936063 -0.023320725 0.000373106 0.999727547
1695814296.832000 -0.206818089 0.077310450 4.509860992 -0.000645767 -0.022304256 0.000419153 0.999750972
1695814296.950000 -0.208329618 0.077290311 4.560131073 -0.000885776 -0.023145400 0.000023942 0.999731779
1695814297.099000 -0.208681330 0.078456067 4.617287159 -0.000484345 -0.023518985 0.000353450 0.999723256
1695814297.225000 -0.209344253 0.078621373 4.668821812 -0.001015819 -0.025175205 0.000488593 0.999682486
1695814297.344000 -0.220904082 0.079206482 4.722692966 -0.000896411 -0.022590239 0.000565329 0.999744236
1695814297.463000 -0.217671722 0.080501057 4.766676426 -0.000899859 -0.023530522 0.001210972 0.999722004
1695814297.607000 -0.218193874 0.082313880 4.827023029 -0.000255871 -0.025008347 0.001360085 0.999686301
1695814297.728000 -0.222190186 0.082917981 4.874774456 -0.000796791 -0.024188302 0.001632084 0.999705791
1695814297.869000 -0.225208759 0.083119646 4.932445049 0.003228864 -0.024819406 0.002118831 0.999684513
1695814297.992000 -0.230518714 0.083323158 4.979522705 0.004163152 -0.024181858 0.002248544 0.999696434
1695814298.134000 -0.230589777 0.084257133 5.037662029 0.002999719 -0.024848619 0.002034859 0.999684691
1695814298.266000 -0.233873710 0.085651919 5.088926792 0.001215478 -0.025011586 0.002212766 0.999684036
1695814298.382000 -0.235719174 0.086332589 5.138457298 -0.000700479 -0.024917576 0.001484688 0.999688148
1695814298.500000 -0.239300489 0.086806566 5.184361935 -0.001151611 -0.024709031 0.000963353 0.999693632
1695814298.646000 -0.242332011 0.087897576 5.242388725 -0.000753448 -0.024656359 0.000104861 0.999695718
1695814298.786000 -0.245017588 0.089174822 5.298951149 -0.000284977 -0.024875665 -0.000579197 0.999690354
1695814298.933000 -0.250823319 0.090436630 5.355507374 -0.000057778 -0.024014914 -0.000923640 0.999711215
1695814299.076000 -0.252181232 0.091118805 5.413904190 -0.000280146 -0.024549751 -0.000731144 0.999698341
1695814299.192000 -0.255202115 0.092184052 5.459717274 -0.000292929 -0.024512215 -0.000644400 0.999699295
1695814299.309000 -0.259720862 0.093237281 5.505492210 -0.000389365 -0.023918189 -0.000312941 0.999713838
1695814299.428000 -0.259551674 0.093701199 5.552873135 -0.000755599 -0.024814073 -0.000346520 0.999691725
1695814299.546000 -0.263248175 0.093507230 5.597362995 -0.001194722 -0.024812635 -0.000749827 0.999691129
1695814299.658000 -0.265849113 0.094964169 5.643372059 -0.000714429 -0.024748689 -0.000677878 0.999693215
1695814299.774000 -0.268011987 0.096223630 5.688871384 -0.000185498 -0.024960488 -0.000743088 0.999688148
1695814299.916000 -0.273707151 0.097213700 5.743282795 -0.000178832 -0.024329394 -0.001001198 0.999703526
1695814300.032000 -0.273733139 0.097624145 5.789898396 -0.000022257 -0.025188986 -0.000482672 0.999682605
1695814300.147000 -0.275485843 0.098279551 5.835861206 0.000217227 -0.025874272 0.000173317 0.999665201
1695814300.293000 -0.279357314 0.099141009 5.890255928 -0.000146361 -0.025709236 0.000570954 0.999669313
1695814300.429000 -0.283082038 0.100427851 5.945552826 -0.000324392 -0.026142074 0.001216100 0.999657512
1695814300.565000 -0.286382258 0.100802124 5.999413013 -0.001084871 -0.025649352 0.001304292 0.999669552
1695814300.701000 -0.291250110 0.101734534 6.052422047 -0.000461549 -0.025206501 0.001645257 0.999680877
1695814300.814000 -0.292365640 0.102413386 6.097688198 0.000827044 -0.025601497 0.001740891 0.999670386
1695814300.955000 -0.297815084 0.102158971 6.151351929 0.001085005 -0.025012393 0.001732847 0.999685049
1695814301.098000 -0.300576836 0.103265211 6.208664417 0.000601518 -0.025332293 0.001574946 0.999677658
1695814301.235000 -0.305300623 0.105134085 6.265770912 0.000029486 -0.025298249 0.000252711 0.999679923
1695814301.376000 -0.307739854 0.104663238 6.319481850 -0.001220827 -0.025676910 0.000232862 0.999669552
1695814301.512000 -0.310162842 0.107009768 6.373220921 -0.000408863 -0.025712365 -0.000958897 0.999668837
1695814301.649000 -0.314951092 0.108069569 6.426774025 -0.000037670 -0.025418103 -0.000553591 0.999676764
1695814301.786000 -0.318012029 0.108651049 6.482622623 0.000431285 -0.025696473 -0.000226398 0.999669671
1695814301.922000 -0.319618344 0.109445766 6.537249088 -0.000126354 -0.025733201 -0.000021033 0.999668837
1695814302.062000 -0.324292898 0.110540979 6.590657234 -0.000775488 -0.025270043 0.000078757 0.999680400
1695814302.208000 -0.326404124 0.110442415 6.649180889 0.000529278 -0.025846407 0.000147970 0.999665797
1695814302.362000 -0.329429001 0.112310968 6.712800026 0.002467535 -0.026136963 0.000364034 0.999655306
1695814302.489000 -0.333876431 0.113406762 6.774632931 0.002518065 -0.026011614 0.000398240 0.999658406
1695814302.623000 -0.338050872 0.114605591 6.836981297 0.000296369 -0.025629526 0.000584337 0.999671340
1695814302.758000 -0.341945708 0.115803100 6.898688316 -0.001449874 -0.025729019 0.001036982 0.999667406
1695814302.895000 -0.344655395 0.117002629 6.959802151 -0.001276156 -0.026000896 0.001686489 0.999659717
1695814303.028000 -0.350076616 0.117922150 7.023344517 0.001028085 -0.025615387 0.002412203 0.999668479
1695814303.165000 -0.352887094 0.118117556 7.087754726 0.003308189 -0.025762040 0.003098816 0.999657810
1695814303.302000 -0.357825994 0.119023591 7.153297901 0.004333901 -0.025755614 0.003543564 0.999652624
1695814303.435000 -0.361369908 0.120593369 7.221203804 0.001866205 -0.025720842 0.003385466 0.999661684
1695814303.567000 -0.363875806 0.122493386 7.288014889 -0.000805981 -0.026244083 0.002336932 0.999652565
1695814303.681000 -0.370540202 0.123306870 7.341234207 -0.001789384 -0.025359450 0.001278843 0.999675989
1695814303.818000 -0.373107880 0.124275804 7.408380508 -0.001337852 -0.025879052 0.000579132 0.999664009
1695814303.951000 -0.374203920 0.125335589 7.471617222 -0.000183454 -0.026294013 -0.000241891 0.999654233
1695814304.090000 -0.382954508 0.125903487 7.536221981 0.001472070 -0.025377253 0.000053447 0.999676883
1695814304.231000 -0.382641703 0.127876669 7.606511593 0.002896115 -0.026230294 0.000689976 0.999651492
1695814304.368000 -0.388955861 0.129693046 7.679160118 0.003005938 -0.025919134 0.001138417 0.999658883
1695814304.505000 -0.392303258 0.130265772 7.755058289 0.001157798 -0.026078928 0.001184522 0.999658525
1695814304.640000 -0.400854468 0.133795425 7.828440189 -0.000469567 -0.025231933 0.001005308 0.999681056
1695814304.773000 -0.406505555 0.134882241 7.895609379 -0.001181460 -0.025043143 0.001238267 0.999684930
1695814304.904000 -0.406353146 0.135786638 7.967407227 -0.000084472 -0.025832728 0.001414931 0.999665260
1695814305.038000 -0.411113083 0.130562842 8.036562920 0.000017932 -0.025624590 0.001999602 0.999669671
1695814305.168000 -0.413496733 0.136280298 8.110609055 0.002669348 -0.026038906 0.003189594 0.999652326
1695814305.303000 -0.419470906 0.135345131 8.184729576 0.004053807 -0.025848696 0.002985825 0.999653220
1695814305.436000 -0.422303438 0.141033351 8.260794640 0.004300222 -0.026347615 0.003396563 0.999637902
1695814305.568000 -0.426003695 0.138729170 8.336870193 0.000184342 -0.026272941 0.003202461 0.999649644
1695814305.699000 -0.431535572 0.140743777 8.411080360 -0.004161564 -0.026417412 0.003845650 0.999634981
1695814305.831000 -0.434582621 0.144911915 8.484943390 -0.003921535 -0.026708130 0.004501344 0.999625444
1695814305.969000 -0.438977391 0.144064233 8.556436539 -0.001711896 -0.026610356 0.010394000 0.999590397
1695814306.116000 -0.444011688 0.142955229 8.634246826 0.003033927 -0.026887381 0.008020868 0.999601722
1695814306.256000 -0.451082051 0.144998401 8.720006943 0.003979815 -0.026484011 0.001698455 0.999639869
1695814306.359000 -0.451645553 0.145739943 8.753852844 0.002398145 -0.026981594 0.000688615 0.999632835
1695814306.487000 -0.459751099 0.148004502 8.839920998 -0.001034029 -0.025948241 0.000462897 0.999662697
1695814306.616000 -0.462285340 0.147217155 8.912258148 0.000625221 -0.026190966 0.001928753 0.999654889
1695814306.747000 -0.465546727 0.147697568 8.987313271 0.008826353 -0.026610037 0.003614244 0.999600410
1695814306.879000 -0.470673651 0.146593988 9.064345360 0.013125352 -0.026552306 0.004649642 0.999550462
1695814307.005000 -0.473668486 0.146950305 9.144246101 0.008668164 -0.027103843 0.002910867 0.999590874
1695814307.136000 -0.480819255 0.150932744 9.221624374 -0.002990510 -0.026754120 0.002913910 0.999633372
1695814307.262000 -0.485751301 0.155185431 9.304885864 -0.010420023 -0.026984286 0.001759285 0.999580085
1695814307.386000 -0.491700768 0.157946020 9.384360313 -0.009631244 -0.026633745 0.001502397 0.999597728
1695814307.516000 -0.495989650 0.158783883 9.465769768 -0.005830838 -0.026872586 0.003102184 0.999617100
1695814307.644000 -0.497914165 0.159914330 9.548678398 0.000303101 -0.027990814 0.005406912 0.999593496
1695814307.770000 -0.503936946 0.159841597 9.629840851 0.005316138 -0.027429948 0.005894155 0.999592245
1695814307.900000 -0.510370970 0.158558100 9.710237503 0.011231313 -0.026975730 0.006499125 0.999551892
1695814308.026000 -0.514647841 0.159707084 9.790754318 0.006275456 -0.027535900 0.008331580 0.999566436
1695814308.149000 -0.520998359 0.164827272 9.870406151 -0.002279638 -0.027340565 0.008365866 0.999588609
1695814308.273000 -0.526354611 0.165902957 9.945179939 -0.007014766 -0.027188513 0.007126162 0.999580324
1695814308.400000 -0.532425940 0.166389242 10.028143883 -0.005177781 -0.027249407 0.005256627 0.999601424
1695814308.527000 -0.536453605 0.166564941 10.105933189 0.001075218 -0.027339933 0.006152011 0.999606729
1695814308.655000 -0.538297951 0.167708039 10.184025764 0.004531389 -0.027924094 0.005620387 0.999584019
1695814308.778000 -0.542224169 0.169049606 10.261047363 0.002666751 -0.026970511 0.002608169 0.999629319
1695814308.904000 -0.553021133 0.169409171 10.344759941 0.000191834 -0.026054177 0.003506933 0.999654353
1695814309.032000 -0.558281898 0.170912772 10.427986145 0.000442033 -0.026040399 0.005485101 0.999645770
1695814309.152000 -0.569788039 0.171201199 10.502090454 -0.000056332 -0.024480317 0.007070797 0.999675333
1695814309.275000 -0.567954540 0.175056383 10.590644836 0.000268724 -0.026115200 0.006393489 0.999638498
1695814309.397000 -0.574108958 0.175529391 10.677175522 -0.000372588 -0.026076827 0.006548046 0.999638438
1695814309.518000 -0.578174770 0.176244110 10.755194664 -0.000886980 -0.026000837 0.006954173 0.999637425
1695814309.642000 -0.580663741 0.177463353 10.836352348 -0.000479009 -0.027143279 0.007014645 0.999606848
1695814309.767000 -0.580364347 0.176795617 10.920461655 0.000644278 -0.029460317 0.007434534 0.999538124
1695814309.887000 -0.591462851 0.181234837 11.002606392 0.003782949 -0.027364897 0.006441776 0.999597609
1695814310.006000 -0.593623579 0.182081819 11.085465431 0.002723144 -0.028315619 0.005300880 0.999581337
1695814310.125000 -0.600925028 0.184801713 11.166380882 -0.001500902 -0.028195141 0.004154696 0.999592721
1695814310.247000 -0.605545700 0.188449442 11.247885704 -0.005140800 -0.028204542 0.004107211 0.999580562
1695814310.373000 -0.606719911 0.189203635 11.327617645 -0.003084405 -0.029841950 0.007362237 0.999522805
1695814310.491000 -0.617730737 0.188306898 11.415114403 0.000336224 -0.028022248 0.008379288 0.999572158
1695814310.615000 -0.624540925 0.188558921 11.499171257 0.001531188 -0.027650014 0.007417947 0.999589026
1695814310.738000 -0.630986571 0.190346181 11.583559990 0.000983675 -0.027233033 0.007174195 0.999602854
1695814310.855000 -0.633680701 0.192023918 11.667276382 -0.000292015 -0.028566960 0.007139318 0.999566376
1695814310.973000 -0.641485929 0.192645609 11.750925064 -0.000642730 -0.027111851 0.007681821 0.999602675
1695814311.093000 -0.644637883 0.193363234 11.836816788 0.000832296 -0.028129499 0.008487794 0.999567926
1695814311.211000 -0.650140166 0.194945380 11.921925545 0.000949809 -0.027994726 0.008688942 0.999569893
1695814311.330000 -0.657169938 0.196364790 12.005277634 -0.000234728 -0.027386220 0.009154119 0.999583066
1695814311.447000 -0.660722494 0.198109567 12.090238571 -0.000854375 -0.028194394 0.008206969 0.999568403
1695814311.571000 -0.665397584 0.199575290 12.171706200 -0.001222599 -0.028527761 0.007013314 0.999567688
1695814311.691000 -0.671824455 0.200210676 12.258306503 -0.000289510 -0.028398449 0.005597312 0.999580979
1695814311.807000 -0.678324223 0.199979484 12.345705986 0.003701914 -0.028322017 0.005884311 0.999574661
1695814311.926000 -0.684073985 0.202114582 12.433922768 0.005097004 -0.027744878 0.006742743 0.999579310
1695814312.044000 -0.690875411 0.204874814 12.522252083 0.003771116 -0.027796542 0.008601570 0.999569535
1695814312.169000 -0.694096982 0.205717102 12.612913132 0.001609381 -0.028269729 0.009214082 0.999556601
1695814312.285000 -0.702922344 0.206800073 12.706952095 0.000020570 -0.028091915 0.009160375 0.999563396
1695814312.406000 -0.707151294 0.208313718 12.792415619 -0.001064261 -0.028199084 0.008956741 0.999561667
1695814312.523000 -0.696552217 0.208494365 12.893002510 -0.001176722 -0.032762878 0.009280873 0.999419391
1695814312.640000 -0.722555578 0.211366028 12.969941139 -0.000644068 -0.027515952 0.009353885 0.999577403
1695814312.761000 -0.731190085 0.213400885 13.060267448 -0.000216047 -0.026738992 0.009474713 0.999597609
1695814312.876000 -0.734528482 0.214389428 13.152278900 -0.000210575 -0.027309794 0.009527144 0.999581575
1695814312.995000 -0.741548479 0.214999661 13.238293648 -0.001013934 -0.027475165 0.008812369 0.999583185
1695814313.108000 -0.742829859 0.215975240 13.327223778 -0.001993544 -0.028710134 0.007071143 0.999560773
1695814313.224000 -0.749162495 0.217129648 13.412928581 -0.001931855 -0.028685024 0.006607115 0.999564826
1695814313.338000 -0.755055070 0.218133494 13.498960495 -0.001129647 -0.028839048 0.008073486 0.999550879
1695814313.452000 -0.759333968 0.219956309 13.578558922 -0.000256962 -0.028412646 0.008339458 0.999561489
1695814313.564000 -0.766858757 0.221701115 13.664218903 0.000030398 -0.028165599 0.009539784 0.999557793
1695814313.677000 -0.773498297 0.222363994 13.743604660 -0.000644879 -0.027108273 0.010108559 0.999581218
1695814313.794000 -0.780060828 0.222528502 13.827656746 -0.001326156 -0.026946494 0.009548557 0.999590456
1695814313.906000 -0.781468332 0.226378977 13.910045624 -0.000373921 -0.028145943 0.010353793 0.999550164
1695814314.019000 -0.787332714 0.228046328 13.990975380 -0.000264779 -0.028177569 0.010329018 0.999549568
1695814314.137000 -0.792961538 0.227841303 14.069881439 -0.000797142 -0.027907645 0.010478562 0.999555290
1695814314.247000 -0.798965275 0.229475364 14.153691292 0.000233724 -0.028491126 0.011411444 0.999528885
1695814314.361000 -0.802912891 0.231322899 14.233817101 0.002137644 -0.028177485 0.010339138 0.999547184
1695814314.473000 -0.809060037 0.231733054 14.316601753 0.001358803 -0.028347783 0.009052870 0.999556243
1695814314.581000 -0.814829111 0.233676597 14.395570755 0.001008186 -0.027571559 0.005034894 0.999606669
1695814314.693000 -0.819132447 0.234527767 14.475677490 0.002055430 -0.027530601 0.002738043 0.999615133
1695814314.807000 -0.822961330 0.236192584 14.555791855 -0.003591855 -0.027889406 0.004668045 0.999593675
1695814314.917000 -0.828303456 0.238048017 14.636631966 -0.005399923 -0.027457351 0.008031250 0.999576151
1695814315.026000 -0.834419429 0.240117624 14.715133667 -0.003443450 -0.027002266 0.010480774 0.999574542
1695814315.139000 -0.835726678 0.239468813 14.792006493 -0.000645218 -0.027605444 0.011010836 0.999558091
1695814315.249000 -0.839901865 0.240000561 14.873745918 0.001594540 -0.027369004 0.010351961 0.999570608
1695814315.359000 -0.845686197 0.241081759 14.946966171 0.001069286 -0.027784871 0.010713544 0.999555945
1695814315.465000 -0.850180507 0.242369086 15.021636963 -0.000148894 -0.027824109 0.010274208 0.999560058
1695814315.575000 -0.856732607 0.243797645 15.098111153 -0.001245279 -0.027498199 0.010496234 0.999566019
1695814315.683000 -0.857189059 0.243551672 15.169485092 -0.002087919 -0.028547814 0.010822408 0.999531686
1695814315.793000 -0.865744472 0.247311339 15.252449989 -0.000782879 -0.027440736 0.010775585 0.999565065
1695814315.901000 -0.867137253 0.249474809 15.326674461 -0.000494897 -0.028558204 0.009665531 0.999545336
1695814316.012000 -0.870602608 0.250202566 15.400306702 -0.000743290 -0.029018391 0.008808671 0.999539793
1695814316.117000 -0.878478110 0.251566380 15.475530624 -0.002806473 -0.028314311 0.008308495 0.999560654
1695814316.228000 -0.882473171 0.254202187 15.549034119 -0.002207668 -0.028553419 0.006860548 0.999566317
1695814316.334000 -0.888074517 0.257341355 15.623851776 0.001644807 -0.028277589 0.009516850 0.999553502
1695814316.441000 -0.892556012 0.256528735 15.695869446 0.001977007 -0.028412733 0.008281702 0.999560058
1695814316.553000 -0.895517945 0.256483406 15.768157005 0.000430025 -0.029072858 0.009111159 0.999535739
1695814316.661000 -0.903266132 0.259449899 15.841205597 0.000922530 -0.028262025 0.008132875 0.999567091
1695814316.766000 -0.907008410 0.258401841 15.915111542 0.000094868 -0.028417902 0.003172297 0.999591112
1695814316.873000 -0.910663486 0.259070158 15.986183167 0.000450553 -0.028289130 0.002476669 0.999596655
1695814316.980000 -0.916035354 0.260738760 16.057376862 0.000553925 -0.027769754 -0.000557412 0.999614060
1695814317.089000 -0.918980360 0.260184407 16.127950668 0.001050808 -0.028012339 -0.000100195 0.999607027
1695814317.197000 -0.924962163 0.263306051 16.196868896 -0.002165490 -0.027356515 -0.000799773 0.999623120
1695814317.300000 -0.927848935 0.264941782 16.269056320 -0.005553169 -0.027410770 -0.000355948 0.999608815
1695814317.408000 -0.932561874 0.266036242 16.334951401 -0.002524351 -0.027351987 0.002734295 0.999618948
1695814317.509000 -0.936645329 0.266110331 16.402416229 0.002990978 -0.027148765 0.004945589 0.999614716
1695814317.610000 -0.939857244 0.266062975 16.468744278 0.005074731 -0.027333176 0.005846479 0.999596417
1695814317.716000 -0.943016648 0.266303390 16.535915375 0.001949089 -0.027407536 0.006762632 0.999599576
1695814317.820000 -0.949511468 0.268482596 16.602199554 0.001790239 -0.026551239 0.005571462 0.999630332
1695814317.925000 -0.953862906 0.269203812 16.669685364 0.003076179 -0.026600523 0.005641839 0.999625564
1695814318.031000 -0.956285477 0.269650459 16.736957550 0.001605937 -0.027415801 0.004873023 0.999610960
1695814318.134000 -0.960572064 0.271193475 16.805356979 -0.000431092 -0.027271450 0.005431280 0.999613225
1695814318.237000 -0.964989603 0.272105664 16.871494293 -0.000485716 -0.027275831 0.005076020 0.999614954
1695814318.343000 -0.968934417 0.272407025 16.934694290 -0.000397197 -0.027222017 0.004704677 0.999618351
1695814318.443000 -0.973125160 0.274531037 16.999395370 -0.000162732 -0.027122000 0.003142681 0.999627233
1695814318.548000 -0.976039171 0.275291115 17.067483902 0.000821493 -0.027317747 0.002126714 0.999624252
1695814318.649000 -0.972805798 0.276001573 17.130668640 0.002287405 -0.030315867 0.001361772 0.999536812
1695814318.751000 -0.982620120 0.276577294 17.198087692 0.003747143 -0.027673004 0.005899852 0.999592602
1695814318.854000 -0.986998856 0.277441680 17.260471344 0.002522955 -0.027498323 0.007736616 0.999588788
1695814318.956000 -0.991122782 0.278480351 17.324310303 0.000054884 -0.027461305 0.007641203 0.999593675
1695814319.059000 -0.994012296 0.280385375 17.387569427 -0.002284625 -0.027919265 0.008722450 0.999569535
1695814319.161000 -1.000584602 0.280524850 17.451822281 -0.003019248 -0.026924146 0.008364351 0.999597907
1695814319.261000 -1.004956961 0.280425608 17.515249252 -0.001293737 -0.026731964 0.009470678 0.999596953
1695814319.367000 -1.006780505 0.282118022 17.579393387 0.002221104 -0.027575457 0.010014400 0.999567151
1695814319.465000 -1.012695670 0.281263739 17.643037796 0.003077961 -0.027031491 0.010253308 0.999577284
1695814319.580000 -1.017263770 0.282977164 17.715536118 0.002180875 -0.026964232 0.010458158 0.999579310
1695814319.680000 -1.019834161 0.284511000 17.778032303 0.000622860 -0.027198521 0.010120497 0.999578655
1695814319.779000 -1.026050448 0.286265165 17.841028214 -0.000239372 -0.026579762 0.010233733 0.999594271
1695814319.880000 -1.028237224 0.286876917 17.901956558 -0.000456300 -0.027161105 0.010325003 0.999577641
1695814319.980000 -1.033793807 0.287829578 17.964015961 -0.000084743 -0.026461249 0.010372773 0.999596059
1695814320.082000 -1.038314223 0.288341671 18.026306152 0.000640632 -0.026003877 0.010909240 0.999602079
1695814320.195000 -1.041087747 0.290108442 18.098920822 0.001672448 -0.026812049 0.011011262 0.999578476
1695814320.296000 -1.041207194 0.290421039 18.160831451 0.002749007 -0.028291440 0.010396831 0.999541879
1695814320.396000 -1.047242761 0.291427523 18.225229263 0.003915806 -0.027512040 0.010145259 0.999562323
1695814320.494000 -1.053120017 0.292983383 18.289020538 0.004255826 -0.026847031 0.009411199 0.999586225
1695814320.596000 -1.055761576 0.293180257 18.354707718 0.002545047 -0.027218733 0.008715414 0.999588251
1695814320.693000 -1.055142760 0.293423295 18.420793533 0.002527368 -0.029342376 0.008960210 0.999526083
1695814320.792000 -1.065231562 0.294473857 18.488088608 0.003513287 -0.026833076 0.009147441 0.999591887
1695814320.890000 -1.069801331 0.295452803 18.556911469 0.004427056 -0.026944220 0.009677080 0.999580324
1695814321.007000 -1.075852752 0.296367139 18.636552811 0.004655221 -0.026437005 0.010941068 0.999579787
1695814321.106000 -1.076287031 0.298100919 18.709495544 0.004464583 -0.027553378 0.010500494 0.999555290
1695814321.204000 -1.082608819 0.297197938 18.782022476 0.003275219 -0.027101768 0.012025172 0.999554992
1695814321.305000 -1.088954806 0.299147099 18.854080200 0.003507072 -0.026849892 0.012032937 0.999560952
1695814321.417000 -1.094382763 0.299334735 18.939523697 0.003226086 -0.026541702 0.011817794 0.999572635
1695814321.513000 -1.098854661 0.300638080 19.014350891 0.003537074 -0.026871076 0.011253055 0.999569356
1695814321.613000 -1.102256060 0.300765038 19.089063644 0.003398179 -0.027047271 0.012538173 0.999549806
1695814321.723000 -1.109709978 0.302190006 19.178773880 0.003520519 -0.026307385 0.012172178 0.999573588
1695814321.822000 -1.115183949 0.301841348 19.254175186 0.002905362 -0.026204716 0.012414624 0.999575317
1695814321.936000 -1.122611523 0.303561509 19.347061157 0.002530795 -0.025448870 0.010464025 0.999618173
1695814322.050000 -1.121770620 0.305996090 19.438705444 0.001838928 -0.027579067 0.009900114 0.999568939
1695814322.170000 -1.132406235 0.307340771 19.534292221 0.002088058 -0.025923414 0.009671386 0.999615014
1695814322.270000 -1.133379936 0.308844775 19.622062683 0.003012540 -0.027820766 0.010904460 0.999548972
1695814322.381000 -1.133380175 0.309719771 19.717872620 0.003973999 -0.029319385 0.011119723 0.999500394
1695814322.480000 -1.140369892 0.310503185 19.801633835 0.004367918 -0.029122533 0.012189131 0.999491990
1695814322.594000 -1.151314497 0.312681496 19.902889252 0.004306063 -0.027672291 0.012426840 0.999530554
1695814322.716000 -1.154353738 0.313968390 20.000942230 0.004241047 -0.030111754 0.012650370 0.999457479
1695814322.833000 -1.162993789 0.313914150 20.107677460 0.003279266 -0.028789412 0.012391345 0.999503374
1695814322.943000 -1.169341087 0.317285419 20.218557358 0.004136300 -0.028784603 0.011661404 0.999509096
1695814323.062000 -1.177364469 0.318083882 20.305921555 0.001930576 -0.028181529 0.011650258 0.999533057
1695814323.172000 -1.188714266 0.317807615 20.408687592 -0.000959213 -0.026589317 0.011333504 0.999581814
1695814323.279000 -1.192165017 0.321027607 20.501642227 -0.000482527 -0.027634904 0.010376913 0.999564111
1695814323.390000 -1.198511839 0.324234933 20.591079712 0.002577457 -0.028007718 0.010058665 0.999553800
1695814323.503000 -1.206180811 0.324092835 20.687557220 0.004226618 -0.027413806 0.011544573 0.999548614
1695814323.604000 -1.213073134 0.323916882 20.776834488 0.004540863 -0.027008185 0.012193368 0.999550581
1695814323.714000 -1.219729424 0.324748218 20.870681763 0.003071558 -0.026662013 0.012972468 0.999555647
1695814323.821000 -1.226464152 0.325585842 20.965999603 0.000654923 -0.026172135 0.012730638 0.999576211
1695814323.932000 -1.231297374 0.327555001 21.056428909 -0.000086211 -0.026735500 0.012287433 0.999567032
1695814324.040000 -1.235932708 0.327999324 21.147542953 -0.000258891 -0.026862061 0.012616985 0.999559581
1695814324.151000 -1.246148467 0.330414206 21.244178772 0.000779697 -0.025689544 0.011730586 0.999600828
1695814324.258000 -1.250942111 0.331421733 21.336847305 0.000557139 -0.025859172 0.010527311 0.999610007
1695814324.364000 -1.257169366 0.331814021 21.425260544 0.000139015 -0.025715392 0.009347147 0.999625623
1695814324.470000 -1.262706280 0.333348840 21.511728287 0.002888652 -0.025686141 0.010006136 0.999615848
1695814324.575000 -1.268733501 0.333866715 21.602762222 0.003611402 -0.025775800 0.010545791 0.999605656
1695814324.681000 -1.273440719 0.334094644 21.688732147 0.002140715 -0.025485111 0.012323588 0.999596953
1695814324.790000 -1.277297378 0.334985584 21.779113770 0.000682779 -0.026062625 0.012853621 0.999577463
1695814324.900000 -1.284934163 0.336024672 21.867197037 0.000137831 -0.025044909 0.012599829 0.999606907
1695814325.005000 -1.289752126 0.336647868 21.955669403 0.000243095 -0.025080036 0.012899838 0.999602199
1695814325.110000 -1.293074608 0.337595433 22.041437149 0.000708477 -0.025371803 0.012743017 0.999596596
1695814325.212000 -1.297248840 0.338420630 22.128206253 0.001059291 -0.025543308 0.013151300 0.999586642
1695814325.313000 -1.301979303 0.338714898 22.207792282 0.000451463 -0.025842033 0.013094557 0.999580204
1695814325.412000 -1.308192015 0.341591626 22.293905258 0.000529300 -0.024997534 0.011450082 0.999621809
1695814325.521000 -1.309559226 0.342150033 22.376110077 -0.000793799 -0.025511719 0.009490063 0.999629200
1695814325.623000 -1.319253683 0.345112264 22.460876465 -0.001863730 -0.024688389 0.007948840 0.999661863
1695814325.727000 -1.324098110 0.346839488 22.541440964 -0.002322879 -0.024772372 0.007830079 0.999659777
1695814325.829000 -1.329530358 0.347292393 22.627370834 0.000923783 -0.024365550 0.006794560 0.999679625
1695814325.929000 -1.332703114 0.348197401 22.707685471 0.005549281 -0.024725938 0.006676461 0.999656618
1695814326.029000 -1.338197827 0.347921133 22.786943436 0.004641890 -0.024324937 0.006305669 0.999673426
1695814326.130000 -1.342436194 0.349645346 22.864809036 -0.000874529 -0.024524666 0.007111842 0.999673545
1695814326.228000 -1.346852779 0.352316678 22.943351746 -0.004443482 -0.024171159 0.006917043 0.999674022
1695814326.330000 -1.352854967 0.353154153 23.021680832 -0.003400850 -0.023633234 0.007931059 0.999683440
1695814326.432000 -1.356678486 0.352051198 23.100919724 0.003277358 -0.023940928 0.008050965 0.999675632
1695814326.528000 -1.361817360 0.353165746 23.177820206 0.006396978 -0.023498267 0.006526112 0.999682128
1695814326.627000 -1.367994308 0.354911774 23.252668381 0.000410683 -0.023446150 0.006259973 0.999705434
1695814326.722000 -1.367740154 0.355553120 23.318689346 -0.005740604 -0.023663001 0.006279096 0.999683797
1695814326.825000 -1.372049332 0.356452256 23.389144897 -0.005657688 -0.023481583 0.007355739 0.999681234
1695814326.925000 -1.375242829 0.356516659 23.462965012 -0.000546152 -0.023626687 0.011059836 0.999659538
1695814327.022000 -1.381052136 0.356787890 23.525156021 0.002720696 -0.022899101 0.015354224 0.999616206
1695814327.119000 -1.383887887 0.357246518 23.598281860 0.001287088 -0.022292161 0.015459970 0.999631166
1695814327.220000 -1.383767009 0.360002667 23.663726807 -0.001766582 -0.023494039 0.013580959 0.999630213
1695814327.320000 -1.391089678 0.360135585 23.737442017 -0.003113994 -0.022086427 0.010982578 0.999690890
1695814327.414000 -1.396143794 0.361682177 23.803968430 -0.000459338 -0.022361230 0.010076909 0.999699116
1695814327.512000 -1.398783445 0.359824091 23.866628647 0.002425865 -0.021808449 0.009097027 0.999717891
1695814327.608000 -1.403738022 0.360972404 23.931753159 0.004484226 -0.021965373 0.007843134 0.999717951
1695814327.707000 -1.406131029 0.361032009 23.990831375 0.006106730 -0.021646021 0.008549959 0.999710500
1695814327.803000 -1.410080433 0.361924946 24.053562164 0.005341968 -0.021680733 0.009352889 0.999706984
1695814327.896000 -1.418578982 0.363125354 24.115402222 0.001882279 -0.020467134 0.011435297 0.999723375
1695814327.994000 -1.417260051 0.363242984 24.176744461 -0.000203135 -0.021260992 0.011088667 0.999712467
1695814328.089000 -1.421088696 0.364199162 24.238704681 -0.001081236 -0.021076128 0.011401790 0.999712288
1695814328.187000 -1.426012397 0.364204615 24.299943924 -0.000280412 -0.021002108 0.011377411 0.999714732
1695814328.281000 -1.427235842 0.366213977 24.361749649 0.001475395 -0.021166552 0.009962160 0.999725223
1695814328.379000 -1.430875659 0.367088556 24.421350479 0.001721779 -0.021092659 0.006466397 0.999755144
1695814328.501000 -1.434098601 0.367341042 24.481281281 0.000928517 -0.020429855 0.006467342 0.999769986
1695814328.593000 -1.436994672 0.368181765 24.556230545 0.003385261 -0.020456890 0.008940742 0.999745071
1695814328.685000 -1.441514373 0.369611323 24.615022659 0.001925111 -0.019790871 0.007794152 0.999771953
1695814328.778000 -1.442448258 0.370333344 24.672391891 0.000102646 -0.020253591 0.006418796 0.999774277
1695814328.872000 -1.446418405 0.371323407 24.729684830 0.000227604 -0.019453896 0.005645114 0.999794781
1695814328.967000 -1.448494673 0.372024536 24.788610458 0.000439105 -0.019358071 0.006797651 0.999789417
1695814329.061000 -1.452628374 0.372037202 24.845735550 0.000688110 -0.018524926 0.008481528 0.999792218
1695814329.155000 -1.456365705 0.371943504 24.901550293 0.001207675 -0.018759787 0.010571646 0.999767423
1695814329.250000 -1.456014037 0.373644024 24.960319519 0.002207897 -0.019146349 0.010408812 0.999760091
1695814329.337000 -1.461079955 0.373907447 25.011764526 0.002411051 -0.018883767 0.010779791 0.999760687
1695814329.428000 -1.461727619 0.374510497 25.069797516 0.002259820 -0.018878231 0.010712771 0.999761879
1695814329.522000 -1.465246558 0.375307858 25.125526428 0.002053303 -0.018505212 0.010780913 0.999768555
1695814329.611000 -1.467356205 0.375625968 25.178400040 0.001757049 -0.018578015 0.010386531 0.999771953
1695814329.702000 -1.469011307 0.376182437 25.233331680 0.001411291 -0.018961145 0.011138794 0.999757171
1695814329.793000 -1.472313881 0.377558500 25.287084579 0.001746268 -0.018806178 0.011269903 0.999758124
1695814329.887000 -1.475185394 0.378305137 25.342821121 0.001739560 -0.018474216 0.011337805 0.999763548
1695814329.991000 -1.477820873 0.379498512 25.402629852 0.001136434 -0.018555123 0.011543880 0.999760628
1695814330.082000 -1.480114341 0.379303783 25.454837799 0.000065139 -0.018428601 0.012124615 0.999756694
1695814330.185000 -1.483435750 0.380255789 25.513883591 0.000498304 -0.018116126 0.013591978 0.999743402
1695814330.286000 -1.485765338 0.379275024 25.568941116 0.002970588 -0.018192956 0.015552478 0.999709129
1695814330.378000 -1.487031341 0.378951579 25.616739273 0.003893435 -0.018493088 0.016275380 0.999688983
1695814330.469000 -1.491761923 0.380130440 25.664628983 0.002834682 -0.021555666 0.016397446 0.999629200
1695814330.572000 -1.496542215 0.380925387 25.719396591 0.001271624 -0.036877960 0.017802183 0.999160409
1695814330.662000 -1.502971292 0.380975485 25.766462326 0.000237587 -0.040946227 0.016352272 0.999027491
1695814330.751000 -1.506933331 0.381417960 25.813192368 0.000452814 -0.042018749 0.014225816 0.999015510
1695814330.862000 -1.512182474 0.382394135 25.864450455 0.001712901 -0.042709872 0.012864897 0.999003232
1695814330.952000 -1.516278744 0.382264465 25.916109085 0.002113481 -0.043018743 0.011894078 0.999001265
1695814331.052000 -1.522275567 0.383213311 25.968385696 0.002628232 -0.042757291 0.011609652 0.999014616
1695814331.157000 -1.526906967 0.384053886 26.021902084 0.002719713 -0.042717237 0.011709531 0.999014914
1695814331.257000 -1.531033158 0.384296089 26.072052002 0.002430109 -0.042621225 0.011580885 0.999021292
1695814331.358000 -1.537150383 0.386038601 26.122823715 0.002371372 -0.042701975 0.012356556 0.999008656
1695814331.455000 -1.539715290 0.386458784 26.172245026 0.002215003 -0.047264345 0.012916301 0.998796463
1695814331.554000 -1.550173879 0.386536926 26.221406937 0.002339139 -0.051542975 0.015027773 0.998554945
1695814331.654000 -1.554970384 0.386372745 26.270597458 0.002560491 -0.053148504 0.015127436 0.998468757
1695814331.742000 -1.561546922 0.386949390 26.313308716 0.003293860 -0.052460227 0.014131611 0.998517632
1695814331.831000 -1.566098332 0.387149364 26.356513977 0.003037463 -0.052961279 0.013998234 0.998493850
1695814331.929000 -1.571715713 0.387669981 26.405536652 0.002743579 -0.053249527 0.014368786 0.998474121
1695814332.016000 -1.576654911 0.388536036 26.447217941 0.003035194 -0.053180482 0.013380410 0.998490691
1695814332.117000 -1.582803607 0.389067292 26.496143341 0.003253707 -0.053630952 0.013519890 0.998463988
1695814332.210000 -1.591180205 0.389568001 26.537897110 0.002789997 -0.059903555 0.015305865 0.998082936
1695814332.310000 -1.599913120 0.390348911 26.589929581 0.002157049 -0.066172749 0.015299866 0.997688532
1695814332.408000 -1.608070731 0.390400141 26.635255814 0.001744683 -0.066651054 0.013909193 0.997677922
1695814332.509000 -1.613921642 0.390998393 26.685392380 0.002178579 -0.067417189 0.012711969 0.997641504
1695814332.605000 -1.620112896 0.390892237 26.731586456 0.002731167 -0.067720205 0.011797441 0.997630894
1695814332.704000 -1.629101872 0.392089486 26.780080795 0.003644652 -0.067404181 0.011111902 0.997657299
1695814332.801000 -1.633460283 0.391743004 26.822938919 0.003316492 -0.067492492 0.009662474 0.997667491
1695814332.908000 -1.639492631 0.392764360 26.869733810 0.003554878 -0.068073563 0.009792428 0.997625947
1695814332.998000 -1.646925330 0.393201500 26.914798737 0.003298474 -0.067898951 0.009357486 0.997642934
1695814333.099000 -1.654041052 0.394132078 26.960577011 0.002040391 -0.067966223 0.009108873 0.997643948
1695814333.197000 -1.660396934 0.394031316 27.005088806 0.001026689 -0.067234106 0.008385310 0.997701466
1695814333.293000 -1.668683529 0.394221723 27.047603607 0.000462918 -0.066965789 0.007808796 0.997724652
1695814333.391000 -1.677578449 0.395038635 27.086982727 0.000394647 -0.066709779 0.006179272 0.997753203
1695814333.489000 -1.684239984 0.387346387 27.126893997 0.000857343 -0.067240797 0.010610944 0.997680008
1695814333.587000 -1.684319139 0.394882888 27.171079636 0.003689677 -0.066969596 0.006412991 0.997727573
1695814333.685000 -1.690615177 0.395560592 27.211576462 0.004329927 -0.067164212 0.005937418 0.997714877
1695814333.781000 -1.696966410 0.395475030 27.250667572 0.004461601 -0.067017063 0.005369204 0.997727454
1695814333.877000 -1.702298045 0.395186424 27.291799545 0.003912590 -0.066812091 0.004688433 0.997746885
1695814333.975000 -1.708952427 0.395699948 27.331491470 0.003648917 -0.066833138 0.005438852 0.997742772
1695814334.073000 -1.716205716 0.396315247 27.371368408 0.003628324 -0.066437744 0.005243297 0.997770250
1695814334.167000 -1.720591426 0.396329165 27.412857056 0.003148187 -0.066441476 0.004712839 0.997774243
1695814334.253000 -1.725538135 0.396329463 27.447219849 0.002625810 -0.065921091 0.005565254 0.997805893
1695814334.350000 -1.729660988 0.396362334 27.487691879 0.002703523 -0.061134819 0.003884064 0.998118341
1695814334.449000 -1.733898759 0.397098392 27.526147842 0.002887232 -0.059969209 0.004079130 0.998187721
1695814334.534000 -1.740482926 0.397268981 27.563217163 0.003057882 -0.059665594 0.005239475 0.998199999
1695814334.631000 -1.745372534 0.397371799 27.600688934 0.003237797 -0.059519321 0.006036170 0.998203695
1695814334.732000 -1.753505111 0.396671295 27.641691208 0.002969669 -0.059146155 0.006377053 0.998224556
1695814334.830000 -1.756839395 0.398332655 27.683727264 0.003544347 -0.059291173 0.006001453 0.998216450
1695814334.925000 -1.762233615 0.398884416 27.723327637 0.003739815 -0.059096318 0.006361080 0.998225033
1695814335.014000 -1.766034245 0.398801804 27.756420135 0.003494377 -0.059281614 0.006276179 0.998215556
1695814335.111000 -1.771211505 0.399483144 27.797882080 0.003867228 -0.056279778 0.005778564 0.998390853
1695814335.205000 -1.772983313 0.399758041 27.835920334 0.003894024 -0.041605856 0.002464677 0.999123514
1695814335.290000 -1.773218036 0.400358140 27.866853714 0.003857104 -0.018388322 -0.003042639 0.999818861
1695814335.390000 -1.769127727 0.399511963 27.904533386 0.003386884 -0.001849204 -0.004355977 0.999983072
1695814335.487000 -1.766723633 0.401345015 27.947122574 0.003418162 0.000185798 -0.001948519 0.999992251
1695814335.584000 -1.766069770 0.401456088 27.984916687 0.003345594 0.000278830 0.001890324 0.999992609
1695814335.680000 -1.768738747 0.402257323 28.023672104 0.003530690 0.000776805 0.004734862 0.999982297
1695814335.774000 -1.767022967 0.401593179 28.062042236 0.003413673 0.000530802 0.006592617 0.999972284
1695814335.873000 -1.767035007 0.402334064 28.101228714 0.003257834 0.000495483 0.006163601 0.999975622
1695814335.970000 -1.767278433 0.401986390 28.138704300 0.003463714 0.000239053 0.006277658 0.999974310
1695814336.068000 -1.767385006 0.402539849 28.176769257 0.003167314 0.000451375 0.005123473 0.999981761
1695814336.165000 -1.769183874 0.403303862 28.215484619 0.002901078 0.000858831 0.005182640 0.999981999
1695814336.259000 -1.768333077 0.402700812 28.247034073 0.001995050 0.000340687 0.005113064 0.999984920
1695814336.335000 -1.767794371 0.403741419 28.259471893 0.001768071 0.000564626 0.004178586 0.999989569
1695814336.433000 -1.768372536 0.404236972 28.307773590 0.000500686 0.000472777 0.004441925 0.999989927
1695814336.532000 -1.768564224 0.404523075 28.340616226 -0.000223212 0.000582585 0.004915608 0.999987721
1695814336.662000 -1.774642706 0.405899614 28.388616562 0.000538159 0.001974271 0.006165738 0.999978960
1695814336.750000 -1.768091440 0.404920101 28.415004730 0.000249827 0.000639175 0.005279420 0.999985814
1695814336.844000 -1.768194318 0.406036794 28.446611404 0.000753690 0.000692445 0.006066943 0.999981105
1695814336.932000 -1.768929720 0.406066984 28.471529007 0.000653107 0.000786226 0.006165673 0.999980509
1695814337.023000 -1.769497991 0.407134831 28.499071121 0.001166830 0.000708724 0.006527812 0.999977767
1695814337.117000 -1.769964457 0.407111824 28.530519485 0.002060154 0.001202690 0.005461157 0.999982238
1695814337.218000 -1.770505667 0.407015383 28.559604645 0.003241779 0.001224486 0.005229080 0.999980330
1695814337.315000 -1.771726131 0.408627540 28.591054916 0.004445973 0.001636776 0.005826910 0.999971807
1695814337.410000 -1.771400452 0.407918721 28.614065170 0.003790676 0.001199015 0.005355481 0.999977767
1695814337.503000 -1.769381166 0.407860696 28.642877579 0.003656734 0.000895237 0.005852080 0.999975801
1695814337.597000 -1.772004247 0.408561319 28.674512863 0.003692041 0.001827488 0.005486516 0.999976456
1695814337.695000 -1.771098733 0.407970458 28.698917389 0.003192691 0.001600768 0.005313668 0.999979496
1695814337.787000 -1.769696236 0.408072591 28.727098465 0.002771985 0.006773781 0.003512960 0.999967039
1695814337.884000 -1.764459848 0.408225477 28.753631592 0.002456798 0.023612598 0.000173271 0.999718189
1695814337.983000 -1.760909319 0.409480810 28.781230927 0.002501101 0.034293540 0.000120470 0.999408662
1695814338.077000 -1.760350466 0.409587413 28.808162689 0.002568010 0.035238951 0.002953652 0.999371231
1695814338.174000 -1.757091880 0.409070939 28.836526871 0.002317164 0.034870319 0.005356522 0.999374807
1695814338.271000 -1.755355954 0.409527004 28.862241745 0.002534598 0.035361715 0.006878044 0.999347746
1695814338.363000 -1.750766277 0.409833312 28.888374329 0.002652940 0.041491017 0.005690737 0.999119163
1695814338.459000 -1.745833874 0.409664690 28.912714005 0.002055295 0.060321372 0.001880910 0.998175144
1695814338.557000 -1.739830136 0.409532994 28.939413071 0.001882959 0.073657021 0.001669838 0.997280538
1695814338.649000 -1.735477567 0.409901559 28.963781357 0.002123779 0.074282818 0.004928039 0.997222781
1695814338.749000 -1.732756734 0.409914732 28.990377426 0.002341617 0.074616373 0.008159848 0.997176170
1695814338.841000 -1.725490451 0.412303001 29.016212463 0.002932336 0.074660711 0.009987961 0.997154653
1695814338.940000 -1.721590996 0.413530201 29.042537689 0.000654242 0.083214089 0.006253093 0.996511936
1695814339.033000 -1.711581230 0.415106744 29.065919876 -0.002120961 0.102031730 0.001833977 0.994777203
1695814339.127000 -1.701067924 0.416411012 29.087522507 -0.004515198 0.123065352 0.000272778 0.992388308
1695814339.229000 -1.690095544 0.416200578 29.109617233 -0.005426007 0.145346880 0.001656964 0.989364505
1695814339.323000 -1.677678585 0.415839434 29.132675171 -0.003606156 0.164973348 0.000763699 0.986291170
1695814339.420000 -1.667012334 0.416301906 29.157787323 0.000106685 0.168455496 0.005671543 0.985693038
1695814339.517000 -1.657290697 0.416327059 29.180715561 0.002962089 0.168084100 0.010732599 0.985709786
1695814339.614000 -1.649163842 0.416503489 29.204492569 0.003192307 0.168051139 0.013794255 0.985676646
1695814339.789000 -1.639932632 0.417015731 29.228868484 0.000097719 0.172185093 0.013284000 0.984975040
1695814339.889000 -1.616258860 0.418117881 29.266828537 -0.004111997 0.204133555 0.010770097 0.978875160
1695814339.989000 -1.601123571 0.417965829 29.288908005 -0.005474561 0.221521750 0.011362559 0.975073874
1695814340.089000 -1.588906527 0.419736624 29.312740326 -0.003964892 0.223324955 0.014800839 0.974623621
1695814340.189000 -1.579005122 0.420646906 29.336044312 -0.002785931 0.223565459 0.018199721 0.974515021
1695814340.291000 -1.567207456 0.420646012 29.359653473 -0.002379033 0.223844171 0.019741194 0.974422157
1695814340.393000 -1.554648638 0.421441942 29.380176544 0.000032403 0.231319800 0.019273942 0.972686887
1695814340.485000 -1.540499687 0.421667039 29.398714066 0.000304255 0.248632133 0.014673845 0.968486786
1695814340.587000 -1.522898197 0.422201812 29.418737411 -0.000826559 0.270238966 0.009578353 0.962745309
1695814340.681000 -1.507649660 0.423101127 29.434837341 -0.002455626 0.289007396 0.006001067 0.957304955
1695814340.776000 -1.491602421 0.424246788 29.453395844 -0.003376863 0.296861589 0.009445011 0.954867840
1695814340.869000 -1.477732420 0.424789220 29.472270966 -0.003922625 0.296709776 0.013920249 0.954858243
1695814340.964000 -1.464707613 0.425481737 29.490653992 -0.003136680 0.296641201 0.016039977 0.954849184
1695814341.058000 -1.450878143 0.426331460 29.510278702 -0.001890796 0.300606936 0.014812301 0.953631222
1695814341.155000 -1.433996677 0.428006709 29.528263092 -0.000407988 0.314670295 0.010293527 0.949145198
1695814341.257000 -1.415415764 0.427877814 29.544216156 -0.000482157 0.334534675 0.005824246 0.942365348
1695814341.361000 -1.397594452 0.428273261 29.561460495 0.001402456 0.342891693 0.008479492 0.939335644
1695814341.462000 -1.381548882 0.428858787 29.580226898 0.003377740 0.343039483 0.013340619 0.939220250
1695814341.563000 -1.365503788 0.429593801 29.598524094 0.002895944 0.344404548 0.014737519 0.938701212
1695814341.665000 -1.347613335 0.430185437 29.614631653 0.001603593 0.354550809 0.012474004 0.934952199
1695814341.781000 -1.325140476 0.429996014 29.631212234 -0.000101916 0.375898242 0.008909884 0.926618099
1695814341.894000 -1.302492142 0.431290448 29.646215439 0.000973163 0.396888167 0.007381369 0.917836845
1695814341.994000 -1.282917023 0.431358308 29.657426834 0.000959963 0.414258242 0.003857587 0.910150707
1695814342.115000 -1.258530617 0.432208717 29.670745850 0.000055477 0.435132980 0.001100325 0.900365531
1695814342.234000 -1.234626770 0.433358431 29.682275772 -0.000786989 0.455159038 -0.000697173 0.890409529
1695814342.355000 -1.207277298 0.434493929 29.693996429 -0.000675583 0.476839125 0.000346406 0.878990293
1695814342.465000 -1.183532715 0.435656160 29.702590942 -0.001267239 0.494839162 0.001876688 0.868981659
1695814342.578000 -1.160427094 0.436433017 29.710887909 -0.004617639 0.510051727 0.001343685 0.860130310
1695814342.716000 -1.133278847 0.437800944 29.724388123 -0.007689377 0.512179255 0.004003242 0.858834922
1695814342.850000 -1.104794502 0.440617323 29.741609573 -0.008001060 0.512742281 0.006450692 0.858481109
1695814342.987000 -1.078229904 0.440879524 29.755256653 -0.008669885 0.512245476 0.004315737 0.858784497
1695814343.132000 -1.050072670 0.442271709 29.768838882 -0.008527081 0.515068889 0.004534142 0.857094467
1695814343.253000 -1.025234222 0.441800147 29.777175903 -0.013482636 0.530116558 0.002233029 0.847814679
1695814343.387000 -0.997129440 0.443992198 29.784786224 -0.017315105 0.549945116 -0.000798482 0.835020900
1695814343.531000 -0.967416763 0.444402516 29.790454865 -0.019806456 0.571804881 -0.003133364 0.820144534
1695814343.692000 -0.932668686 0.445146024 29.795417786 -0.015200633 0.595962465 -0.002494361 0.802864611
1695814343.864000 -0.897123337 0.446096390 29.799278259 -0.011847122 0.614389360 -0.003492991 0.788906395
1695814344.031000 -0.859615326 0.447930872 29.808193207 -0.010253821 0.617235005 -0.000983842 0.786711454
1695814344.201000 -0.823221207 0.449046433 29.817199707 -0.012919569 0.617686749 0.000601125 0.786317885
1695814344.367000 -0.787717819 0.450702429 29.826496124 -0.014113803 0.617966890 -0.000126416 0.786077499
1695814344.532000 -0.753000259 0.451688737 29.835065842 -0.011956074 0.618103206 -0.000062886 0.786006033
1695814344.705000 -0.716060638 0.452766865 29.840900421 -0.012152992 0.626703143 -0.002700201 0.779158652
1695814344.893000 -0.678644180 0.453727394 29.842802048 -0.013517738 0.643685341 -0.004608675 0.765157104
1695814345.074000 -0.639806747 0.455441087 29.850204468 -0.011438653 0.646853983 -0.001870212 0.762525856
1695814345.254000 -0.603164673 0.455768704 29.856252670 -0.011040457 0.647699833 -0.003150037 0.761809170
1695814345.440000 -0.565616608 0.456496954 29.862482071 -0.010083706 0.648908257 -0.004560886 0.760786176
1695814345.630000 -0.529510498 0.457494497 29.863248825 -0.012763561 0.664499998 -0.005948614 0.747155726
1695814345.829000 -0.488998413 0.458780259 29.863016129 -0.012358188 0.677134752 -0.002359402 0.735751450
1695814346.028000 -0.450441360 0.460511833 29.866226196 -0.012516139 0.678620934 -0.000364575 0.734382033
1695814346.223000 -0.413572311 0.461492419 29.868364334 -0.012112102 0.678493381 -0.001028906 0.734505951
1695814346.419000 -0.375356674 0.462923169 29.871576309 -0.011028790 0.678675830 -0.001423453 0.734353781
1695814346.610000 -0.338237762 0.463979274 29.875083923 -0.011152657 0.678666472 -0.001684135 0.734360099
1695814346.807000 -0.300361633 0.464845777 29.878524780 -0.011507099 0.678682268 -0.001463362 0.734340489
1695814347.002000 -0.262784958 0.466232061 29.882026672 -0.011310757 0.678771317 -0.001602812 0.734260857
1695814347.213000 -0.225698471 0.467652321 29.886251450 -0.011054948 0.679070354 -0.001663440 0.733988106
1695814347.415000 -0.188268661 0.468079060 29.888647079 -0.011988033 0.679045260 -0.001435298 0.733997107
1695814347.607000 -0.153444290 0.469978213 29.890266418 -0.012512440 0.678733408 0.001189058 0.734277248
1695814347.798000 -0.119068146 0.472049654 29.892528534 -0.015443048 0.678639293 0.003076958 0.734302878
1695814348.000000 -0.079376221 0.473088115 29.898567200 -0.015355784 0.679107308 0.001520809 0.733876884
1695814348.196000 -0.045164108 0.473729074 29.900108337 -0.011413164 0.678599417 0.000893123 0.734419465
1695814348.386000 -0.005233765 0.474052131 29.906049728 -0.008421874 0.678935170 -0.002902191 0.734144211
1695814348.578000 0.033540726 0.476295441 29.908212662 -0.010255433 0.678511322 -0.001774875 0.734516323
1695814348.771000 0.072444916 0.477953166 29.911373138 -0.011831760 0.678497732 0.000154993 0.734507263
1695814348.964000 0.109539032 0.478540510 29.914167404 -0.011361969 0.678590596 0.000022455 0.734428883
1695814349.161000 0.149183273 0.479582131 29.918266296 -0.010393167 0.678927898 0.000116687 0.734131396
1695814349.354000 0.187541962 0.480690449 29.922369003 -0.010297742 0.679230988 0.000370056 0.733852267
1695814349.546000 0.223192215 0.481472433 29.924030304 -0.010066099 0.678863645 0.000352934 0.734195292
1695814349.735000 0.265531540 0.482771784 29.928180695 -0.008416586 0.679083228 -0.001050440 0.734012306
1695814349.936000 0.308248520 0.484318942 29.932403564 -0.009862258 0.679228723 0.000257833 0.733860433
1695814350.130000 0.349065781 0.486081004 29.935012817 -0.010277733 0.678992450 0.001491587 0.734071791
1695814350.326000 0.391988754 0.487402797 29.938713074 -0.009880077 0.679310322 0.000746543 0.733784318
1695814350.518000 0.432283401 0.488815486 29.942840576 -0.009162892 0.679436266 0.000707341 0.733677089
1695814350.713000 0.473270416 0.489585817 29.945116043 -0.010152387 0.679214418 0.000740795 0.733869314
1695814351.076000 0.515148163 0.490834922 29.949077606 -0.009153848 0.679574668 0.000171492 0.733549237
1695814351.279000 0.595937729 0.494175732 29.953687668 -0.009864363 0.678672433 0.001129027 0.734374106
1695814351.474000 0.644378662 0.494880259 29.959756851 -0.009782276 0.679547608 0.001743923 0.733564138
1695814351.677000 0.688238144 0.496359706 29.962886810 -0.008753413 0.679204226 0.001646681 0.733895361
1695814351.877000 0.732627869 0.497394592 29.966646194 -0.009015352 0.679468751 0.001570107 0.733647406
1695814352.073000 0.776521683 0.498265088 29.970088959 -0.007499703 0.679394901 -0.000083532 0.733734548
1695814352.284000 0.813348770 0.498825133 29.972974777 -0.006469465 0.679336727 -0.000745063 0.733797789
1695814352.486000 0.865736008 0.500190675 29.978616714 -0.009196348 0.679952919 0.001084165 0.733197331
1695814352.672000 0.913703918 0.502281070 29.982013702 -0.010285250 0.679744959 0.002408543 0.733372569
1695814352.860000 0.959926605 0.503848314 29.985933304 -0.009646731 0.679809988 0.001877789 0.733322501
1695814353.050000 1.008502960 0.505701661 29.988195419 -0.008381204 0.679681122 0.001967931 0.733457267
1695814353.243000 1.056955338 0.508164644 29.993804932 -0.008090613 0.680006325 0.002499263 0.733157396
1695814353.438000 1.099895477 0.509153366 29.997272491 -0.009629686 0.679826558 0.002088422 0.733306825
1695814353.628000 1.148733139 0.511127234 30.001636505 -0.008874149 0.681426942 0.001967955 0.731829703
1695814353.824000 1.193475723 0.514347672 30.000797272 -0.010470666 0.699040830 -0.001505652 0.715003550
1695814354.030000 1.240026474 0.515955567 29.998579025 -0.008569548 0.707329154 -0.000013158 0.706832469
1695814354.229000 1.288402557 0.515672028 29.998359680 -0.009159981 0.709752560 0.000641445 0.704391241
1695814354.438000 1.330888748 0.517018318 29.994979858 -0.012801010 0.725302637 -0.002401625 0.688306987
1695814354.646000 1.378385544 0.519505203 29.988855362 -0.010407237 0.729088724 -0.001519008 0.684338450
1695814354.863000 1.424943924 0.520564735 29.989524841 -0.010379401 0.731474817 -0.001555934 0.681787670
1695814355.093000 1.466753006 0.521367788 29.982782364 -0.013550806 0.747374713 -0.004488133 0.664249480
1695814355.265000 1.505962372 0.521562099 29.969621658 -0.013014954 0.749834836 -0.003587224 0.661487281
1695814355.447000 1.533596039 0.521503210 29.961023331 -0.013015508 0.749180436 -0.003193915 0.662230372
1695814355.677000 1.582462311 0.521667302 29.957357407 -0.016218122 0.763296604 -0.006508886 0.645811796
1695814355.859000 1.615333557 0.524345994 29.941358566 -0.016811930 0.779701471 -0.008710079 0.625865102
1695814356.046000 1.648208618 0.524234056 29.930831909 -0.016701797 0.796145916 -0.008577399 0.604813397
1695814356.248000 1.679710388 0.525760353 29.919975281 -0.013108628 0.799902558 -0.006622830 0.599950254
1695814356.444000 1.709804535 0.525605321 29.909671783 -0.011774763 0.803906798 -0.007218136 0.594595015
1695814356.643000 1.740547180 0.525725961 29.894622803 -0.015318456 0.817014217 -0.011127003 0.576306701
1695814356.860000 1.766014099 0.528338253 29.878204346 -0.011621711 0.821703076 -0.008491275 0.569734156
1695814357.058000 1.799610138 0.532106757 29.868015289 -0.006785069 0.823451936 -0.005466799 0.567319214
1695814357.261000 1.828693390 0.525011420 29.859218597 -0.011159581 0.824459910 -0.002888292 0.565803051
1695814357.461000 1.859138489 0.529582679 29.843133926 -0.011512538 0.829633117 -0.005145954 0.558166504
1695814357.663000 1.886096954 0.530686021 29.826507568 -0.012833910 0.842990220 -0.005104967 0.537751615
1695814357.871000 1.911697388 0.531838119 29.809080124 -0.012919109 0.851956904 -0.002455281 0.523446858
1695814358.091000 1.939498901 0.534384012 29.794040680 -0.008613596 0.853682816 0.000513556 0.520721912
1695814358.311000 1.964759827 0.536302507 29.779178619 -0.007314173 0.856355250 0.003003943 0.516326606
1695814358.523000 1.988376617 0.537150264 29.759860992 -0.010867343 0.866826534 0.002428080 0.498485595
1695814358.750000 2.010650635 0.534826100 29.740875244 -0.013618581 0.879561543 0.003079976 0.475580245
1695814358.983000 2.031223297 0.537144363 29.718542099 -0.012201630 0.891201675 0.004310775 0.453422606
1695814359.207000 2.052009583 0.539121509 29.695789337 -0.009784551 0.902445078 0.005104052 0.430663645
1695814359.441000 2.070438385 0.538902104 29.672355652 -0.012644443 0.912871361 0.004018848 0.408031672
1695814359.686000 2.085838318 0.539670944 29.648841858 -0.013854075 0.922572792 0.001578241 0.385571063
1695814359.927000 2.105705261 0.540865600 29.623901367 -0.012598895 0.932176888 -0.001119801 0.361782074
1695814360.165000 2.119178772 0.541887939 29.597537994 -0.011926500 0.940760612 -0.004466529 0.338832438
1695814360.411000 2.130531311 0.540938973 29.572280884 -0.013963921 0.948783994 -0.006407647 0.315551877
1695814360.643000 2.141050339 0.541037560 29.546819687 -0.014026583 0.956326187 -0.005516777 0.291912824
1695814360.882000 2.152385712 0.542100430 29.518278122 -0.012627912 0.963276863 -0.003043222 0.268195748
1695814361.137000 2.160619736 0.543964386 29.491350174 -0.012911407 0.969408333 -0.002350495 0.245102674
1695814361.363000 2.168968201 0.542469859 29.464494705 -0.016342284 0.975071907 -0.003060536 0.221265420
1695814361.586000 2.179700851 0.542894959 29.454267502 -0.018777020 0.980673373 -0.005595521 0.194668964
1695814361.820000 2.181074142 0.541692615 29.412670135 -0.012424881 0.984590471 -0.006851577 0.174299538
1695814362.028000 2.175266266 0.541825533 29.364671707 -0.009438558 0.987324595 -0.007902699 0.158236146
1695814362.240000 2.191114426 0.541947663 29.352985382 -0.010706667 0.988694847 -0.007824242 0.149354205
1695814362.452000 2.200496674 0.542558193 29.339555740 -0.010625659 0.989122987 -0.007482118 0.146516100
1695814362.658000 2.204475403 0.541992664 29.309328079 -0.009543770 0.988951087 -0.006549020 0.147789598
1695814362.863000 2.215845108 0.542124093 29.275728226 -0.007907175 0.988874316 -0.006578443 0.148397297
1695814363.070000 2.221796036 0.542052329 29.253711700 -0.007051150 0.988828063 -0.006262321 0.148762420
1695814363.278000 2.229667664 0.541922450 29.227373123 -0.006168982 0.988835752 -0.007937836 0.148669943
1695814363.482000 2.237613678 0.542379379 29.201929092 -0.006062090 0.988841176 -0.008419744 0.148612127
1695814363.694000 2.251089096 0.542469800 29.162660599 -0.007245331 0.988900721 -0.007331663 0.148219779
1695814363.913000 2.255842209 0.541680396 29.133623123 -0.007643419 0.990002394 -0.012537227 0.140284419
1695814364.137000 2.260637283 0.541677535 29.106853485 -0.006669477 0.991837204 -0.015856665 0.126344830
1695814364.337000 2.268447876 0.540499449 29.074922562 -0.003898737 0.992280245 -0.014078887 0.123152152
1695814364.550000 2.270616531 0.541386485 29.046672821 -0.007023545 0.993604839 -0.011671498 0.112089127
1695814364.742000 2.277845383 0.541592598 29.017269135 -0.005286404 0.994016111 -0.006376693 0.108919263
1695814364.934000 2.282463074 0.541769028 28.988828659 -0.003999669 0.994003534 -0.006455523 0.109084345
1695814365.128000 2.290268898 0.540863454 28.959022522 -0.004097450 0.994026482 -0.009323101 0.108663224
1695814365.319000 2.297019005 0.541403532 28.924430847 -0.005757270 0.994156778 -0.012099193 0.107111506
1695814365.512000 2.302099228 0.539957702 28.885875702 -0.007278235 0.995687842 -0.011941350 0.091707334
1695814365.699000 2.307432175 0.540269136 28.847188950 -0.005548663 0.996133745 -0.010908863 0.086993113
1695814365.884000 2.314809799 0.540737391 28.804557800 -0.005148672 0.996210158 -0.009991289 0.086249612
1695814366.071000 2.317099571 0.539963245 28.760332108 -0.008017830 0.997313201 -0.009283605 0.072222166
1695814366.260000 2.322557449 0.540742397 28.714191437 -0.007285596 0.998056412 -0.009897672 0.061093956
1695814366.422000 2.325405121 0.541795433 28.681175232 -0.004910656 0.998177528 -0.005990142 0.059846189
1695814366.598000 2.331639290 0.542563498 28.629894257 -0.005982254 0.998179197 -0.004199331 0.059873741
1695814366.776000 2.338994980 0.542567253 28.576990128 -0.009597789 0.998287618 -0.008151182 0.057125445
1695814366.954000 2.342162132 0.542091727 28.521080017 -0.010910147 0.998271585 -0.014238248 0.055965208
1695814367.135000 2.352075577 0.541865706 28.464105606 -0.007885942 0.998378217 -0.013569669 0.054723069
1695814367.313000 2.360896111 0.542886078 28.405824661 -0.007074000 0.998469651 -0.008428114 0.054198161
1695814367.488000 2.364588737 0.543899357 28.344760895 -0.006743759 0.998407900 -0.006464220 0.055627238
1695814367.669000 2.372559547 0.542787731 28.288892746 -0.007698783 0.998400629 -0.008779097 0.055316083
1695814367.846000 2.379834175 0.541718125 28.227806091 -0.008235862 0.998364449 -0.011310886 0.055432383
1695814368.028000 2.386341095 0.542036653 28.165687561 -0.008714139 0.998366117 -0.009302790 0.055701669
1695814368.205000 2.396499634 0.541244090 28.107013702 -0.009649237 0.998572469 -0.006451878 0.052138802
1695814368.432000 2.400706291 0.541718781 28.025697708 -0.011002813 0.999039531 -0.007671847 0.041716736
1695814368.655000 2.406013012 0.541939795 27.943475723 -0.010104366 0.999087453 -0.008782813 0.040558878
1695814368.873000 2.410212040 0.540928781 27.867156982 -0.009745437 0.999089539 -0.007978183 0.040761683
1695814369.098000 2.418478012 0.542014956 27.783357620 -0.009878411 0.999195397 -0.007843771 0.038072597
1695814369.326000 2.424884319 0.541523039 27.705844879 -0.009563092 0.999264479 -0.008445554 0.036164474
1695814369.553000 2.437136173 0.539637685 27.627964020 -0.008216247 0.999326766 -0.010817822 0.034082077
1695814369.772000 2.437196255 0.540661514 27.542034149 -0.009669916 0.999241173 -0.012211065 0.035699695
1695814369.990000 2.445480347 0.541025519 27.459585190 -0.009833843 0.999303341 -0.007719769 0.035164364
1695814370.211000 2.449159622 0.540530443 27.377193451 -0.009777673 0.999268413 -0.007227797 0.036261011
1695814370.425000 2.456481934 0.540992975 27.296489716 -0.010301892 0.999255002 -0.008951304 0.036099546
1695814370.639000 2.459335327 0.539696634 27.215103149 -0.010036575 0.999220192 -0.008501135 0.037229780
1695814370.852000 2.468235493 0.540460765 27.136775970 -0.010161127 0.999237359 -0.008286510 0.036780577
1695814371.073000 2.472326756 0.539960980 27.054969788 -0.009878590 0.999201417 -0.009819406 0.037450813
1695814371.290000 2.477159500 0.540004134 26.972728729 -0.010169324 0.999139726 -0.010587326 0.038786814
1695814371.510000 2.485354900 0.539981961 26.889812469 -0.010166412 0.999223351 -0.007630077 0.037298143
1695814371.973000 2.490104198 0.538444817 26.805482864 -0.009901337 0.999195576 -0.007270796 0.038175154
1695814372.196000 2.502629280 0.537799478 26.641555786 -0.012679815 0.999495268 -0.010116992 0.027315687
1695814372.409000 2.504942894 0.537815928 26.554182053 -0.011232903 0.999586105 -0.009677339 0.024654523
1695814372.619000 2.501875401 0.537635148 26.471445084 -0.010607056 0.999553502 -0.008420224 0.026635148
1695814372.830000 2.516047478 0.537998676 26.404787064 -0.009589200 0.999637723 -0.009622798 0.023236945
1695814373.035000 2.518040180 0.536603570 26.324817657 -0.009212327 0.999597669 -0.011122381 0.024412427
1695814373.238000 2.522766113 0.537868917 26.246891022 -0.009968290 0.999627233 -0.008346941 0.024009323
1695814373.454000 2.528526306 0.536496520 26.169174194 -0.009109000 0.999639630 -0.007432920 0.024135657
1695814373.663000 2.534989357 0.537533343 26.090848923 -0.006739152 0.999260783 -0.008368716 0.036911905
1695814373.879000 2.544274807 0.538264871 26.009803772 -0.007177137 0.999184847 -0.008316455 0.038845222
1695814374.088000 2.552735806 0.538802743 25.931833267 -0.006022274 0.998829424 -0.007705997 0.047373343
1695814374.306000 2.562843323 0.538200498 25.853458405 -0.007118868 0.998490453 -0.007637474 0.053923883
1695814374.527000 2.571432114 0.538811803 25.776395798 -0.008393170 0.998364151 -0.010153478 0.055637605
1695814374.747000 2.581341743 0.536851048 25.698862076 -0.009106664 0.998361468 -0.010150988 0.055574220
1695814374.969000 2.590980530 0.536377609 25.621013641 -0.009557790 0.998317480 -0.010635789 0.056195255
1695814375.182000 2.600444794 0.536504686 25.539766312 -0.009475781 0.998337328 -0.008170234 0.056268539
1695814375.393000 2.610604286 0.536490262 25.458831787 -0.010459914 0.998329759 -0.007025530 0.056382410
1695814375.621000 2.622009277 0.536727130 25.382789612 -0.012036911 0.998920202 -0.007944573 0.044164747
1695814375.823000 2.624741554 0.536875427 25.303903580 -0.011944463 0.999022126 -0.008568469 0.041698724
1695814376.030000 2.630491257 0.538792968 25.228933334 -0.011389635 0.999020576 -0.008768970 0.041848969
1695814376.241000 2.637843132 0.537598789 25.152605057 -0.011289822 0.999057710 -0.008341582 0.041068804
1695814376.448000 2.645499229 0.537190616 25.076766968 -0.010497502 0.999048710 -0.008720091 0.041419435
1695814376.661000 2.652638435 0.537455916 25.003068924 -0.010540575 0.999070644 -0.008524966 0.040915910
1695814376.865000 2.661981106 0.538218439 24.924989700 -0.009896123 0.999081492 -0.009610773 0.040571496
1695814377.077000 2.666573524 0.536012888 24.848360062 -0.009879491 0.999007642 -0.014218433 0.041035987
1695814377.289000 2.673074722 0.535999298 24.766929626 -0.009925988 0.999021053 -0.011746609 0.041478816
1695814377.499000 2.681317806 0.536316156 24.687246323 -0.010749891 0.999043882 -0.007495705 0.041709296
1695814377.702000 2.688926697 0.536086023 24.609159470 -0.011781747 0.999040604 -0.008131177 0.041388761
1695814377.908000 2.698017597 0.534150600 24.529716492 -0.012516208 0.999014854 -0.011508834 0.040991798
1695814378.114000 2.704871178 0.533300817 24.445659637 -0.012186639 0.999011636 -0.011227541 0.041245423
1695814378.320000 2.712218285 0.534081221 24.358205795 -0.011895672 0.999013245 -0.008378753 0.041962612
1695814378.518000 2.711639881 0.535350680 24.270206451 -0.012193976 0.998918116 -0.007358679 0.044270426
1695814378.723000 2.728714466 0.535965562 24.187389374 -0.011719774 0.999006927 -0.008796796 0.042077597
1695814378.926000 2.737270355 0.532358885 24.103839874 -0.009966181 0.999014318 -0.008388710 0.042434786
1695814379.125000 2.741896152 0.531122029 24.015388489 -0.010067479 0.998967648 -0.006767510 0.043777980
1695814379.326000 2.742307663 0.527417481 23.933830261 -0.009704124 0.998880029 -0.004190818 0.046118993
1695814379.528000 2.760999680 0.532513618 23.846879959 -0.006868331 0.999051511 -0.007862638 0.042274162
1695814379.723000 2.764760971 0.533440232 23.764656067 -0.007492041 0.998987377 -0.008809819 0.043480854
1695814379.925000 2.772668839 0.534567118 23.684782028 -0.005356804 0.998960555 -0.012053116 0.043633219
1695814380.124000 2.783954144 0.534124613 23.602769852 -0.002389630 0.999021947 -0.006325579 0.043697722
1695814380.325000 2.791692734 0.533202410 23.522283554 -0.005272937 0.999011934 -0.002720371 0.044045012
1695814380.528000 2.800186157 0.533953786 23.443008423 -0.006953025 0.998955369 -0.009975763 0.044049624
1695814380.721000 2.804111958 0.533303082 23.364349365 -0.007839521 0.998839140 -0.011636411 0.046081070
1695814380.924000 2.814209938 0.534132361 23.287252426 -0.012796539 0.998807192 -0.006044192 0.046732228
1695814381.120000 2.820724487 0.532829463 23.208814621 -0.008424974 0.998906493 -0.010825868 0.044696115
1695814381.315000 2.827044010 0.531333387 23.136804581 -0.006871557 0.998995006 -0.008397286 0.043489974
1695814381.509000 2.838439941 0.533179879 23.050132751 -0.002860644 0.999043882 -0.006753288 0.043099523
1695814381.703000 2.846940517 0.534390569 22.970321655 -0.001855013 0.999057770 -0.005927029 0.042953853
1695814381.904000 2.856687069 0.536824465 22.890121460 -0.000929976 0.999081552 -0.009098592 0.041862927
1695814382.094000 2.861845493 0.533408880 22.815696716 -0.004938080 0.999082148 -0.007200309 0.041937985
1695814382.294000 2.871146202 0.533812881 22.736553192 -0.006135864 0.999026954 -0.011365061 0.042170472
1695814382.493000 2.872579575 0.533135116 22.658075333 -0.004969643 0.998959124 -0.010544017 0.044101033
1695814382.684000 2.884094715 0.532290459 22.583156586 -0.006038926 0.998978853 -0.011701938 0.043218907
1695814382.872000 2.891417027 0.532988489 22.509662628 -0.007701389 0.998981237 -0.009370795 0.043467697
1695814383.078000 2.899029255 0.532879472 22.432601929 -0.007073123 0.998948455 -0.010035566 0.044172876
1695814383.268000 2.905106068 0.530795634 22.359897614 -0.008997363 0.998897910 -0.010827536 0.044775743
1695814383.461000 2.914016247 0.530169666 22.288993835 -0.006862756 0.998435199 -0.009463541 0.054685827
1695814383.651000 2.922219276 0.531384170 22.217781067 -0.006372031 0.998365223 -0.005937445 0.056489371
1695814383.844000 2.931091309 0.531267405 22.146102905 -0.006801605 0.998325944 -0.009815255 0.056592595
1695814384.042000 2.939742565 0.530342758 22.077342987 -0.007910355 0.998293638 -0.011332836 0.056734234
1695814384.232000 2.948532581 0.530601084 22.004323959 -0.009025316 0.998329282 -0.007504716 0.056575850
1695814384.428000 2.957278252 0.530592978 21.932149887 -0.009912383 0.998322606 -0.006783939 0.056636769
1695814384.619000 2.966537476 0.530714333 21.862440109 -0.009712947 0.998332441 -0.008957649 0.056194443
1695814384.813000 2.976258278 0.532048762 21.792297363 -0.008950931 0.998375058 -0.009707561 0.055434741
1695814385.007000 2.982614040 0.530726910 21.724575043 -0.008735440 0.998362243 -0.008161215 0.055946216
1695814385.198000 2.986073494 0.530670643 21.657363892 -0.008728581 0.998275638 -0.008404649 0.057437222
1695814385.395000 2.996655941 0.530894399 21.589487076 -0.007924342 0.998332739 -0.008774614 0.056498002
1695814385.584000 3.003266335 0.530203879 21.524871826 -0.008992547 0.998653650 -0.008667066 0.050347876
1695814385.767000 3.003324032 0.530731678 21.456747055 -0.011158689 0.999346673 -0.009765195 0.032960784
1695814385.952000 3.005476475 0.529712915 21.392366409 -0.009178964 0.999430716 -0.009742768 0.030971186
1695814386.135000 3.014113903 0.529775858 21.325288773 -0.006518515 0.999489069 -0.011717434 0.029014416
1695814386.314000 3.019431591 0.530340970 21.258733749 -0.006033791 0.999524295 -0.010145581 0.028493701
1695814386.503000 3.023065567 0.529709995 21.192352295 -0.007176208 0.999519110 -0.008203369 0.029031632
1695814386.679000 3.028343201 0.530284524 21.126379013 -0.007994634 0.999464214 -0.008344898 0.030623240
1695814386.862000 3.034748077 0.530123174 21.060470581 -0.007360562 0.999188066 -0.008661601 0.038653165
1695814387.045000 3.039982796 0.529707432 20.994373322 -0.008073984 0.999125838 -0.009368215 0.039934240
1695814387.238000 3.046530724 0.529217482 20.928785324 -0.008138796 0.999137461 -0.009480122 0.039601378
1695814387.415000 3.051699638 0.528594971 20.863065720 -0.007219626 0.999111772 -0.010949234 0.040046714
1695814387.599000 3.057581902 0.528762758 20.794483185 -0.007523126 0.999130011 -0.009589279 0.039883837
1695814387.775000 3.063214302 0.528767347 20.727840424 -0.007921943 0.999159157 -0.008042444 0.039415419
1695814387.963000 3.069105148 0.529061019 20.660032272 -0.007156479 0.999139786 -0.008735308 0.039902966
1695814388.147000 3.075362682 0.528019011 20.593132019 -0.007004549 0.999139845 -0.010357576 0.039539177
1695814388.329000 3.080900192 0.526544571 20.522262573 -0.006805242 0.999106407 -0.012451756 0.039812651
1695814388.506000 3.085248947 0.527574778 20.450946808 -0.006331228 0.999101937 -0.012136593 0.040099207
1695814388.684000 3.092354298 0.527409434 20.374576569 -0.006240556 0.999116123 -0.009844423 0.040388349
1695814388.865000 3.096443653 0.527437568 20.295915604 -0.008263115 0.999120891 -0.008206300 0.040272806
1695814389.037000 3.106957912 0.527403235 20.223423004 -0.008445386 0.999136508 -0.007641867 0.039956104
1695814389.219000 3.112466335 0.526450038 20.146839142 -0.008730171 0.999136150 -0.008503594 0.039731495
1695814389.401000 3.119785309 0.527168632 20.073196411 -0.008790791 0.999108791 -0.011829793 0.039552666
1695814389.577000 3.126045227 0.527283669 19.992696762 -0.008981203 0.999129355 -0.011484571 0.039090831
1695814389.754000 3.131870747 0.527129233 19.914960861 -0.008701124 0.999141634 -0.008236836 0.039655186
1695814389.928000 3.137393475 0.527019024 19.839466095 -0.008025901 0.999139726 -0.008262022 0.039839145
1695814390.103000 3.145351410 0.526827931 19.767747879 -0.007884545 0.999136746 -0.009436556 0.039680921
1695814390.281000 3.151077271 0.524898529 19.690368652 -0.006975630 0.999178231 -0.009124141 0.038871162
1695814390.453000 3.158211231 0.525737405 19.619049072 -0.007261563 0.999149084 -0.009609791 0.039446950
1695814390.625000 3.161595345 0.525707424 19.548610687 -0.006155510 0.999130428 -0.007369317 0.040572569
1695814390.799000 3.168483257 0.526575089 19.478130341 -0.007455412 0.999195099 -0.003530566 0.039257571
1695814390.971000 3.172903061 0.525500238 19.407142639 -0.009545540 0.999156237 -0.007425589 0.039251309
1695814391.142000 3.178432941 0.525585234 19.338588715 -0.009016207 0.999128997 -0.010551357 0.039351877
1695814391.313000 3.201086044 0.529258490 19.311374664 -0.009297831 0.999223292 -0.008639911 0.037306413
1695814391.482000 3.198609352 0.526076078 19.223035812 -0.007671820 0.999210358 -0.008312628 0.038088638
1695814391.658000 3.210032940 0.528277099 19.165224075 -0.007289108 0.999237418 -0.009393231 0.037193168
1695814391.829000 3.215243816 0.528267443 19.099220276 -0.006687625 0.999233902 -0.009897995 0.037267916
1695814392.000000 3.212365627 0.524953365 19.027284622 -0.007324206 0.999190152 -0.009022884 0.038522519
1695814392.172000 3.213492393 0.524398565 18.961147308 -0.006065823 0.999165058 -0.009116281 0.039360739
1695814392.339000 3.217148781 0.526474535 18.897789001 -0.008694120 0.999131918 -0.009849302 0.039533418
1695814392.508000 3.225137711 0.524531841 18.839366913 -0.007880029 0.999186933 -0.010247947 0.038189866
1695814392.681000 3.233590126 0.523316503 18.772676468 -0.006213447 0.999168634 -0.009028223 0.039267782
1695814392.849000 3.234071732 0.523619592 18.769241333 -0.004265120 0.999196351 -0.011496622 0.038163178
1695814393.015000 3.224649906 0.515643239 18.747257233 -0.010607805 0.999152184 -0.008657403 0.038825907
1695814393.182000 3.215806961 0.517394245 18.742860794 -0.009741185 0.999171376 -0.005008950 0.039200898
1695814393.362000 3.194366455 0.511154473 18.758396149 -0.010219270 0.999107540 -0.004190566 0.040769134
1695814393.527000 3.187551498 0.509509683 18.754392624 -0.012691332 0.999125719 -0.005722277 0.039420020
1695814393.695000 3.206211090 0.507827342 18.671957016 -0.014400592 0.999145925 -0.004967287 0.038411964
1695814393.860000 3.214342594 0.503312230 18.590133667 -0.025512513 0.998939514 -0.005342272 0.037953928
