1695372511.107000 -0.000084523 -0.000007404 0.023167485 0.000070360 0.000162020 -0.000161702 1.000000000
1695372511.230000 -0.000073911 -0.000251904 0.040782116 -0.000096921 0.000050511 0.000038209 1.000000000
1695372511.346000 -0.000144583 -0.000027596 0.034253486 0.000130198 0.000219874 -0.000048959 1.000000000
1695372511.466000 0.000079175 -0.000282094 0.056522742 -0.000145397 0.000082531 -0.000153101 1.000000000
1695372511.589000 -0.000082723 -0.000170121 0.080211684 -0.000032132 0.000226743 -0.000211545 0.999999940
1695372511.709000 -0.000039381 -0.000192285 0.102855749 -0.000016247 0.000184886 -0.000220751 0.999999940
1695372511.830000 0.000010647 -0.000286585 0.125506982 -0.000050194 0.000225216 -0.000242867 0.999999940
1695372511.950000 0.000056334 -0.000189742 0.148027763 -0.000006449 0.000211158 -0.000337135 0.999999940
1695372512.072000 -0.000057493 -0.000239650 0.170485884 0.000057260 0.000337298 -0.000377020 0.999999881
1695372512.189000 -0.000073183 -0.000292632 0.192749694 0.000000763 0.000391169 -0.000390743 0.999999821
1695372512.311000 -0.000053286 -0.000151572 0.215202689 0.000148928 0.000442241 -0.000451926 0.999999821
1695372512.428000 0.000026729 -0.000213126 0.237079084 0.000140937 0.000368925 -0.000222142 0.999999940
1695372512.549000 0.000108994 -0.000344878 0.259366304 -0.000071428 0.000234571 -0.000219300 0.999999940
1695372512.666000 0.000270594 -0.000312833 0.281350344 0.000047747 0.000076503 -0.000268785 1.000000000
1695372512.786000 0.000458114 -0.000374880 0.303600281 0.000040784 0.000088774 -0.000200477 1.000000000
1695372512.907000 0.000461498 -0.000362178 0.325833499 0.000020003 -0.000045087 -0.000068899 1.000000000
1695372513.026000 0.000386101 -0.000345809 0.348158211 0.000153420 -0.000035883 0.000030048 1.000000000
1695372513.247000 0.000333977 -0.000230110 0.391193658 0.000183881 0.000157294 -0.000163039 1.000000000
1695372513.377000 0.000249082 -0.000192024 0.417347848 0.000265865 0.000084647 -0.000398898 0.999999940
1695372513.495000 0.000657020 -0.000140648 0.435608804 0.000228927 -0.000013829 -0.000090842 1.000000000
1695372513.615000 0.000570709 0.000187642 0.461448431 0.000283425 0.000174923 -0.000409763 0.999999881
1695372513.734000 0.001076559 -0.000083258 0.479546964 0.000338769 -0.000175140 -0.000358056 0.999999881
1695372513.851000 0.000483663 0.000536410 0.503643572 0.000152751 0.000105667 -0.000659227 0.999999821
1695372513.968000 0.000767971 0.000170570 0.522499979 0.000208159 -0.000266556 -0.000110386 0.999999940
1695372514.085000 0.000575287 0.000036714 0.545124888 0.000269881 0.000126848 0.000234330 1.000000000
1695372514.201000 0.000569259 0.000128674 0.565062165 0.000464765 -0.000080519 -0.000022991 0.999999881
1695372514.314000 -0.000092422 0.000998232 0.588300407 0.000894272 0.000337042 -0.000386112 0.999999523
1695372514.431000 0.000712189 0.000004091 0.607241988 0.000348007 -0.000161475 -0.000219667 0.999999940
1695372514.546000 0.000311552 0.000034029 0.629943013 0.000265530 -0.000023451 -0.000320842 0.999999940
1695372514.661000 0.000573338 -0.000220645 0.649297535 0.000209993 -0.000027738 -0.000162109 1.000000000
1695372514.778000 0.000511291 -0.000241049 0.672639370 0.000258690 -0.000143749 -0.000083757 1.000000000
1695372514.892000 0.000251724 0.000072226 0.691414893 0.000515115 -0.000100114 -0.000201419 0.999999881
1695372515.008000 0.000303125 -0.000510859 0.714302540 0.000222030 -0.000410173 -0.000194125 0.999999940
1695372515.119000 0.000613531 -0.000323079 0.732655764 0.000125583 -0.000435983 -0.000120202 0.999999881
1695372515.233000 -0.000193167 -0.000356156 0.754729867 -0.000001513 -0.000051159 -0.000107893 1.000000000
1695372515.347000 -0.000197170 -0.000112602 0.774196029 0.000285186 0.000175127 -0.000235283 0.999999940
1695372515.460000 0.000179278 -0.000291630 0.795811057 0.000236121 -0.000476074 0.000126425 0.999999881
1695372515.574000 0.000313423 -0.000353438 0.814773321 -0.000048525 -0.000433393 -0.000211895 0.999999881
1695372515.692000 -0.000178360 0.000041496 0.837277591 0.000247969 -0.000093718 -0.000409862 0.999999881
1695372515.805000 0.000058164 -0.000213420 0.856423378 0.000053877 -0.000025151 -0.000397791 0.999999940
1695372515.917000 -0.000144920 -0.000107949 0.878475368 0.000107459 0.000285259 -0.000393420 0.999999881
1695372516.028000 -0.000047796 -0.000458668 0.897125721 0.000040955 0.000116883 -0.000321003 0.999999940
1695372516.137000 0.000105315 -0.000726071 0.918829501 -0.000131384 0.000092565 -0.000384011 0.999999940
1695372516.250000 0.000146161 -0.000465145 0.938002706 0.000195965 -0.000044580 -0.000512847 0.999999881
1695372516.364000 -0.000246990 -0.000807371 0.958871305 -0.000480092 0.000055096 -0.000010928 0.999999881
1695372516.474000 0.000041813 -0.000664854 0.978873730 0.000066389 -0.000049466 -0.000105957 1.000000000
1695372516.587000 0.000027686 -0.001281028 1.000441909 -0.000546643 0.000125844 -0.000070562 0.999999881
1695372516.700000 -0.000001074 -0.000373754 1.019625902 0.000149743 0.000037270 -0.000508780 0.999999881
1695372516.813000 0.000412906 -0.001090694 1.040422320 -0.000140231 -0.000125021 0.000362002 1.000000000
1695372516.924000 -0.000404143 -0.000679942 1.062625766 -0.000060812 0.000030452 -0.000207560 1.000000000
1695372517.034000 -0.000210818 -0.000222462 1.080005646 0.000251981 0.000184023 -0.000472113 0.999999821
1695372517.146000 -0.000574181 -0.000286139 1.101974010 0.000014754 0.000341742 -0.000683696 0.999999762
1695372517.257000 -0.000664288 -0.000633376 1.123194814 -0.000220153 0.000296951 -0.000524545 0.999999881
1695372517.370000 -0.000193277 -0.000355815 1.140605807 0.000342949 0.000137707 -0.000776386 0.999999642
1695372517.480000 -0.000460049 -0.000124629 1.161578655 0.000422603 0.000456028 -0.000695686 0.999999642
1695372517.592000 -0.000397466 -0.000002614 1.181738615 0.000390868 0.000449219 -0.001319806 0.999998987
1695372517.705000 -0.000020787 -0.000496780 1.201946259 0.000434935 -0.000126933 -0.000715952 0.999999642
1695372517.820000 -0.000192798 0.000396704 1.223023534 0.001140941 0.000202632 -0.001753192 0.999997854
1695372517.925000 -0.000829920 -0.000072644 1.243822813 0.000703936 0.000526392 -0.000816844 0.999999285
1695372518.034000 -0.000229383 -0.000586983 1.262759566 0.000341472 0.000135130 -0.000660704 0.999999762
1695372518.145000 -0.000234529 -0.000869579 1.282149792 -0.000130683 -0.000308404 -0.000106209 1.000000000
1695372518.254000 0.000404417 -0.001145324 1.303405643 0.000146616 -0.000125419 -0.000706414 0.999999821
1695372518.360000 0.000337733 -0.001004075 1.322448730 0.000123753 0.000037919 -0.001007196 0.999999523
1695372518.470000 0.000172746 -0.000395804 1.343117476 0.000608426 0.000449839 -0.001012217 0.999999285
1695372518.585000 0.000266753 -0.000483756 1.364760518 0.000617681 0.000360805 -0.001316679 0.999998927
1695372518.707000 0.000132142 -0.001093518 1.384402514 0.000259453 0.000077558 -0.001029126 0.999999464
1695372518.830000 0.001403312 -0.001634130 1.408945084 0.000313988 -0.000365006 -0.001228619 0.999999166
1695372518.952000 0.000068834 -0.001139729 1.430095077 0.000036737 0.000074549 -0.001207142 0.999999344
1695372519.275000 0.001393481 -0.001707528 1.487269878 0.000049195 -0.000465883 -0.000881500 0.999999523
1695372519.406000 -0.002522365 -0.002186062 1.512064338 0.000160678 0.000799592 -0.001046411 0.999999166
1695372519.515000 0.001459803 0.000525678 1.538111925 0.000874738 -0.000760006 -0.000704924 0.999999106
1695372519.622000 0.001486659 -0.001629755 1.554761052 0.000117763 -0.000634074 -0.000875675 0.999999404
1695372519.731000 0.002846461 -0.001193274 1.573675036 0.000169663 -0.000783604 -0.001155787 0.999999046
1695372519.841000 0.002014871 -0.001324527 1.596875668 0.000164282 -0.000890257 -0.000461798 0.999999523
1695372519.947000 0.001235337 -0.001777121 1.614426970 0.000010232 0.008358774 -0.000654803 0.999964893
1695372520.058000 0.001767559 -0.002054093 1.634684682 0.000088267 0.034884777 -0.001045264 0.999390841
1695372520.165000 0.003113332 -0.001508451 1.653900027 0.000178356 0.034666616 -0.001027254 0.999398470
1695372520.522000 0.009077737 -0.001795548 1.720373034 0.000091736 0.060439795 -0.001004086 0.998171329
1695372520.636000 0.011241086 -0.002699120 1.739748120 -0.000283607 0.060522210 -0.000928042 0.998166442
1695372520.743000 0.013048385 -0.003348845 1.760202527 -0.000484138 0.060685765 -0.000746397 0.998156548
1695372520.851000 0.013553304 -0.001045407 1.779999375 0.000375452 0.096285976 -0.000705979 0.995353401
1695372520.961000 0.017036984 -0.001955776 1.799562216 0.000180421 0.096238457 -0.000455737 0.995358229
1695372521.069000 0.019791346 -0.000780502 1.821318984 0.000877221 0.113965899 -0.000211001 0.993484259
1695372521.184000 0.025091153 -0.000965993 1.838640451 0.000328886 0.122530401 -0.000408782 0.992464662
1695372521.291000 0.028466564 -0.001026393 1.857648373 0.000665211 0.122246645 0.000511451 0.992499411
1695372521.399000 0.023177590 0.000334652 1.876106143 0.000300315 0.142634854 -0.000340684 0.989775360
1695372521.509000 0.045255743 -0.001646218 1.895707011 0.000247779 0.155799791 -0.000795115 0.987788320
1695372521.616000 0.048721448 -0.000525942 1.914947271 0.000592582 0.156430960 -0.000761150 0.987688482
1695372521.727000 0.056006782 -0.000191409 1.934758306 0.000948254 0.156353384 -0.000670774 0.987700522
1695372521.835000 0.062701941 -0.002698982 1.952234745 -0.000252840 0.155949891 -0.000268820 0.987764955
1695372521.943000 0.069629155 -0.001677387 1.971354008 0.000374581 0.155563444 -0.000530238 0.987825692
1695372522.048000 0.076111309 -0.002085380 1.990395546 0.000422887 0.155310839 -0.000531054 0.987865448
1695372522.155000 0.082051761 -0.002315814 2.007859230 0.000248293 0.155289724 -0.000317480 0.987868905
1695372522.260000 0.087700501 -0.001641841 2.026865721 0.000375725 0.155483365 -0.000436443 0.987838328
1695372522.365000 0.093551800 -0.001613459 2.044621229 0.000384118 0.155465320 -0.000349542 0.987841249
1695372522.472000 0.099828899 -0.001100397 2.064023495 0.000748988 0.155430689 -0.000629034 0.987846315
1695372522.578000 0.105797157 -0.002079173 2.082662582 0.000192760 0.172710434 -0.000279325 0.984972596
1695372522.689000 0.111431092 -0.002272791 2.100168228 -0.000078809 0.181428686 -0.000231295 0.983404100
1695372522.796000 0.119496658 -0.001870207 2.118809938 0.000449419 0.181216538 -0.000120378 0.983443141
1695372522.907000 0.126412615 -0.002307391 2.138514280 0.000223590 0.181538537 -0.000293355 0.983383775
1695372523.017000 0.132687360 -0.002561799 2.156182766 0.000098794 0.181710094 -0.000150992 0.983352184
1695372523.119000 0.139842004 -0.002312498 2.172886133 0.000006233 0.181330636 -0.000421785 0.983422101
1695372523.226000 0.147128254 -0.002581985 2.193067312 -0.000109323 0.181512356 -0.000255540 0.983388662
1695372523.331000 0.154298007 -0.002646161 2.210896492 0.000218852 0.181402013 -0.000148345 0.983409047
1695372523.436000 0.160948321 -0.002548667 2.227955818 0.000068933 0.180984557 0.000026814 0.983485937
1695372523.541000 0.167551041 -0.002400736 2.247251034 0.000131990 0.181588888 -0.000304168 0.983374476
1695372523.646000 0.173979104 -0.002292050 2.264746666 0.000023653 0.181507751 -0.000135635 0.983389556
1695372523.753000 0.180960000 -0.001752950 2.282991171 0.000296312 0.181647763 -0.000521425 0.983363569
1695372523.860000 0.187355772 -0.002192465 2.301487684 0.000130566 0.181931034 0.000010876 0.983311296
1695372523.963000 0.194251195 -0.002379618 2.318747997 0.000167504 0.181772619 -0.000056365 0.983340621
1695372524.068000 0.200113043 -0.002292137 2.336706877 0.000187938 0.182256356 -0.000093873 0.983251095
1695372524.173000 0.208070219 -0.002060851 2.355752468 0.000372302 0.181796536 0.000134375 0.983336091
1695372524.279000 0.214467406 -0.002175675 2.373336315 0.000177630 0.181822315 0.000053781 0.983331382
1695372524.458000 0.226633385 -0.001855962 2.404971838 0.000593284 0.181720287 -0.000104426 0.983350098
1695372524.566000 0.233568490 -0.001795925 2.423222542 0.000666004 0.181714281 -0.000078884 0.983351171
1695372524.669000 0.240361676 -0.001736258 2.440690041 0.000848959 0.181731164 0.000023841 0.983347952
1695372524.773000 0.246312961 -0.002072120 2.458710432 0.000518019 0.182053000 0.000216202 0.983288586
1695372524.878000 0.253252506 -0.001866861 2.476134062 0.000689660 0.181954965 0.000143994 0.983306646
1695372524.981000 0.259734809 -0.001807824 2.492751122 0.001011603 0.216408238 -0.000053154 0.976302505
1695372525.088000 0.269026637 -0.002038046 2.511327982 0.000401723 0.224565551 0.000020660 0.974458933
1695372525.191000 0.276411951 -0.002275633 2.527747869 0.000369794 0.224888623 0.000324262 0.974384427
1695372525.299000 0.284686804 -0.002911067 2.543971777 0.000025918 0.224679589 0.000532461 0.974432588
1695372525.399000 0.293330401 -0.002547149 2.562123060 0.000160083 0.224638298 0.000179228 0.974442184
1695372525.505000 0.301865220 -0.002942632 2.578583956 -0.000101924 0.224466309 0.000623837 0.974481702
1695372525.609000 0.309865505 -0.002701882 2.595496178 0.000175027 0.224640787 0.000154314 0.974441648
1695372525.711000 0.318206221 -0.002656544 2.612972975 0.000348869 0.224491134 0.000492459 0.974475980
1695372525.815000 0.326302946 -0.002363323 2.629694700 0.000501494 0.224779040 0.000320588 0.974409580
1695372525.920000 0.335037917 -0.002897373 2.647309542 0.000087270 0.224427551 0.000579902 0.974490643
1695372526.022000 0.343105435 -0.002993158 2.663419724 0.000042947 0.224630684 0.000374966 0.974443972
1695372526.125000 0.351209283 -0.002739362 2.680829763 0.000228681 0.224509224 0.000464915 0.974471807
1695372526.229000 0.358892232 -0.003194888 2.696243286 -0.000130028 0.224683627 0.000206514 0.974431753
1695372526.330000 0.367670715 -0.002811874 2.714593172 0.000235911 0.224452153 0.000531326 0.974484921
1695372526.432000 0.375452518 -0.002766553 2.730752945 0.000177707 0.224722266 0.000295962 0.974422812
1695372526.532000 0.384113044 -0.002968925 2.748150110 0.000147527 0.224203348 0.000707812 0.974542141
1695372526.636000 0.391967535 -0.003194936 2.764230728 -0.000017366 0.224304587 0.000554702 0.974518955
1695372526.741000 0.400903612 -0.003196904 2.782150745 0.000193679 0.224041373 0.000370294 0.974579573
1695372526.843000 0.409241647 -0.003132948 2.798951149 0.000253266 0.224110425 0.000396750 0.974563718
1695372526.948000 0.416611373 -0.003365053 2.815102100 0.000023528 0.224419579 0.000605367 0.974492431
1695372527.050000 0.425364256 -0.003515519 2.832993507 0.000030616 0.224065080 0.000817038 0.974573851
1695372527.153000 0.433363616 -0.004038383 2.849627972 -0.000343055 0.224009737 0.000878333 0.974586487
1695372527.255000 0.440429240 -0.003020481 2.865976810 0.000666054 0.224562839 0.000023908 0.974459469
1695372527.356000 0.448590845 -0.004144062 2.883429289 -0.000096774 0.224345103 0.000353985 0.974509716
1695372527.455000 0.454190493 -0.005055331 2.899195194 -0.000565404 0.225317985 0.000908548 0.974284708
1695372527.555000 0.464953184 -0.004171249 2.915736198 -0.000314784 0.224160686 0.000915217 0.974551797
1695372527.657000 0.471145272 -0.004384324 2.931781292 -0.000125948 0.224621028 0.000495990 0.974446058
1695372527.758000 0.479195476 -0.004286007 2.948671103 -0.000343329 0.224669799 0.000591193 0.974434793
1695372527.861000 0.488828570 -0.004700745 2.965543747 -0.000212259 0.223847300 0.000694465 0.974624038
1695372527.961000 0.492929220 -0.004828692 2.980932713 -0.000452710 0.225275189 0.000772633 0.974294782
1695372528.062000 0.502948642 -0.004954011 2.998427153 -0.000202413 0.224398300 0.000853024 0.974497139
1695372528.161000 0.509088397 -0.004673778 3.012758017 -0.000324132 0.224898607 0.001132275 0.974381506
1695372528.260000 0.520376980 -0.002472743 3.036871195 0.000544674 0.225075752 0.000040127 0.974341094
1695372528.357000 0.528622270 -0.003047346 3.053047895 0.000473283 0.224956676 -0.000063407 0.974368632
1695372528.466000 0.549924731 -0.004742690 3.067588568 -0.001310370 0.220034286 0.002773481 0.975487351
1695372528.579000 0.546629846 -0.002877355 3.090213299 0.000482668 0.224664614 0.000862895 0.974435687
1695372528.675000 0.554362237 -0.001810960 3.105048180 0.000485179 0.225190997 -0.001312033 0.974313736
1695372528.774000 0.560524583 -0.000913740 3.118110180 0.001011385 0.225797638 -0.002059018 0.974171579
1695372528.872000 0.569878399 -0.002550756 3.139204502 0.000583852 0.224743262 0.001186971 0.974417150
1695372528.971000 0.578227401 -0.002536623 3.155985355 0.000727500 0.224706441 0.001396279 0.974425256
1695372529.070000 0.587674916 -0.002516176 3.174276114 0.000926593 0.223676696 0.001684109 0.974661529
1695372529.170000 0.594478965 -0.002672801 3.189147234 0.000608957 0.224343956 0.001492372 0.974508703
1695372529.268000 0.602470875 -0.002479995 3.205995321 0.000509989 0.224101856 0.001290116 0.974564791
1695372529.365000 0.610305488 -0.002645236 3.222529888 0.000813337 0.224362984 0.001324796 0.974504471
1695372529.465000 0.619914234 -0.002752490 3.242082834 0.000493355 0.224260658 0.001587542 0.974527776
1695372529.581000 0.626854599 -0.002458953 3.257990837 0.000789287 0.224344909 0.001919765 0.974507630
1695372529.678000 0.634526730 -0.003005118 3.273341179 0.000670113 0.224322915 0.001666878 0.974513233
1695372529.776000 0.642886341 -0.002953198 3.290393114 0.000743788 0.224141106 0.001722468 0.974554956
1695372529.876000 0.652442813 -0.002644479 3.310178041 0.000894135 0.224230170 0.001588199 0.974534512
1695372529.971000 0.657822847 -0.002443862 3.322346926 0.001107819 0.224309042 0.001030493 0.974516928
1695372530.376000 0.688684165 -0.003270231 3.388479710 0.000703354 0.224412739 0.002723338 0.974490106
1695372530.485000 0.695944846 -0.003035798 3.403625727 0.000743484 0.224836126 0.001585855 0.974395037
1695372530.580000 0.703004360 -0.003536909 3.417789221 0.000356166 0.224694714 0.002650309 0.974425614
1695372530.677000 0.710539520 -0.002691158 3.434866905 0.000979762 0.224515915 0.002576823 0.974466503
1695372530.775000 0.719058216 -0.002323693 3.450427532 0.001306964 0.224118426 0.002574455 0.974557638
1695372530.871000 0.726572216 -0.002465178 3.465720177 0.001198834 0.224456459 0.001841461 0.974481642
1695372530.970000 0.734204054 -0.002384709 3.480573177 0.001435070 0.224242002 0.001608950 0.974531114
1695372531.065000 0.742089570 -0.003197922 3.498083830 0.000710197 0.223924845 0.003099398 0.974601209
1695372531.177000 0.751820743 -0.003249817 3.516640425 0.000820304 0.223532408 0.003271967 0.974690735
1695372531.279000 0.759217620 -0.003138632 3.532075405 0.000713828 0.223836482 0.003123092 0.974621475
1695372531.373000 0.765276432 -0.003434923 3.547886848 0.000686590 0.224320799 0.003548313 0.974508703
1695372531.468000 0.772172809 -0.003546038 3.563238859 0.000739109 0.224489078 0.003298040 0.974470735
1695372531.563000 0.780238688 -0.003783149 3.577742100 0.000681606 0.224218175 0.003574039 0.974532247
1695372531.656000 0.787205279 -0.003469138 3.593400717 0.000701421 0.224409148 0.003941282 0.974486768
1695372531.752000 0.793773234 -0.003294103 3.607738018 0.000704753 0.224637806 0.003992621 0.974433899
1695372531.847000 0.801045954 -0.003284208 3.622917414 0.000773062 0.224680126 0.003469201 0.974426150
1695372531.943000 0.809252143 -0.003672180 3.638558865 0.000568222 0.224446893 0.003473341 0.974479973
1695372532.040000 0.816454470 -0.003748720 3.653487206 0.000313521 0.224821866 0.003808176 0.974392474
1695372532.135000 0.823846698 -0.003718109 3.667677641 0.000367416 0.224665061 0.003855397 0.974428356
1695372532.229000 0.830346107 -0.003575752 3.682465315 0.000716520 0.225235999 0.003413408 0.974298060
1695372532.324000 0.840505838 -0.003278675 3.703034878 0.001052608 0.224485934 0.003779538 0.974469423
1695372532.415000 0.845642328 -0.003474157 3.713522673 0.000946415 0.224631160 0.003483968 0.974437177
1695372532.508000 0.852609932 -0.003473937 3.727760792 0.000716925 0.224596828 0.003725894 0.974444389
1695372532.602000 0.861883461 -0.003616714 3.747047901 0.000685566 0.224460438 0.003983780 0.974474847
1695372532.719000 0.870203912 -0.003410329 3.764840603 0.000683679 0.224865258 0.003655258 0.974382818
1695372532.832000 0.877216101 -0.003685057 3.780051470 0.000598279 0.225004435 0.003845055 0.974350035
1695372532.926000 0.884771168 -0.003719029 3.794856310 0.000548492 0.224608347 0.003781047 0.974441648
1695372533.018000 0.894060910 -0.003980512 3.812948465 0.000591020 0.224598825 0.003991799 0.974443018
1695372533.110000 0.900189817 -0.003738100 3.828100204 0.000537289 0.224938259 0.004184248 0.974363923
1695372533.221000 0.907866776 -0.003950196 3.841843843 0.000431321 0.224429429 0.004143231 0.974481463
1695372533.312000 0.916348577 -0.004385476 3.859303236 0.000234501 0.224213764 0.004356384 0.974530220
1695372533.427000 0.924943805 -0.004159309 3.877892733 0.000587798 0.224722087 0.003982957 0.974414647
1695372533.542000 0.933732033 -0.003542032 3.895787239 0.000876133 0.224553868 0.004032619 0.974452913
1695372533.651000 0.940938354 -0.003553246 3.909393787 0.000883830 0.224313140 0.003798150 0.974509358
1695372533.742000 0.949276090 -0.003326316 3.927218199 0.001133134 0.224379376 0.003878995 0.974493504
1695372533.854000 0.957698405 -0.003775852 3.945139885 0.000821655 0.224244148 0.004676932 0.974521458
1695372533.966000 0.966696084 -0.003704625 3.963204145 0.001071260 0.223997444 0.004651921 0.974578083
1695372534.074000 0.974632084 -0.003744861 3.979833603 0.000971236 0.224107876 0.004658530 0.974552810
1695372534.165000 0.981592238 -0.004224313 3.993940592 0.000692717 0.224171072 0.005094626 0.974536240
1695372534.276000 0.986308992 -0.003881732 4.010334969 0.000702872 0.225947812 0.005221752 0.974125206
1695372534.389000 0.997694314 -0.004274515 4.027644634 0.000412818 0.224117249 0.005255132 0.974547982
1695372534.499000 1.005635500 -0.004301497 4.042862892 0.000492049 0.224018827 0.005145211 0.974571109
1695372534.589000 1.014120579 -0.004618329 4.059724331 0.000464165 0.223700359 0.005392062 0.974642992
1695372534.698000 1.022287607 -0.004031359 4.076130390 0.000674816 0.223713487 0.005097669 0.974641383
1695372534.807000 1.030367613 -0.004119612 4.094081879 0.000888732 0.224023372 0.005086034 0.974570155
1695372534.918000 1.037164807 -0.004576001 4.110246658 0.000619316 0.224501908 0.005519918 0.974457920
1695372535.023000 1.047189593 -0.004194147 4.127699852 0.000688706 0.223670542 0.005434284 0.974649429
1695372535.132000 1.055050611 -0.004239595 4.144442558 0.000878416 0.223742485 0.005143681 0.974634349
1695372535.239000 1.062155724 -0.003984397 4.160566330 0.000990307 0.224413440 0.005150055 0.974479914
1695372535.347000 1.065879583 -0.004347014 4.176562309 0.000484856 0.226329088 0.005822666 0.974033415
1695372535.451000 1.078990221 -0.004200837 4.193948746 0.000858803 0.223779425 0.005397172 0.974624515
1695372535.557000 1.087770581 -0.004205378 4.210060596 0.000951671 0.223414049 0.004859400 0.974711061
1695372535.942000 1.115496993 -0.004622538 4.268552780 0.000776296 0.223603889 0.005678892 0.974663258
1695372536.046000 1.121870875 -0.004895795 4.285144806 0.000576392 0.224364489 0.005420788 0.974490106
1695372536.152000 1.130448222 -0.004631207 4.300937176 0.000979857 0.223854601 0.005844560 0.974604547
1695372536.259000 1.138994098 -0.004535124 4.317572594 0.000891717 0.223392144 0.006084384 0.974709272
1695372536.366000 1.145786881 -0.004314668 4.333114624 0.000948728 0.223634258 0.006224737 0.974652827
1695372536.473000 1.151349306 -0.003967179 4.349094868 0.000968144 0.224932015 0.005888736 0.974356234
1695372536.579000 1.162227154 -0.004640058 4.366850853 0.000981660 0.223998636 0.005624379 0.974572778
1695372536.835000 1.178770542 -0.004163108 4.404818535 0.001073280 0.223855644 0.006974546 0.974596798
1695372536.940000 1.189360142 -0.004577274 4.421739101 0.000948636 0.223575726 0.005798736 0.974668860
1695372537.045000 1.196377754 -0.005169932 4.437037468 0.000578643 0.223701894 0.006078562 0.974638522
1695372537.150000 1.203117728 -0.004546052 4.452410221 0.000733634 0.224187553 0.006409243 0.974524677
1695372537.256000 1.211413383 -0.004812614 4.469498634 0.000580981 0.224015355 0.006335573 0.974564850
1695372537.361000 1.219304562 -0.004461435 4.485035896 0.000848900 0.223601535 0.006034692 0.974661589
1695372537.467000 1.225959778 -0.003894766 4.501244068 0.001568209 0.224083155 0.006297718 0.974548399
1695372537.571000 1.231901526 -0.004271954 4.516208649 0.000817422 0.224614248 0.006891397 0.974423051
1695372537.678000 1.241641521 -0.004334601 4.533778667 0.001103250 0.224261835 0.006194180 0.974508643
1695372537.781000 1.249468565 -0.004685278 4.548789501 0.000711301 0.223768041 0.006863290 0.974618018
1695372537.885000 1.255687118 -0.004373599 4.564466953 0.001009707 0.224294230 0.006416074 0.974499822
1695372537.988000 1.264436364 -0.004477885 4.580972195 0.000987903 0.224149302 0.006480861 0.974532783
1695372538.093000 1.272080898 -0.004718015 4.596267700 0.000702072 0.223760292 0.006957332 0.974619150
1695372538.197000 1.280315280 -0.004849845 4.612312794 0.000700038 0.223684981 0.006594394 0.974638939
1695372538.298000 1.287659407 -0.004876059 4.627603054 0.000582585 0.223655790 0.006714015 0.974644959
1695372538.413000 1.290376306 -0.004310858 4.634611607 0.001267537 0.223956272 0.006838297 0.974574387
1695372538.497000 1.300470233 -0.004691529 4.658132553 0.001160624 0.224578738 0.007512619 0.974426329
1695372538.602000 1.306945682 -0.005114049 4.673211098 0.000733722 0.224670321 0.008212937 0.974399984
1695372538.706000 1.313383698 -0.004703760 4.689042568 0.001081949 0.225389481 0.007297962 0.974240839
1695372538.812000 1.324286461 -0.004815303 4.706013203 0.000970958 0.224084288 0.007151132 0.974543035
1695372538.913000 1.331260324 -0.004522587 4.721241951 0.001248884 0.224294677 0.007167834 0.974494219
1695372539.015000 1.338136315 -0.004898071 4.736884117 0.001301910 0.224577859 0.007507019 0.974426389
1695372539.118000 1.346663117 -0.005729355 4.751853466 0.000581051 0.223655894 0.007854208 0.974636376
1695372539.219000 1.354205728 -0.005044707 4.767667294 0.000950922 0.207010433 0.007126613 0.978312373
1695372539.324000 1.361398339 -0.005320680 4.783386707 0.000771546 0.180597559 0.007111069 0.983531117
1695372539.423000 1.365352035 -0.005540293 4.798318386 0.000609799 0.181526646 0.008214308 0.983351588
1695372539.524000 1.372478008 -0.005139154 4.815491199 0.000938296 0.181525454 0.007366968 0.983358264
1695372539.625000 1.379360437 -0.005484549 4.831241608 0.000747276 0.181087032 0.007270750 0.983439922
1695372539.727000 1.385064721 -0.004814598 4.847436428 0.001269562 0.181189463 0.007189342 0.983421147
1695372539.828000 1.390838861 -0.004707280 4.863021851 0.001365120 0.181175053 0.007257617 0.983423173
1695372539.926000 1.396396995 -0.004637756 4.877938271 0.001321813 0.181093469 0.007596812 0.983435690
1695372540.027000 1.401961088 -0.004427754 4.893842220 0.001414099 0.181420937 0.007583035 0.983375311
1695372540.126000 1.408885598 -0.005051962 4.909876347 0.001168481 0.180989802 0.007686362 0.983454287
1695372540.228000 1.415255904 -0.004620199 4.925194740 0.001652722 0.180852532 0.006772291 0.983485520
1695372540.328000 1.420034885 -0.005139668 4.939765453 0.001500279 0.181930125 0.006309697 0.983290136
1695372540.428000 1.426055193 -0.005098656 4.953757286 0.001026494 0.181588739 0.007272060 0.983347118
1695372540.526000 1.433139920 -0.004800228 4.972912788 0.001530100 0.181089506 0.007227620 0.983438849
1695372540.626000 1.438357472 -0.004193060 4.989750862 0.002227790 0.181032553 0.007503260 0.983446002
1695372540.724000 1.445075035 -0.005021851 5.002993584 0.001661690 0.180585667 0.006142088 0.983538747
1695372540.820000 1.450603008 -0.004858674 5.016169071 0.001064959 0.180772096 0.007072019 0.983499050
1695372540.918000 1.457199216 -0.004920943 5.032006264 0.001406628 0.180608079 0.006758520 0.983530939
1695372541.017000 1.462757707 -0.004890920 5.047761917 0.001551925 0.180672690 0.006595093 0.983519971
1695372541.114000 1.468062162 -0.004715645 5.062209129 0.001552606 0.181208432 0.006788936 0.983420134
1695372541.212000 1.474112868 -0.004737226 5.077849865 0.001674357 0.180774182 0.006613623 0.983500957
1695372541.488000 1.489463210 -0.004917951 5.119229317 0.001531561 0.181048498 0.006661846 0.983450472
1695372541.580000 1.495565772 -0.005097890 5.134880066 0.001423515 0.180968210 0.006564727 0.983466029
1695372541.677000 1.501261115 -0.005025102 5.150475502 0.001518133 0.181169078 0.006449897 0.983429611
1695372541.776000 1.506368995 -0.004787632 5.164948940 0.001916332 0.181033745 0.006579178 0.983453095
1695372541.871000 1.511158943 -0.005623420 5.179870605 0.001127443 0.181416720 0.007125309 0.983379900
1695372541.969000 1.518510222 -0.004994127 5.195615292 0.001703888 0.180802464 0.006470667 0.983496726
1695372542.065000 1.523819208 -0.004838077 5.210014343 0.001873019 0.181048080 0.006714303 0.983449578
1695372542.162000 1.529568315 -0.004355625 5.225256443 0.002325938 0.181204826 0.006220968 0.983422995
1695372542.257000 1.535473228 -0.005032156 5.240324020 0.001896146 0.180942327 0.006299221 0.983471751
1695372542.355000 1.540591598 -0.004934923 5.254586220 0.001766514 0.180988297 0.006846275 0.983459890
1695372542.447000 1.546262383 -0.004823165 5.267248154 0.001957549 0.180690885 0.006907645 0.983513772
1695372542.544000 1.552281499 -0.005190536 5.284452438 0.001769698 0.180571705 0.006757883 0.983537018
1695372542.639000 1.558156610 -0.005292307 5.298884392 0.001930754 0.180504426 0.006261546 0.983552396
1695372542.738000 1.564561486 -0.005760442 5.313140869 0.001406301 0.179506168 0.006244077 0.983736038
1695372542.833000 1.569817185 -0.005769469 5.329275131 0.001389911 0.180442974 0.006584000 0.983562410
1695372542.928000 1.575395703 -0.005431849 5.344027042 0.001718527 0.180468485 0.006567038 0.983557343
1695372543.025000 1.579512477 -0.003872536 5.358418465 0.002486714 0.180996090 0.006116999 0.983461678
1695372543.121000 1.584706068 -0.002435347 5.373182774 0.003734808 0.181635529 0.005266516 0.983344734
1695372543.217000 1.591649652 -0.004761455 5.388051510 0.002091259 0.180663645 0.006643322 0.983520269
1695372543.309000 1.597583890 -0.005544590 5.402639389 0.002254618 0.180487901 0.007286176 0.983547628
1695372543.401000 1.600605845 -0.005083721 5.416424751 0.002004794 0.181683347 0.006411169 0.983334184
1695372543.494000 1.607985735 -0.005396090 5.431538105 0.001839023 0.181010336 0.006949629 0.983454943
1695372543.589000 1.612908125 -0.005188770 5.445253849 0.002051454 0.180909023 0.006842598 0.983473897
1695372543.683000 1.617183566 -0.004762850 5.459268093 0.002195530 0.181440055 0.007164332 0.983373463
1695372543.780000 1.626725912 -0.005767300 5.475027084 0.001848441 0.179531589 0.007038139 0.983725369
1695372543.873000 1.629671335 -0.005198175 5.489190578 0.002005733 0.181038231 0.006679352 0.983451307
1695372543.964000 1.630613089 -0.004272195 5.502861977 0.002223326 0.217199296 0.007057079 0.976099253
1695372544.056000 1.641793847 -0.004672837 5.516682625 0.001964749 0.240782216 0.006247393 0.970557094
1695372544.155000 1.649696589 -0.005267452 5.530667305 0.001775105 0.240601242 0.006588421 0.970600128
1695372544.243000 1.655892849 -0.005940683 5.543824673 0.000883467 0.240825742 0.007407482 0.970539689
1695372544.334000 1.662997007 -0.005481556 5.557028770 0.001423774 0.240772933 0.007284375 0.970553160
1695372544.424000 1.668945432 -0.005321003 5.569780827 0.001669161 0.240735874 0.007031952 0.970563769
1695372544.517000 1.678139567 -0.004977342 5.583785057 0.001754461 0.240409881 0.006551203 0.970647812
1695372544.609000 1.684500813 -0.005776813 5.597549438 0.001522011 0.240615726 0.006766297 0.970595717
1695372544.702000 1.690492868 -0.005989108 5.609946251 0.001358169 0.240796030 0.006885060 0.970550418
1695372544.795000 1.698882341 -0.005038366 5.623919487 0.001838449 0.240390569 0.006639517 0.970651865
1695372544.884000 1.705336332 -0.005141143 5.637402534 0.001911162 0.240574867 0.006432416 0.970607460
1695372544.978000 1.712268114 -0.005671106 5.650749683 0.001626672 0.239931330 0.007134679 0.970762312
1695372545.066000 1.719679832 -0.005025338 5.663681030 0.001856315 0.240328133 0.006653370 0.970667183
1695372545.159000 1.726813793 -0.004987389 5.676824093 0.002001982 0.239939600 0.006793163 0.970762074
1695372545.249000 1.732442856 -0.004975900 5.689400196 0.002096590 0.240511551 0.006682843 0.970620990
1695372545.337000 1.740152001 -0.004959337 5.702097893 0.001945984 0.240463942 0.006516834 0.970634282
1695372545.424000 1.746469975 -0.005016226 5.714632034 0.001858714 0.240424499 0.006101449 0.970646977
1695372545.513000 1.753314376 -0.005142448 5.726795197 0.001584969 0.239833355 0.007006070 0.970787525
1695372545.605000 1.760608196 -0.005026562 5.739645958 0.001895865 0.240173310 0.006055144 0.970709324
1695372545.694000 1.765894055 -0.005356701 5.752436638 0.001590145 0.241094545 0.005911935 0.970482409
1695372545.784000 1.771818757 -0.005733907 5.763833046 0.001530060 0.240880206 0.006488690 0.970531940
1695372545.874000 1.779875636 -0.005116209 5.778642178 0.001884029 0.240853921 0.005423928 0.970544398
1695372545.966000 1.789069414 -0.004738962 5.790375710 0.002337658 0.239444613 0.005325711 0.970892668
1695372546.052000 1.795244932 -0.005343555 5.801333904 0.001952747 0.239714339 0.005261860 0.970827281
1695372546.141000 1.799898028 -0.005403522 5.816235065 0.001524883 0.240763694 0.006041579 0.970563829
1695372546.230000 1.801072955 -0.004855554 5.827733994 0.001608748 0.242228776 0.005616124 0.970201612
1695372546.320000 1.808225155 -0.004443169 5.839976311 0.001661372 0.242227048 0.005703141 0.970201492
1695372546.409000 1.820268750 -0.005208832 5.854179859 0.001816699 0.240639642 0.005540156 0.970597088
1695372546.497000 1.826124430 -0.005179450 5.866706371 0.001843087 0.240720987 0.005934955 0.970574439
1695372546.588000 1.830289125 -0.004880173 5.877911091 0.001942798 0.241486907 0.005648129 0.970385671
1695372546.676000 1.839858294 -0.005045024 5.893052101 0.001830244 0.240930483 0.005169892 0.970526874
1695372546.765000 1.844791174 -0.005345636 5.906696320 0.001884898 0.241591334 0.005336998 0.970361590
1695372546.853000 1.852213025 -0.005469784 5.919749260 0.001903870 0.241584554 0.005163698 0.970364213
1695372547.392000 1.898550987 -0.005418962 5.984164238 0.000906191 0.239818394 0.003399572 0.970811367
1695372547.474000 1.901273727 -0.006572451 5.991019726 0.000728736 0.241127312 0.002803316 0.970489204
1695372547.558000 1.913282633 -0.005653217 5.999071121 0.000196675 0.239053950 0.001326009 0.971005380
1695372547.647000 1.917704105 -0.006432538 6.006175041 -0.000376951 0.239980713 0.000749783 0.970777333
1695372547.734000 1.924942851 -0.006010183 6.028611183 0.000636553 0.213670984 0.003196291 0.976900280
1695372547.823000 1.937163591 0.002041632 6.034431458 0.003440239 0.168585613 0.002991555 0.985676527
1695372547.915000 1.945361376 0.002513270 6.043373585 0.003058891 0.167491406 0.001720373 0.985867321
1695372548.003000 1.934146881 -0.007323486 6.076006889 0.001296822 0.172897592 0.004323761 0.984929502
1695372548.092000 1.940992355 -0.007817669 6.091204166 0.001156104 0.146795422 0.003311036 0.989160717
1695372548.182000 1.945216298 -0.008145201 6.104177475 0.001108399 0.111840427 0.003667498 0.993718863
1695372548.274000 1.947645068 -0.006525480 6.118679047 0.001924113 0.112066343 0.003954763 0.993691027
1695372548.363000 1.949962258 -0.007729095 6.133195877 0.001206193 0.077787369 0.003203829 0.996964157
1695372548.452000 1.952756882 -0.006994679 6.147819519 0.001826632 0.034023706 0.003077624 0.999414623
1695372548.544000 1.950001597 -0.008012826 6.164913177 0.001699943 -0.008590883 0.003060627 0.999956965
1695372548.641000 1.950782180 -0.007048829 6.181569099 0.002450577 -0.053007983 0.004283479 0.998581886
1695372548.740000 1.949925780 -0.007383022 6.196954250 0.002450211 -0.097030029 0.003528545 0.995272219
1695372548.833000 1.947197080 -0.006925087 6.208608150 0.002374872 -0.140668556 0.003308281 0.990048349
1695372548.923000 1.942973018 -0.005822493 6.223552227 0.003182861 -0.183889240 0.002571079 0.982938468
1695372549.017000 1.936179876 -0.005908693 6.235977173 0.003320076 -0.217932448 0.003382792 0.975952387
1695372549.109000 1.930847287 -0.006654667 6.250956535 0.002930424 -0.218325302 0.002790850 0.975867629
1695372549.201000 1.924615741 -0.006801115 6.264488697 0.003034202 -0.218313590 0.002717452 0.975870192
1695372549.291000 1.917474985 -0.007597489 6.277492523 0.002550231 -0.218097195 0.002667451 0.975920081
1695372549.383000 1.911005259 -0.006578232 6.290918350 0.003186690 -0.217886284 0.002793964 0.975964963
1695372549.475000 1.904381037 -0.007275760 6.303119183 0.002755863 -0.217498884 0.002693116 0.976052999
1695372549.564000 1.898560286 -0.007010607 6.316939354 0.003016086 -0.251983732 0.003053688 0.967721939
1695372549.655000 1.891338348 -0.007474550 6.328342438 0.003059669 -0.293852329 0.002789686 0.955841959
1695372549.749000 1.881959677 -0.006990320 6.341520786 0.003404181 -0.293453902 0.002889461 0.955962837
1695372549.839000 1.873948932 -0.007140412 6.353184700 0.003269239 -0.293570727 0.002803255 0.955927730
1695372549.930000 1.866329551 -0.008213030 6.365555763 0.002523196 -0.293926865 0.002881328 0.955820262
1695372550.025000 1.857177615 -0.007594868 6.377996445 0.003061595 -0.293520629 0.002670142 0.955944121
1695372550.121000 1.849089861 -0.007898620 6.389910221 0.002669906 -0.293643415 0.002889876 0.955906987
1695372550.215000 1.841420174 -0.008129777 6.401803970 0.002506088 -0.293710768 0.002630649 0.955887437
1695372550.310000 1.831205368 -0.007770239 6.416320324 0.003355737 -0.301925868 0.002958777 0.953320920
1695372550.403000 1.823029160 -0.008856012 6.427556992 0.002505226 -0.343793064 0.003330927 0.939036250
1695372550.500000 1.812160015 -0.008721908 6.439289093 0.002887786 -0.351382852 0.003019302 0.936222553
1695372550.593000 1.802006841 -0.009198521 6.450019360 0.002614084 -0.351079702 0.003267182 0.936336219
1695372550.690000 1.793123722 -0.009726360 6.460644722 0.002069609 -0.351401478 0.003221178 0.936217129
1695372550.784000 1.781335115 -0.008948252 6.474113941 0.003247538 -0.350951999 0.002595713 0.936384261
1695372550.881000 1.771283627 -0.008821496 6.486451626 0.003447719 -0.359347790 0.002894717 0.933192849
1695372550.971000 1.760906577 -0.009028194 6.496879101 0.003511050 -0.399464369 0.002775142 0.916737795
1695372551.065000 1.749444962 -0.009600959 6.506518364 0.003333729 -0.407245636 0.002743824 0.913308442
1695372551.156000 1.738963723 -0.009687107 6.516651154 0.003197051 -0.407660246 0.003125094 0.913122773
1695372551.251000 1.727772474 -0.010046396 6.526420593 0.003105855 -0.407358915 0.002506195 0.913259447
1695372551.345000 1.716671586 -0.009848231 6.536886215 0.003260123 -0.407697201 0.003019990 0.913106382
1695372551.440000 1.706042290 -0.010017280 6.546826363 0.003047817 -0.408043444 0.003368515 0.912951231
1695372551.531000 1.694388151 -0.010077750 6.556982994 0.003276998 -0.407829285 0.003125584 0.913046956
1695372551.652000 1.681080580 -0.010124030 6.568934917 0.003423896 -0.407817721 0.003291781 0.913051069
1695372551.740000 1.669827461 -0.010354262 6.578862190 0.003319184 -0.407790512 0.003342380 0.913063407
1695372551.833000 1.658840895 -0.010333776 6.588906288 0.003481060 -0.407849193 0.003561314 0.913035750
1695372551.921000 1.648181677 -0.010480138 6.598225594 0.003430362 -0.407785356 0.003419187 0.913065016
1695372552.013000 1.637487411 -0.010819705 6.608030319 0.003164975 -0.407995790 0.003601467 0.912971199
1695372552.106000 1.626975775 -0.011052994 6.617604733 0.003074158 -0.408321947 0.003462228 0.912826240
1695372552.199000 1.615688324 -0.010879072 6.627554893 0.003183135 -0.408020884 0.003965676 0.912958443
1695372552.294000 1.604770184 -0.011451663 6.637215137 0.002859883 -0.407845914 0.003855151 0.913038254
1695372552.386000 1.594036102 -0.011576538 6.647120476 0.002855112 -0.408120960 0.003667550 0.912916064
1695372552.477000 1.582959175 -0.011773773 6.657028675 0.002639789 -0.408231676 0.003685655 0.912867188
1695372552.570000 1.572762251 -0.011916977 6.666403294 0.002719184 -0.408352911 0.003755360 0.912812412
1695372552.663000 1.562056541 -0.012059922 6.676023006 0.002991351 -0.408380538 0.003998328 0.912798166
1695372552.910000 1.532936096 -0.012549818 6.701190948 0.002344333 -0.408047765 0.004075390 0.912948489
1695372553.220000 1.496019602 -0.012907292 6.733733654 0.002264240 -0.407854766 0.004497713 0.913032949
1695372553.312000 1.485105753 -0.012978757 6.743767738 0.002650097 -0.407684088 0.004256864 0.913109303
1695372553.401000 1.475151300 -0.013243211 6.752503872 0.002225313 -0.407993525 0.004646068 0.912970364
1695372553.491000 1.464609861 -0.013528813 6.761999130 0.001644451 -0.408133060 0.004400066 0.912910342
1695372553.581000 1.453711271 -0.013721013 6.771211147 0.002223676 -0.447532028 0.004649111 0.894253075
1695372553.670000 1.441624641 -0.014074091 6.780311584 0.002162868 -0.471181631 0.005196060 0.882018268
1695372553.765000 1.429470539 -0.013937381 6.787946701 0.002396868 -0.470897496 0.004806382 0.882171631
1695372553.859000 1.416965485 -0.014163372 6.796146393 0.002411763 -0.470842183 0.004722889 0.882201552
1695372553.952000 1.405026674 -0.014232500 6.804249763 0.002481185 -0.470811576 0.004613583 0.882218242
1695372554.043000 1.392756224 -0.014598738 6.811654568 0.002179804 -0.500873327 0.004461423 0.865506411
1695372554.133000 1.380382299 -0.014720066 6.818677425 0.002381102 -0.508672178 0.004510882 0.860945165
1695372554.224000 1.368011236 -0.015047273 6.825695038 0.001882929 -0.508703351 0.004913130 0.860925853
1695372554.316000 1.355491161 -0.014730314 6.832516670 0.002733262 -0.508716345 0.004845848 0.860916257
1695372554.404000 1.342876673 -0.014869288 6.838980675 0.003161091 -0.508086145 0.004443350 0.861289024
1695372554.492000 1.331463337 -0.015133264 6.846045017 0.002322323 -0.509002328 0.004953250 0.860747755
1695372554.580000 1.319628954 -0.015138748 6.852780819 0.002585243 -0.509328544 0.004993170 0.860553861
1695372554.671000 1.307139874 -0.015607960 6.859268188 0.002125760 -0.508820832 0.004617429 0.860857427
1695372554.767000 1.295250177 -0.015533574 6.865782738 0.001854548 -0.509108901 0.005263127 0.860684097
1695372554.853000 1.282257557 -0.015831161 6.873137474 0.002019569 -0.509026647 0.004805703 0.860734999
1695372554.945000 1.270190001 -0.015712664 6.879725933 0.002285376 -0.508725107 0.004535787 0.860914052
1695372555.037000 1.257455349 -0.016002305 6.886753559 0.002236171 -0.508839726 0.004835896 0.860844791
1695372555.127000 1.245570660 -0.016319279 6.893654823 0.001675719 -0.509525120 0.005412618 0.860437214
1695372555.215000 1.233922005 -0.016819237 6.899235725 0.001074191 -0.508419037 0.005297304 0.861092865
1695372555.304000 1.221775532 -0.016568355 6.906442642 0.001905601 -0.509054184 0.005567699 0.860714376
1695372555.391000 1.210069895 -0.016713396 6.913295746 0.001892770 -0.509163737 0.005242822 0.860651612
1695372555.475000 1.198309183 -0.017052162 6.919026375 0.001913509 -0.508830011 0.005026692 0.860850215
1695372555.563000 1.186614275 -0.016704552 6.926150799 0.002523297 -0.509191811 0.005219948 0.860633552
1695372555.648000 1.175012589 -0.017085234 6.932835579 0.001607169 -0.509903491 0.006053902 0.860208869
1695372555.747000 1.160917521 -0.017370412 6.940555096 0.001943730 -0.509474635 0.004705825 0.860470653
1695372555.844000 1.148449898 -0.017341072 6.946934700 0.001840842 -0.509180725 0.005219268 0.860641897
1695372555.930000 1.137525797 -0.017607680 6.952779293 0.001952321 -0.508905888 0.004941926 0.860805809
1695372556.014000 1.127261400 -0.017628102 6.959511280 0.001378464 -0.509322226 0.005833322 0.860555112
1695372556.098000 1.113689661 -0.017601483 6.965812683 0.001894180 -0.508945465 0.005739409 0.860777617
1695372556.182000 1.102271557 -0.017819025 6.972124100 0.001825155 -0.508940458 0.005543439 0.860782027
1695372556.267000 1.091543674 -0.017936448 6.977950573 0.001574942 -0.508862197 0.005909299 0.860826313
1695372556.352000 1.079974413 -0.018079538 6.984675884 0.001785401 -0.509177566 0.005548464 0.860641778
1695372556.437000 1.068595171 -0.017882623 6.991052151 0.002162172 -0.509093583 0.005481625 0.860691011
1695372556.524000 1.057502031 -0.017931100 6.997583389 0.001961785 -0.509717226 0.005922755 0.860319376
1695372556.605000 1.045336723 -0.018565277 7.003627777 0.001561324 -0.509295404 0.005971808 0.860569656
1695372556.692000 1.034031630 -0.018794846 7.010583878 0.001895252 -0.509774685 0.005652582 0.860287368
1695372556.782000 1.023717165 -0.019279908 7.015497208 0.000556615 -0.509505093 0.006050948 0.860446215
1695372556.866000 1.010761738 -0.019232746 7.022661686 0.001240751 -0.509201229 0.005940025 0.860626101
1695372556.950000 1.000217438 -0.019565281 7.028886795 0.001629488 -0.509461284 0.005494120 0.860474527
1695372557.032000 0.989700079 -0.019486357 7.034226418 0.001782218 -0.509303331 0.005397427 0.860568345
1695372557.121000 0.976859331 -0.019989889 7.041551113 0.000825299 -0.509606600 0.006051165 0.860385895
1695372557.206000 0.965659142 -0.019989934 7.046685219 0.000789128 -0.508369863 0.005649474 0.861119986
1695372557.293000 0.954806328 -0.020553207 7.053527832 0.000277653 -0.509202600 0.006738313 0.860620320
1695372557.376000 0.942180872 -0.020340115 7.060112953 0.000802691 -0.509216547 0.006260980 0.860615313
1695372557.460000 0.931445837 -0.020401685 7.066419125 0.000718289 -0.509814680 0.005957650 0.860263348
1695372557.545000 0.919903517 -0.020221064 7.072329998 0.001276689 -0.509342551 0.006361928 0.860539436
1695372557.628000 0.908059597 -0.020664308 7.078553677 0.001091314 -0.508986056 0.006141797 0.860752225
1695372557.715000 0.896965027 -0.020700499 7.084641933 0.000853337 -0.509336650 0.006748502 0.860540569
1695372557.800000 0.886387825 -0.020838946 7.090481758 0.000502053 -0.509291291 0.006503155 0.860569477
1695372557.883000 0.873535872 -0.021292185 7.097308159 0.000504403 -0.509135485 0.006443565 0.860662162
1695372557.967000 0.862238884 -0.021174882 7.103619576 0.000581151 -0.509421885 0.006641343 0.860491157
1695372558.052000 0.852739334 -0.020937152 7.108385086 0.001018612 -0.545971930 0.006463695 0.837777913
1695372558.134000 0.838281155 -0.021757249 7.113656998 0.001212187 -0.567529678 0.006309303 0.823327899
1695372558.217000 0.827084064 -0.021858042 7.117475986 0.000535193 -0.567312419 0.007038278 0.823472440
1695372558.303000 0.817375183 -0.021652579 7.121397972 0.001262056 -0.567417026 0.006560246 0.823403597
1695372558.385000 0.803270817 -0.022275288 7.127120495 0.001208712 -0.567541778 0.006153980 0.823320687
1695372558.500000 0.785049915 -0.022253377 7.136580944 0.002352224 -0.568068683 0.004343981 0.822966397
1695372558.586000 0.776121616 -0.022851396 7.138861656 0.002004871 -0.567630410 0.004608305 0.823268175
1695372558.668000 0.762781620 -0.022740828 7.142621517 0.001189012 -0.567495406 0.005905072 0.823354602
1695372558.752000 0.751240730 -0.023071187 7.147496223 0.000418145 -0.567478180 0.006292209 0.823364317
1695372558.837000 0.740164280 -0.022461433 7.152255058 0.001950225 -0.567083776 0.004905635 0.823643148
1695372558.920000 0.726798058 -0.022790205 7.156654835 0.001636235 -0.596327722 0.006164242 0.802715838
1695372559.010000 0.714172363 -0.023171913 7.160429478 0.001773546 -0.603164613 0.005471424 0.797596097
1695372559.091000 0.702156544 -0.022680042 7.164672852 0.001701595 -0.603565753 0.005621168 0.797291696
1695372559.175000 0.690000057 -0.023170471 7.167307854 0.001802505 -0.603379309 0.005864339 0.797430754
1695372559.260000 0.676794052 -0.022432301 7.171977520 0.002260671 -0.603785634 0.006793159 0.797114611
1695372559.343000 0.665371895 -0.022813739 7.174877644 0.001562668 -0.603652656 0.006584322 0.797218740
1695372559.427000 0.652836800 -0.023631191 7.177817345 0.001501535 -0.603539705 0.006096968 0.797308266
1695372559.511000 0.641522408 -0.023864800 7.182324886 0.001555567 -0.604118168 0.005809308 0.796872079
1695372559.596000 0.629105568 -0.024032423 7.185239792 0.001824479 -0.603619874 0.005369790 0.797252119
1695372559.680000 0.618174553 -0.024045890 7.187723160 0.001403058 -0.603578031 0.006120125 0.797279298
1695372559.767000 0.618138790 -0.024079267 7.187692642 0.001350369 -0.603610277 0.006180864 0.797254384
1695372559.852000 0.618238449 -0.024136934 7.187686443 0.001310052 -0.603564739 0.006050539 0.797290087
1695372559.932000 0.618303776 -0.024001103 7.187911510 0.001464306 -0.603764534 0.006284154 0.797136724
1695372560.012000 0.618182659 -0.023972917 7.187747955 0.001497496 -0.603633463 0.006076984 0.797237456
1695372560.093000 0.608530998 -0.023950567 7.190329552 0.001555553 -0.603663087 0.006352763 0.797212660
1695372560.178000 0.596709251 -0.024136638 7.193942547 0.001576101 -0.603718996 0.006243915 0.797171235
1695372560.260000 0.584744453 -0.024483858 7.197357655 0.001418701 -0.603664279 0.005585622 0.797217846
1695372560.343000 0.572657108 -0.024521396 7.200552464 0.001484100 -0.603432000 0.005673563 0.797392905
1695372560.426000 0.560893059 -0.024719052 7.203965664 0.001417029 -0.603579998 0.006098048 0.797277868
1695372560.510000 0.548732758 -0.024698468 7.207437515 0.001566593 -0.603745520 0.006531226 0.797148824
1695372560.589000 0.548843384 -0.024733916 7.207504272 0.001478928 -0.603793263 0.006385206 0.797114015
1695372560.671000 0.548955441 -0.024802512 7.207478523 0.001407525 -0.603763163 0.006102363 0.797139168
1695372560.755000 0.548764229 -0.024721967 7.207428932 0.001521536 -0.603618145 0.006188945 0.797248125
1695372560.835000 0.548853874 -0.024782799 7.207310200 0.001599951 -0.617242992 0.005898653 0.786748886
1695372560.919000 0.548811436 -0.024789022 7.207516670 0.001662657 -0.637961745 0.006136762 0.770041823
1695372561.002000 0.548815250 -0.024798222 7.207495689 0.001736626 -0.637932658 0.005975571 0.770067096
1695372561.085000 0.548756123 -0.024769384 7.207500458 0.001760900 -0.637938261 0.006034641 0.770061910
1695372561.179000 0.536627293 -0.024986686 7.209790707 0.001858370 -0.637937427 0.005928142 0.770063221
1695372561.269000 0.524301529 -0.024913590 7.212319374 0.001975551 -0.638110876 0.005946079 0.769918978
1695372561.352000 0.521990776 -0.024981299 7.212696075 0.001953788 -0.637993932 0.006038171 0.770015299
1695372561.435000 0.521984577 -0.024868943 7.212730885 0.002174811 -0.638020515 0.006166425 0.769991636
1695372561.518000 0.516556740 -0.024976350 7.213614464 0.002086086 -0.637894273 0.005972872 0.770098031
1695372561.603000 0.504409313 -0.025264164 7.216073036 0.001861843 -0.638001859 0.005878914 0.770010173
1695372561.686000 0.491903782 -0.025506176 7.218517303 0.002195531 -0.637996256 0.005296501 0.770018160
1695372561.771000 0.479387283 -0.025630118 7.220758438 0.002210705 -0.637780428 0.005285219 0.770197034
1695372561.855000 0.474415779 -0.025914583 7.221865654 0.001746509 -0.637883008 0.005385841 0.770112514
1695372561.938000 0.474785805 -0.025726853 7.221753120 0.001942664 -0.638105452 0.005679881 0.769925594
1695372562.019000 0.469664097 -0.025729364 7.222836971 0.001500684 -0.638364851 0.005918406 0.769709647
1695372562.104000 0.457947254 -0.025139954 7.225331306 0.002259091 -0.638644814 0.006403195 0.769471765
1695372562.188000 0.444856644 -0.025961194 7.227401257 0.002095705 -0.644762933 0.005816864 0.764357626
1695372562.272000 0.431839943 -0.026080266 7.229116917 0.001977368 -0.664530277 0.005947222 0.747235060
1695372562.358000 0.418973446 -0.026512522 7.231041908 0.001684461 -0.664875150 0.005403991 0.746933103
1695372562.447000 0.406142235 -0.027223518 7.232486248 0.001031475 -0.664846539 0.004700081 0.746964574
1695372562.550000 0.394913197 -0.026721932 7.233465672 0.001620363 -0.664555490 0.005802535 0.747214735
1695372562.646000 0.394826889 -0.026831998 7.233553410 0.001671615 -0.664583802 0.005649236 0.747190595
1695372562.732000 0.384126663 -0.026527597 7.235173702 0.002139766 -0.664933562 0.005849944 0.746876597
1695372562.817000 0.371680260 -0.026890747 7.236441612 0.001995904 -0.671189129 0.005844006 0.741260469
1695372562.922000 0.355539322 -0.027350992 7.237796783 0.002057911 -0.684198558 0.005278604 0.729273856
1695372563.014000 0.341953754 -0.027453411 7.238470554 0.001894784 -0.684077740 0.005488568 0.729385972
1695372563.101000 0.339432240 -0.027291592 7.238628387 0.002337635 -0.683919072 0.005430020 0.729533970
1695372563.192000 0.339385033 -0.027464330 7.238729000 0.001961428 -0.715343773 0.005497270 0.698748350
1695372563.294000 0.336567879 -0.027669242 7.238371372 0.001977261 -0.745023251 0.005244738 0.667014956
1695372563.401000 0.323238373 -0.027924325 7.236644268 0.002042080 -0.767939568 0.004886532 0.640500426
1695372563.494000 0.309502602 -0.028024055 7.233793259 0.001953185 -0.789893806 0.005163519 0.613218844
1695372563.588000 0.295449257 -0.027642362 7.230008125 0.003603461 -0.789510906 0.004946633 0.613706052
1695372563.684000 0.282110214 -0.028201872 7.226650238 0.002197634 -0.789815962 0.004988325 0.613319814
1695372563.777000 0.267570496 -0.027907360 7.222990990 0.003354545 -0.794966996 0.005207747 0.606621087
1695372563.879000 0.252880096 -0.028097648 7.218422890 0.003872039 -0.815469563 0.004980131 0.578765571
1695372563.990000 0.236742973 -0.028353000 7.212603569 0.004270001 -0.835516930 0.004521510 0.549429536
1695372564.347000 0.229926109 -0.036971956 7.232582569 -0.035935331 -0.883831918 0.005633433 0.466388315
1695372564.487000 0.248559952 -0.112583041 7.312813759 -0.221223384 -0.903165340 -0.016139964 0.367548823
