1695454975.093000 0.004926619 0.000612553 0.049760878 0.001053160 0.044519592 0.004283194 0.998998821
1695454975.288000 0.007223402 0.000730147 0.071064144 0.000939167 0.050816707 0.006135108 0.998688757
1695454975.727000 0.009113149 0.001383340 0.092554949 0.000279165 0.051714722 0.006408948 0.998641312
1695454975.908000 0.020926522 0.001302044 0.138014078 0.005789225 0.124212451 -0.007858496 0.992207646
1695454976.176000 0.026350472 0.001646578 0.157817066 0.004927374 0.135321319 -0.004316234 0.990780115
1695454976.366000 0.036434021 0.002347811 0.184409603 -0.000108348 0.158896863 -0.005042968 0.987282276
1695454976.538000 0.046276625 0.002346014 0.201012030 0.000769612 0.206603944 -0.010695791 0.978365898
1695454976.709000 0.057389814 0.002353499 0.215717539 0.002243021 0.255917132 -0.013795392 0.966597676
1695454976.874000 0.069115862 0.001998290 0.228343636 0.003696537 0.303639352 -0.014450209 0.952670336
1695454977.035000 0.080586232 0.001684287 0.242036805 0.008789286 0.320849895 -0.007159549 0.947062194
1695454977.201000 0.084936060 0.001329826 0.244165957 0.007551027 0.321577877 -0.000992132 0.946852565
1695454977.361000 0.100847788 0.001918693 0.268179297 0.006650419 0.327069312 0.002976728 0.944972277
1695454977.518000 0.115336493 0.002355789 0.281462133 0.002808522 0.356072873 -0.003280914 0.934448242
1695454977.670000 0.125608325 0.002200847 0.288143188 0.002584067 0.394423336 -0.008597955 0.918884993
1695454977.825000 0.138729900 0.002171179 0.295663059 0.004110790 0.431839347 -0.010097051 0.901884675
1695454978.003000 0.155184656 0.002211954 0.303442419 0.002067575 0.475630522 -0.009235399 0.879594266
1695454978.177000 0.171552762 0.002736734 0.310561597 -0.001075307 0.503630459 -0.005791880 0.863899171
1695454978.347000 0.185345590 0.002843000 0.317254424 0.004446764 0.505908191 -0.000085959 0.862575889
1695454978.523000 0.199722275 0.002569291 0.325609595 0.010606665 0.506050169 0.002490495 0.862435281
1695454978.695000 0.213314280 0.002873261 0.333499908 0.007627367 0.505909860 0.000601109 0.862552404
1695454978.859000 0.221989691 0.003073509 0.338446558 0.005574672 0.505888581 0.000662786 0.862580538
1695454979.032000 0.237312421 0.003266778 0.346688151 0.002476151 0.506113708 0.002212279 0.862460375
1695454979.204000 0.252369523 0.003650531 0.352796733 0.001489915 0.522380590 -0.002424646 0.852707744
1695454979.353000 0.265951633 0.003200820 0.359443426 0.006508857 0.528355181 -0.002800686 0.848993897
1695454979.489000 0.276435882 0.003235420 0.365117490 0.008784400 0.529163063 0.000046036 0.848474681
1695454979.623000 0.288011819 0.003410245 0.370241106 0.008787825 0.528699100 0.002358995 0.848760545
1695454979.758000 0.298843205 0.003473104 0.375397325 0.007705346 0.528341115 0.003178813 0.848991275
1695454979.912000 0.309833676 0.003525743 0.380844772 0.007346857 0.528219521 0.002741697 0.849071622
1695454980.076000 0.323498130 0.003419101 0.386508822 0.006657985 0.533569336 0.000861161 0.845729768
1695454980.247000 0.337071985 0.003586679 0.393558890 0.007531434 0.534800470 0.001401654 0.844943643
1695454980.412000 0.350975126 0.003869853 0.399245232 0.007888380 0.534411967 0.002371826 0.845184028
1695454980.582000 0.363455445 0.003579804 0.406470865 0.007314776 0.534725070 0.001961855 0.844992220
1695454980.751000 0.377203017 0.003764761 0.412767947 0.008687963 0.534649074 0.000640427 0.845029354
1695454980.914000 0.391678125 0.003655259 0.419890434 0.010481899 0.534387946 0.000290479 0.845174313
1695454981.299000 0.406307280 0.003782764 0.426788568 0.009222988 0.534081578 0.001217522 0.845381796
1695454981.457000 0.439897358 0.004410005 0.441950649 0.005901790 0.537951052 0.000726227 0.842955172
1695454981.619000 0.454283178 0.004408755 0.449086100 0.005139617 0.539424717 -0.000504362 0.842018068
1695454981.780000 0.468390107 0.004456133 0.455408663 0.003927983 0.539445162 -0.001221285 0.842010677
1695454981.946000 0.482534587 0.004045617 0.462153912 0.009073194 0.539283991 -0.002716393 0.842070699
1695454982.107000 0.496148199 0.004003152 0.468226433 0.012554260 0.539038062 -0.005070560 0.842172563
1695454982.266000 0.510519564 0.004075225 0.474738657 0.011474043 0.538671553 -0.001573632 0.842436254
1695454982.653000 0.525215328 0.004420839 0.481646597 0.007424549 0.538741350 0.003174733 0.842432559
1695454982.807000 0.558751345 0.004788206 0.497383326 0.008300021 0.538617790 0.001829951 0.842507362
1695454982.949000 0.572983861 0.004724234 0.503828168 0.008563770 0.538266122 0.001721713 0.842729688
1695454983.096000 0.584039032 0.004885041 0.509045482 0.007932056 0.538425386 0.002176148 0.842633128
1695454983.260000 0.598649263 0.004859878 0.515931249 0.008074594 0.538308263 0.002217058 0.842706442
1695454983.418000 0.613480091 0.004988734 0.522733450 0.009624333 0.538034379 0.001386264 0.842866838
1695454983.574000 0.627967834 0.005110854 0.529471278 0.008544443 0.537892640 0.002107495 0.842967510
1695454983.734000 0.642263055 0.005189236 0.536073446 0.007568017 0.537831008 0.002882504 0.843013763
1695454983.889000 0.656371355 0.005309574 0.542801619 0.007469751 0.537811995 0.002486697 0.843028069
1695454984.046000 0.670634389 0.005367702 0.549323559 0.007468548 0.537447095 0.001922114 0.843262196
1695454984.201000 0.684699833 0.005556068 0.555880666 0.006260393 0.537178457 0.001316661 0.843444347
1695454984.337000 0.697862148 0.005747655 0.562221766 0.004376294 0.537248433 -0.000231592 0.843412638
1695454984.463000 0.709648371 0.006401114 0.568161547 0.003829480 0.537218750 -0.001735672 0.843432546
1695454984.591000 0.720672250 0.006055378 0.572977364 0.003373444 0.536909461 -0.002581668 0.843629181
1695454984.715000 0.731475413 0.005618985 0.577590942 0.006292406 0.536700845 -0.002425828 0.843745708
1695454984.840000 0.743122339 0.005569813 0.583506227 0.008266527 0.536838233 -0.003636342 0.843636870
1695454984.965000 0.753522575 0.005701097 0.588110924 0.008358155 0.536961019 -0.003187298 0.843559682
1695454985.089000 0.764605939 0.006190616 0.595778167 0.007065114 0.537808180 -0.000264818 0.843037665
1695454985.233000 0.774879456 0.006022222 0.598007560 0.005398668 0.536883712 0.001385596 0.843637884
1695454985.393000 0.788704515 0.006337510 0.604460239 0.005347148 0.536730647 0.001898072 0.843734562
1695454985.549000 0.801935196 0.006280337 0.610278904 0.004909848 0.538053870 0.001453635 0.842894912
1695454985.702000 0.816122472 0.006233889 0.616112173 0.003486528 0.556835473 -0.004031043 0.830605745
1695454985.853000 0.828305423 0.006114729 0.618489385 0.006761305 0.562123597 -0.003986606 0.827016056
1695454986.004000 0.841509938 0.006394803 0.624052525 0.008828903 0.562586010 -0.001818238 0.826689720
1695454986.155000 0.855189323 0.006501138 0.629363656 0.008343610 0.562375546 0.000219638 0.826839805
1695454986.308000 0.867732108 0.006803216 0.633524239 0.006206652 0.561942935 0.001414973 0.827151537
1695454986.458000 0.881140649 0.006688852 0.639439344 0.005402296 0.561932445 0.000830073 0.827165067
1695454986.607000 0.894372821 0.006924719 0.644438565 0.006489531 0.561945856 0.000195940 0.827148616
1695454986.759000 0.907236695 0.007089721 0.649889946 0.004993092 0.561934829 -0.000258132 0.827166438
1695454986.912000 0.920057893 0.006914889 0.654834211 0.003702869 0.561968923 0.000494547 0.827149928
1695454987.057000 0.932882905 0.006798823 0.660044670 0.005507512 0.562083960 0.000487205 0.827061772
1695454987.208000 0.946242690 0.006930538 0.665150344 0.007937669 0.561895728 -0.000828650 0.827169597
1695454987.357000 0.959567428 0.006849230 0.669694841 0.007393959 0.561306298 -0.001154146 0.827574313
1695454987.508000 0.972438276 0.007185066 0.675274253 0.006159052 0.561565757 -0.000314125 0.827409148
1695454987.657000 0.985891759 0.007280500 0.680885792 0.006262169 0.561413348 0.002045256 0.827509344
1695454987.804000 0.998619497 0.007601623 0.685225248 0.005750028 0.560802341 0.002612923 0.827925622
1695454987.950000 1.010734916 0.007658723 0.690522075 0.006331943 0.561014950 0.000942016 0.827780902
1695454988.099000 1.024020433 0.007465681 0.695595503 0.009176563 0.560845613 -0.001629470 0.827867985
1695454988.247000 1.037244678 0.007372899 0.700576901 0.011769359 0.560441494 -0.003569791 0.828102708
1695454988.394000 1.050110817 0.007314908 0.705976367 0.009634696 0.560250521 -0.002591784 0.828263104
1695454988.541000 1.063289881 0.007798675 0.712502837 0.006279345 0.553372860 0.001153881 0.832909167
1695454988.694000 1.075926781 0.007858953 0.717990398 0.005202108 0.552237153 0.001585539 0.833669364
1695454988.840000 1.089029789 0.007858443 0.723637342 0.005777853 0.551985562 0.001044958 0.833833039
1695454988.988000 1.101750493 0.007816663 0.729141891 0.007243963 0.551989734 -0.000998948 0.833818853
1695454989.136000 1.114673972 0.007351104 0.734774530 0.008424643 0.552045643 -0.002050511 0.833768845
1695454989.279000 1.127336860 0.008000790 0.740026951 0.006892914 0.551999152 -0.000669844 0.833815932
1695454989.422000 1.140115857 0.008315183 0.744112849 0.002503929 0.551371813 0.001696291 0.834254205
1695454989.566000 1.155176282 0.008688309 0.751405120 0.003013929 0.551377296 0.001021870 0.834249973
1695454989.711000 1.169474840 0.007980727 0.757800817 0.006668198 0.551544011 -0.003112822 0.834113359
1695454989.854000 1.184877515 0.008477062 0.764203668 0.008013622 0.550940573 -0.004124533 0.834495783
1695454990.004000 1.199105024 0.008120209 0.770317256 0.004296717 0.551365972 -0.003237192 0.834246159
1695454990.149000 1.215301514 0.008347770 0.778570831 0.003074525 0.551578701 -0.002111220 0.834114552
1695454990.293000 1.229851961 0.008224890 0.783831835 0.005906865 0.551383376 -0.002704454 0.834226727
1695454990.438000 1.244691610 0.008066092 0.790195942 0.009964117 0.551645875 -0.005055994 0.834003687
1695454990.579000 1.260524154 0.007597809 0.796738505 0.013894600 0.551197648 -0.006080569 0.834236860
1695454990.720000 1.275612712 0.007882928 0.802049816 0.010241649 0.550918877 -0.002077118 0.834493458
1695454990.862000 1.291453719 0.008192177 0.809897125 0.004540066 0.551222026 0.002849448 0.834341466
1695454991.004000 1.306418538 0.009028204 0.815375268 0.004948508 0.550684094 0.003491342 0.834691823
1695454991.144000 1.321846128 0.008213187 0.823864520 0.007112355 0.551328838 0.001402276 0.834256530
1695454991.284000 1.335796714 0.008460908 0.828430831 0.008578644 0.550883889 0.000296840 0.834537804
1695454991.426000 1.351301789 0.008644545 0.835913062 0.008036571 0.550895751 0.000678198 0.834535182
1695454991.564000 1.366237879 0.008474316 0.844823658 0.007233507 0.551474631 0.001502971 0.834159017
1695454991.706000 1.380956769 0.008901244 0.848604441 0.006828422 0.550614238 0.001520090 0.834730506
1695454991.847000 1.395128489 0.009148394 0.854933321 0.007444867 0.550711811 0.001189410 0.834661484
1695454991.992000 1.410099864 0.008915929 0.861045420 0.007551996 0.550464332 0.000909573 0.834824026
1695454992.136000 1.424540281 0.008971861 0.867034316 0.007447086 0.550371468 0.000865312 0.834886253
1695454992.275000 1.439621806 0.009046204 0.873495102 0.007217338 0.550104797 0.000968722 0.835063875
1695454992.413000 1.453280330 0.009151945 0.879394412 0.007105106 0.550165892 0.000802943 0.835024774
1695454992.550000 1.467612028 0.009094916 0.885761738 0.006746604 0.549894869 0.000905238 0.835206151
1695454992.751000 1.481151223 0.009291648 0.890662551 0.005429805 0.549287856 0.000030740 0.835615635
1695454992.906000 1.503718019 0.009244964 0.901412249 0.005449031 0.549597740 -0.002245306 0.835408628
1695454993.047000 1.517494082 0.009234520 0.906713963 0.007112254 0.549514234 -0.002880631 0.835449159
1695454993.182000 1.531158090 0.009573595 0.912442088 0.007362198 0.549533188 -0.001470661 0.835438132
1695454993.326000 1.544166684 0.009597984 0.918480039 0.006993755 0.549610615 0.001140538 0.835390985
1695454993.483000 1.560142159 0.009550693 0.926988840 0.007783865 0.547617793 0.002647505 0.836688221
1695454993.618000 1.572258949 0.009651471 0.933142304 0.010544728 0.530899167 0.006370772 0.847345471
1695454993.758000 1.585452318 0.009771294 0.939762831 0.009679521 0.527388811 0.004106013 0.849559009
1695454993.901000 1.598069668 0.009690477 0.946037889 0.007856819 0.527007818 0.001810273 0.849822223
1695454994.036000 1.611023784 0.010043059 0.952917218 0.008692481 0.518884420 0.003190689 0.854794323
1695454994.183000 1.620786786 0.010539586 0.959566474 0.012464188 0.488822788 0.009750154 0.872239590
1695454994.329000 1.633087516 0.010211274 0.973347843 0.014988274 0.450865716 0.014091028 0.892354727
1695454994.481000 1.643316627 0.009260157 0.985933721 0.012792067 0.414499879 0.013291547 0.909862399
1695454994.631000 1.653883696 0.009812160 0.995098770 0.006874803 0.405553401 0.003553764 0.914038599
1695454994.782000 1.664740443 0.010132677 1.005471587 0.002639211 0.405216724 -0.004450272 0.914206088
1695454994.936000 1.675911903 0.010280130 1.015558362 0.001650835 0.405080020 -0.006476650 0.914256871
1695454995.086000 1.686591864 0.010439747 1.025663972 0.001023032 0.404828012 -0.005292954 0.914376974
1695454995.239000 1.696817160 0.010551056 1.036664724 0.002571879 0.389173061 0.000812733 0.921160758
1695454995.395000 1.705485344 0.010437219 1.048776507 0.004010253 0.358090341 0.006285468 0.933657289
1695454995.552000 1.715640068 0.010711879 1.061403394 0.003266554 0.353406578 -0.001491034 0.935463011
1695454995.709000 1.725176930 0.011296279 1.071809769 0.000967903 0.352601200 -0.005644028 0.935756207
1695454995.866000 1.734688997 0.010467943 1.082901001 -0.002827453 0.352820367 -0.009583580 0.935637772
1695454996.023000 1.744992375 0.011701616 1.094184637 -0.001477330 0.352863669 -0.010061485 0.935619533
1695454996.178000 1.754361153 0.011647905 1.105486870 -0.001770619 0.351397038 -0.008266432 0.936188400
1695454996.348000 1.762260795 0.011491623 1.117349029 -0.000847677 0.328300983 -0.003350532 0.944566846
1695454996.509000 1.770399809 0.011432643 1.130392075 0.000504034 0.307044625 -0.003199498 0.951689661
1695454996.672000 1.779281020 0.012248479 1.143114805 -0.002137906 0.305322498 -0.008416211 0.952209473
1695454996.833000 1.787102222 0.011900406 1.155738115 -0.004473823 0.292777300 -0.004875705 0.956157804
1695454997.000000 1.792990088 0.012530657 1.169758201 0.000750801 0.261482954 -0.000955088 0.965207338
1695454997.167000 1.800866961 0.012675079 1.182942152 0.001098994 0.256048352 -0.007822025 0.966631711
1695454997.335000 1.806845188 0.012830707 1.195635796 -0.002052170 0.257843137 -0.009276467 0.966140091
1695454997.505000 1.814305663 0.012969770 1.209540963 0.001269838 0.242644921 -0.005702748 0.970097601
1695454997.678000 1.818203688 0.013659891 1.224027038 0.011792807 0.203247860 -0.002514253 0.979053080
1695454997.855000 1.820668697 0.012657177 1.239575028 0.010544671 0.159266800 0.002248067 0.987176716
1695454998.039000 1.821932197 0.013252684 1.255768776 0.005169420 0.113759071 0.004065152 0.993486583
1695454998.189000 1.821805954 0.013100432 1.268614531 0.003952418 0.076034240 0.006635885 0.997075319
1695454998.383000 1.820930481 0.012937135 1.281924009 0.005283775 0.037407778 0.011653793 0.999218166
1695454998.551000 1.818261266 0.013523525 1.299108982 0.000224157 -0.011813601 0.014213221 0.999829233
1695454998.723000 1.814611554 0.013836070 1.312961817 -0.001240623 -0.053307895 0.016180905 0.998446286
1695454998.978000 1.809963942 0.013970667 1.326561213 0.002591824 -0.091628969 0.012379391 0.995712936
1695454999.165000 1.805029988 0.014059403 1.347737432 -0.000736928 -0.101002619 0.008202892 0.994852066
1695454999.342000 1.801779509 0.014017021 1.361159921 0.000788291 -0.105037287 0.009748326 0.994420230
1695454999.521000 1.803111792 0.014103326 1.371055007 0.005134566 -0.138478324 0.013484085 0.990260363
1695454999.702000 1.793964863 0.012572035 1.383887172 0.002686912 -0.178497240 0.015090444 0.983821094
1695454999.889000 1.787903070 0.014113870 1.395262241 -0.000817210 -0.202329740 0.012746632 0.979234219
1695455000.075000 1.780928731 0.014439987 1.407300830 -0.000413097 -0.204375938 0.009166549 0.978849530
1695455000.264000 1.772265673 0.014597698 1.424947858 0.001104435 -0.205191895 0.009481939 0.978675246
1695455000.448000 1.766434669 0.014358237 1.437870622 0.001178915 -0.205988616 0.009764433 0.978505015
1695455000.633000 1.761348367 0.014855277 1.450514436 0.001328050 -0.205906525 0.009400706 0.978525639
1695455000.816000 1.756026864 0.014982984 1.463036895 0.000967684 -0.207887888 0.009937868 0.978101730
1695455001.007000 1.749849081 0.015205210 1.474891543 0.000987784 -0.223089710 0.011992097 0.974723637
1695455001.195000 1.741750717 0.015367078 1.487622857 0.001401763 -0.223728731 0.010094534 0.974598169
1695455001.383000 1.735176325 0.015469404 1.499958515 0.001414741 -0.223744094 0.009967492 0.974595964
1695455001.571000 1.729775190 0.015843820 1.512353182 0.001824910 -0.224853128 0.009705412 0.974342644
1695455001.760000 1.722762942 0.015619932 1.525238514 0.003352939 -0.224467292 0.009936808 0.974425256
1695455001.948000 1.716329694 0.015522459 1.538517594 0.004467840 -0.224823698 0.010510759 0.974332571
1695455002.137000 1.709041119 0.015510354 1.552258611 0.003190900 -0.224369854 0.010190298 0.974445581
1695455002.308000 1.702628613 0.015908945 1.566442013 0.001586164 -0.225080505 0.009818918 0.974289417
1695455002.493000 1.696084738 0.016043812 1.580538869 0.001674859 -0.225995958 0.010014342 0.974075377
1695455002.678000 1.688554406 0.016095519 1.594385624 0.001958915 -0.225095809 0.009304085 0.974290252
1695455002.865000 1.682354212 0.016615761 1.609083056 -0.001530732 -0.226414695 0.008842813 0.973989725
1695455003.052000 1.673567653 0.016808491 1.625538707 0.002401006 -0.225541309 0.006358436 0.974209905
1695455003.239000 1.665299416 0.016916009 1.642596722 0.007176363 -0.225606069 0.008640156 0.974153876
1695455003.423000 1.656813741 0.017155148 1.660275817 0.004576355 -0.226210997 0.009425241 0.974021971
1695455003.774000 1.647495747 0.017382041 1.678141832 0.000759494 -0.225972846 0.008042171 0.974100113
1695455003.966000 1.632231832 0.017466474 1.704543591 0.002266445 -0.219383568 0.007874712 0.975604296
1695455004.147000 1.624420643 0.017432133 1.723595142 0.001878073 -0.215993851 0.007651397 0.976362944
1695455004.327000 1.618603230 0.017764809 1.736965537 0.001017952 -0.215515018 0.008849579 0.976459920
1695455004.509000 1.609315515 0.017949577 1.755397081 0.001235145 -0.215380251 0.009479804 0.976483524
1695455004.689000 1.601489902 0.018125791 1.771157265 0.001970248 -0.214972630 0.009453206 0.976572394
1695455004.873000 1.593884706 0.018205516 1.787317038 0.002726827 -0.213389814 0.009030549 0.976921618
1695455005.056000 1.587171555 0.018155154 1.803218484 0.002787172 -0.193882436 0.004990051 0.981008172
1695455005.239000 1.583196282 0.018405607 1.816878557 0.001898911 -0.190973625 0.005330207 0.981578887
1695455005.416000 1.580011487 0.019159704 1.830104828 0.002722583 -0.191092253 0.006693427 0.981545508
1695455005.592000 1.575586915 0.019543545 1.844428420 0.003686893 -0.191674426 0.006381207 0.981430948
1695455005.767000 1.571533203 0.019891407 1.858457208 0.004121882 -0.192435503 0.007583418 0.981271684
1695455005.941000 1.565257311 0.019994223 1.874092102 0.002241353 -0.192801461 0.007295533 0.981208146
1695455006.115000 1.558249950 0.020035930 1.890128613 0.001263497 -0.192442849 0.007437950 0.981279194
1695455006.292000 1.551465273 0.020178637 1.906019449 0.002351546 -0.192512423 0.007696548 0.981261551
1695455006.467000 1.544830799 0.020167112 1.921552062 0.002419077 -0.192208543 0.008128936 0.981317461
1695455006.639000 1.538106918 0.020238131 1.937348604 0.001786525 -0.192056254 0.008218675 0.981347859
1695455006.813000 1.532007337 0.020447798 1.952589750 0.001556266 -0.192630693 0.008515408 0.981233180
1695455006.993000 1.525031447 0.020463455 1.967847705 0.001846715 -0.191983148 0.008413216 0.981360435
1695455007.167000 1.518451571 0.020608176 1.983571410 0.002048760 -0.192175627 0.008401547 0.981322467
1695455007.340000 1.512107849 0.020769300 1.998406410 0.003077616 -0.192202821 0.008972000 0.981309414
1695455007.511000 1.505943179 0.020653147 2.014000893 0.004878095 -0.192870378 0.009433512 0.981166780
1695455007.683000 1.499304414 0.020948067 2.029652596 0.002650239 -0.193035692 0.008838912 0.981148362
1695455007.853000 1.492450595 0.021045553 2.044276953 -0.001499245 -0.192633823 0.007867031 0.981238067
1695455008.026000 1.486141324 0.021240510 2.059369087 0.001570063 -0.192162007 0.004551238 0.981351495
1695455008.198000 1.481611013 0.021236785 2.072345972 0.003913166 -0.192221984 0.006375564 0.981323004
1695455008.368000 1.482153177 0.021698363 2.083710909 0.002393199 -0.194395274 0.007762280 0.980889738
1695455008.539000 1.470383048 0.021683387 2.099995375 0.000969480 -0.192539036 0.008236985 0.981254280
1695455008.716000 1.465620756 0.021713592 2.113348007 0.001868793 -0.192449749 0.006890628 0.981280923
1695455008.859000 1.462099075 0.021780729 2.120491266 0.002480834 -0.192762673 0.007508313 0.981213570
1695455009.033000 1.456522226 0.021877512 2.134423733 0.002316956 -0.192864522 0.007524835 0.981193841
1695455009.546000 1.450957656 0.022087416 2.148116112 0.002073142 -0.192872852 0.007706753 0.981191337
1695455009.695000 1.442739844 0.021852434 2.169665813 0.001596625 -0.193388999 0.008146412 0.981087089
1695455009.863000 1.432157278 0.022312792 2.196968317 0.002093728 -0.194165856 0.008175714 0.980932415
1695455010.030000 1.426099896 0.022716135 2.209314108 0.002759743 -0.194132090 0.009689897 0.980923712
1695455010.199000 1.419693351 0.022492446 2.223341942 0.002393364 -0.193294197 0.008911989 0.981097460
1695455010.373000 1.417333364 0.022595057 2.235105038 0.003078711 -0.194935367 0.008938916 0.980770588
1695455010.539000 1.409922719 0.022311494 2.248753786 0.005783326 -0.194276914 0.010158413 0.980877101
1695455010.704000 1.404605508 0.022482876 2.261752605 0.005248785 -0.194544673 0.010909020 0.980818987
1695455010.870000 1.400222421 0.022948058 2.272664547 0.001577636 -0.194306478 0.009801715 0.980890632
1695455011.048000 1.395418525 0.023038182 2.284191847 -0.001458676 -0.194141641 0.010336697 0.980917990
1695455011.208000 1.390465736 0.023079019 2.296655416 -0.000144734 -0.194733873 0.009777558 0.980807364
1695455011.369000 1.385610938 0.023092967 2.307947397 0.001420329 -0.194355592 0.009381787 0.980885267
1695455011.539000 1.380548000 0.023285042 2.320645571 0.002865426 -0.195006669 0.009432826 0.980752409
1695455011.706000 1.375869989 0.023474813 2.332092047 0.002370512 -0.194921881 0.009517312 0.980769813
1695455011.872000 1.370816708 0.023564877 2.344176769 -0.000954549 -0.195214629 0.009550713 0.980713606
1695455012.037000 1.365334511 0.023676109 2.355566978 0.000902165 -0.194316715 0.011557642 0.980870426
1695455012.203000 1.361164808 0.023606753 2.367305994 0.003127237 -0.195230439 0.011553355 0.980684400
1695455012.369000 1.356433868 0.023547826 2.378871202 0.001014563 -0.195692912 0.011286217 0.980599761
1695455012.531000 1.352400780 0.023622857 2.390469313 0.001050039 -0.196309909 0.011132774 0.980478227
1695455012.695000 1.347092867 0.023724545 2.401987314 0.004324783 -0.196194485 0.012495675 0.980475903
1695455012.860000 1.341950059 0.023960009 2.413617611 0.003931664 -0.195489198 0.011857806 0.980626345
1695455013.025000 1.337046146 0.023913555 2.425401926 -0.000281484 -0.196256891 0.012032274 0.980478644
1695455013.187000 1.332141042 0.024000175 2.436891794 -0.001534564 -0.196003497 0.012047349 0.980527997
1695455013.351000 1.327516317 0.024385812 2.448348761 -0.001807520 -0.196635008 0.011533685 0.980407238
1695455013.515000 1.322998643 0.024456142 2.460144758 -0.000651869 -0.197307557 0.011755414 0.980270982
1695455013.679000 1.318077564 0.024146598 2.471090078 0.004855477 -0.196930528 0.012433066 0.980326593
1695455013.841000 1.313606143 0.024373161 2.482437611 0.007202769 -0.197315991 0.012774903 0.980230272
1695455014.005000 1.308883786 0.024523119 2.493537426 0.000549089 -0.197571546 0.011908167 0.980215967
1695455014.166000 1.304454923 0.024823049 2.504665852 -0.001379239 -0.198149443 0.010852372 0.980110765
1695455014.330000 1.299764037 0.024801403 2.515025377 0.002334032 -0.198014945 0.009177229 0.980153322
1695455014.493000 1.295196295 0.024656620 2.525873184 0.007151685 -0.198345736 0.008335878 0.980070591
1695455014.651000 1.290533423 0.024598617 2.536631346 0.007984045 -0.198847055 0.006221048 0.979978263
1695455014.812000 1.285820246 0.024857629 2.547794342 0.001504310 -0.198549360 0.006313906 0.980069399
1695455015.283000 1.281132460 0.025211144 2.558813810 -0.002152915 -0.198511377 0.007323879 0.980068862
1695455015.440000 1.271432400 0.024403514 2.572926998 0.001957625 -0.199646220 0.020301968 0.979655802
1695455015.597000 1.264047027 0.024471961 2.597147465 0.000093897 -0.199355781 0.012840783 0.979843080
1695455015.755000 1.256230116 0.025814306 2.620131254 -0.000813348 -0.197984219 0.004924102 0.980192542
1695455015.916000 1.252955198 0.025971629 2.626123428 0.001720469 -0.199468955 0.009987248 0.979851782
1695455016.075000 1.248070002 0.025278401 2.637869596 0.005944481 -0.199343577 0.010758298 0.979852557
1695455016.234000 1.242739916 0.025523726 2.649720192 0.004184465 -0.199569121 0.009844455 0.979825377
1695455016.394000 1.237573028 0.025849450 2.662182093 0.000987788 -0.199636459 0.009565005 0.979822874
1695455016.555000 1.232695460 0.026089443 2.674573660 0.001644895 -0.200842276 0.009661409 0.979574621
1695455016.712000 1.226858497 0.026155343 2.687063456 0.001413150 -0.200711459 0.009527168 0.979603052
1695455016.868000 1.220886707 0.026320802 2.699975014 0.000708721 -0.212372750 0.013793271 0.977091134
1695455017.025000 1.214996099 0.026654471 2.711969137 0.001258807 -0.216096774 0.011644362 0.976301730
1695455017.181000 1.209475398 0.026770454 2.724026918 0.001751559 -0.216972068 0.010053264 0.976124465
1695455017.342000 1.203338265 0.026583062 2.736407757 0.001488561 -0.216862872 0.009673210 0.976153016
1695455017.497000 1.198051214 0.026920632 2.748448849 0.002343965 -0.217556953 0.009444046 0.975999177
1695455017.653000 1.192042947 0.026777327 2.760105848 0.001731307 -0.217223227 0.009588231 0.976073325
1695455017.810000 1.185835361 0.026887456 2.772638798 0.001998247 -0.217313081 0.009228919 0.976056337
1695455017.966000 1.180844903 0.026894502 2.783677578 0.003209298 -0.217587993 0.010131605 0.975982904
1695455018.125000 1.175046086 0.026772995 2.795873165 0.003710668 -0.217735201 0.010953333 0.975939453
1695455018.282000 1.169058561 0.027339879 2.809418678 0.004381321 -0.218623340 0.011342251 0.975733578
1695455018.440000 1.163032055 0.027009539 2.822449446 0.003385540 -0.218773499 0.010065794 0.975717902
1695455018.596000 1.156812072 0.027673444 2.836250782 0.003575573 -0.219468355 0.010652845 0.975554943
1695455018.749000 1.150498509 0.027449934 2.849506617 0.001254217 -0.219541669 0.010559104 0.975545228
1695455018.907000 1.144007325 0.027817797 2.862959146 0.000804752 -0.219139442 0.011158972 0.975629449
1695455019.065000 1.137238741 0.027830789 2.876485109 -0.000970219 -0.219015434 0.011606311 0.975651920
1695455019.225000 1.130640030 0.028125238 2.891028404 -0.000866950 -0.219565377 0.010465127 0.975541294
1695455019.379000 1.123536587 0.028224129 2.904550076 0.001067677 -0.219245374 0.010730055 0.975610197
1695455019.533000 1.117542982 0.028288314 2.918076277 0.001972107 -0.219831526 0.010110700 0.975483477
1695455019.686000 1.110703707 0.028540140 2.931397915 0.002050387 -0.219791397 0.010151067 0.975491941
1695455019.838000 1.105004430 0.028460357 2.945389748 0.000876382 -0.215029821 0.008923724 0.976566315
1695455019.989000 1.097790480 0.028725438 2.958231926 0.001095059 -0.211997688 0.008631060 0.977231443
1695455020.141000 1.092522144 0.028887527 2.971408129 0.001234428 -0.212635666 0.010279153 0.977076709
1695455020.292000 1.085920811 0.028879393 2.984614611 0.001361759 -0.212405771 0.010407418 0.977125227
1695455020.447000 1.079808712 0.029161058 2.997545481 0.002252077 -0.212507650 0.010907406 0.977095962
1695455020.599000 1.074691057 0.029069137 3.010677099 0.003003710 -0.213266611 0.010993187 0.976927578
1695455021.082000 1.054764271 0.029337589 3.051520824 0.002784000 -0.213238716 0.011228471 0.976931691
1695455021.236000 1.046864629 0.028066853 3.065618277 0.004676520 -0.211595610 0.012894331 0.977261066
1695455021.386000 1.042366028 0.029533280 3.078165293 0.002856401 -0.213233471 0.011705521 0.976926982
1695455021.535000 1.036642075 0.029650886 3.091433048 -0.000504994 -0.213480577 0.010726014 0.976888359
1695455021.685000 1.031539798 0.029277328 3.103469372 -0.001137098 -0.214434445 0.010214393 0.976684332
1695455021.837000 1.024520993 0.029098386 3.116580009 0.000993999 -0.213522375 0.010553586 0.976880670
1695455021.984000 1.017708540 0.029416494 3.129146099 0.002140448 -0.212705866 0.011061937 0.977051318
1695455022.132000 1.012655139 0.029424645 3.141895533 0.000839782 -0.213575318 0.010592427 0.976868808
1695455022.279000 1.007472634 0.030132519 3.153872967 0.001493665 -0.214387923 0.011604436 0.976678550
1695455022.427000 1.000921965 0.029680673 3.167136669 0.001369764 -0.213644728 0.010910906 0.976849556
1695455022.574000 0.997926831 0.030263118 3.179437160 0.001560496 -0.216894329 0.011076670 0.976131022
1695455022.719000 0.991037071 0.030191649 3.191930532 0.001061324 -0.216274828 0.010728278 0.976273000
1695455022.868000 0.984230638 0.030485574 3.204437733 0.001522823 -0.214732334 0.011341799 0.976605892
1695455023.013000 0.978046954 0.030748598 3.216752768 0.002313513 -0.214984447 0.012332325 0.976536930
1695455023.157000 0.973171175 0.030482572 3.228678226 0.001839499 -0.215635449 0.011107943 0.976409018
1695455023.303000 0.967209339 0.030665413 3.240757704 0.002145045 -0.215831503 0.011364935 0.976362169
1695455023.448000 0.961751997 0.030783903 3.253153324 0.001524038 -0.215956345 0.010520918 0.976345181
1695455023.595000 0.955071688 0.030897591 3.265108109 0.001145942 -0.214996919 0.010596283 0.976556599
1695455023.739000 0.950125754 0.031025905 3.277555704 0.000181708 -0.215926170 0.011029932 0.976347387
1695455023.885000 0.944133997 0.031237250 3.289484978 0.000872927 -0.215104595 0.010733103 0.976531684
1695455024.029000 0.938469768 0.031310648 3.301589966 0.001531787 -0.215531811 0.010864697 0.976435184
1695455024.175000 0.932071567 0.031237539 3.313453197 0.001793340 -0.215375558 0.012053837 0.976455331
1695455024.319000 0.927114189 0.031520251 3.325757027 0.001117513 -0.215977073 0.012118641 0.976322591
1695455024.465000 0.920726001 0.031560093 3.337486506 0.000462513 -0.215240762 0.011656636 0.976491392
1695455024.611000 0.915858746 0.031792786 3.348698378 0.000052773 -0.216570035 0.013145112 0.976178646
1695455024.754000 0.910447896 0.032020181 3.361451387 0.000801426 -0.216223374 0.012722769 0.976260722
1695455024.900000 0.904907584 0.031993352 3.373137474 0.000643621 -0.216130614 0.012818326 0.976280093
1695455025.044000 0.899134994 0.031968534 3.385036469 0.000336507 -0.216799363 0.013127798 0.976127863
1695455025.187000 0.893442810 0.032233566 3.396892071 0.001195792 -0.217363238 0.014253280 0.975986063
1695455025.341000 0.888331950 0.032332137 3.408698559 0.001512978 -0.216946304 0.013079165 0.976094782
1695455025.483000 0.882733524 0.032501858 3.420332193 0.001928032 -0.216878265 0.012323454 0.976118982
1695455025.626000 0.877376795 0.032627165 3.431842804 0.001430894 -0.216990978 0.012592946 0.976091325
1695455025.768000 0.871934116 0.032684464 3.443467140 0.000765578 -0.217097864 0.010749680 0.976090372
1695455025.910000 0.866480172 0.032787852 3.454752922 0.000619302 -0.216878191 0.011008103 0.976136446
1695455026.050000 0.861229181 0.032925628 3.466105223 0.001033381 -0.217104733 0.011801010 0.976076484
1695455026.191000 0.855906367 0.033143602 3.477570057 0.000904028 -0.217145249 0.013134276 0.976050556
1695455026.648000 0.850526214 0.033196371 3.488310337 -0.000731899 -0.216606915 0.014258304 0.976154506
1695455026.782000 0.834877014 0.033843480 3.522885323 -0.002459022 -0.217216387 0.016402084 0.975982547
1695455026.920000 0.826455355 0.033684470 3.534978867 -0.000873330 -0.215923205 0.016636634 0.976268232
1695455027.060000 0.822637677 0.033573549 3.545259237 -0.000074295 -0.216489688 0.018498074 0.976109624
1695455027.219000 0.819511294 0.034018129 3.555444002 0.000136621 -0.217294723 0.016798040 0.975961506
1695455027.396000 0.812810063 0.034286015 3.569083452 -0.000061100 -0.217295781 0.013376711 0.976014197
1695455027.562000 0.807081819 0.033534337 3.582359314 0.000553222 -0.213419840 0.012559005 0.976879776
1695455027.718000 0.801109552 0.034188911 3.595419884 0.001224608 -0.212582722 0.013717600 0.977046013
1695455027.855000 0.796652913 0.034151338 3.605929613 0.002615835 -0.212795988 0.013981204 0.976993144
1695455027.992000 0.791093826 0.033711679 3.616283894 0.002066930 -0.212541759 0.012888541 0.977064848
1695455028.129000 0.786880016 0.034233078 3.626618862 0.000960884 -0.213113889 0.012777340 0.976943314
1695455028.263000 0.782608509 0.034425188 3.636631489 0.000328787 -0.212582052 0.010977919 0.977081537
1695455028.399000 0.778586924 0.034346469 3.647277117 0.001545585 -0.196452573 0.009592026 0.980465233
1695455028.534000 0.775184035 0.034440607 3.657587767 0.004148091 -0.184243917 0.009838689 0.982822597
1695455028.667000 0.771330178 0.034489039 3.667727947 0.003255043 -0.182333484 0.009042118 0.983189821
1695455028.802000 0.766941011 0.034754444 3.677716732 -0.002787779 -0.181505904 0.010438439 0.983330548
1695455028.951000 0.763656378 0.035273891 3.687465191 -0.006890429 -0.181753770 0.010710966 0.983261585
1695455029.098000 0.759365022 0.035307631 3.699340820 -0.003045689 -0.181765065 0.011729197 0.983267307
1695455029.249000 0.755279183 0.035300490 3.709128618 0.002637995 -0.183708057 0.013691207 0.982881963
1695455029.393000 0.749915242 0.035307914 3.720759869 0.002678398 -0.196849942 0.017143253 0.980280101
1695455029.547000 0.745808959 0.035452034 3.730164289 0.000596641 -0.197617292 0.013173100 0.980190575
1695455029.691000 0.740885198 0.035378501 3.742076874 0.002507736 -0.198040903 0.014077613 0.980089486
1695455029.821000 0.737019300 0.035441197 3.751317978 0.003601029 -0.198486939 0.016407615 0.979959607
1695455029.952000 0.733375669 0.035607629 3.760224104 0.000718943 -0.198894441 0.018571619 0.979844749
1695455030.083000 0.729355454 0.035801649 3.769539356 -0.002840051 -0.199194893 0.016449632 0.979817748
1695455030.213000 0.725727499 0.036088526 3.778540611 -0.003780890 -0.199519143 0.015044326 0.979771197
1695455030.346000 0.721699893 0.035999719 3.787793398 -0.001436265 -0.199352607 0.016109955 0.979794323
1695455030.474000 0.718223035 0.036249604 3.796808720 -0.000475007 -0.199381396 0.017891571 0.979758561
1695455030.609000 0.713973761 0.036153756 3.806295633 -0.000033348 -0.199138179 0.018317709 0.979800224
1695455030.739000 0.710209787 0.036178429 3.816013813 0.000233546 -0.199578494 0.020066136 0.979676366
1695455030.870000 0.705596387 0.036592748 3.826132774 -0.003281240 -0.199661463 0.018735688 0.979680300
1695455031.000000 0.701857686 0.036461890 3.835245371 -0.001907794 -0.200092733 0.017861024 0.979612350
1695455031.131000 0.697006106 0.036593698 3.845747948 0.000335340 -0.199892759 0.016979573 0.979670584
1695455031.260000 0.692825198 0.036672361 3.855709553 -0.000787352 -0.200034320 0.015692575 0.979662895
1695455031.388000 0.688776314 0.036796369 3.865340948 -0.002012877 -0.199982345 0.016110387 0.979664981
1695455031.896000 0.684446871 0.037001856 3.875449896 -0.002724102 -0.200713903 0.014606432 0.979537249
1695455032.023000 0.667558193 0.037177637 3.912202835 -0.000104770 -0.201295048 0.013530642 0.979437172
1695455032.151000 0.662817836 0.037529599 3.925830603 -0.000549387 -0.201342598 0.014049237 0.979419947
1695455032.279000 0.657887340 0.037196346 3.933668852 -0.000732986 -0.200848162 0.013940817 0.979522884
1695455032.404000 0.652871013 0.037543915 3.944651842 0.000214684 -0.200490534 0.014504109 0.979588270
1695455032.532000 0.648608923 0.037416000 3.954617023 -0.000140814 -0.200393423 0.013933809 0.979616404
1695455032.658000 0.644120395 0.037904739 3.966682911 -0.000042048 -0.200456083 0.013718020 0.979606688
1695455032.785000 0.640298069 0.037619516 3.974732876 -0.000593991 -0.200498700 0.013860647 0.979595721
1695455032.913000 0.636364281 0.037894651 3.985905170 0.000073038 -0.200451896 0.013864993 0.979605496
1695455033.040000 0.631982446 0.038307078 3.997318029 0.001279458 -0.200903326 0.014314096 0.979505718
1695455033.168000 0.627246022 0.037934650 4.005643845 0.000144231 -0.200738579 0.014130993 0.979542911
1695455033.294000 0.623341143 0.038343899 4.016945839 -0.000158022 -0.200962737 0.013290511 0.979508698
1695455033.421000 0.618684292 0.038185574 4.026099205 -0.000156007 -0.201046258 0.014200733 0.979478836
1695455033.546000 0.613917947 0.038348071 4.037002563 0.000301081 -0.201005057 0.013746736 0.979493797
1695455033.671000 0.609902859 0.038346812 4.046074390 -0.000107690 -0.200883269 0.013091661 0.979527712
1695455033.800000 0.605485439 0.038269185 4.055902004 0.002415740 -0.200165734 0.011254320 0.979694486
1695455033.925000 0.601595402 0.038217075 4.065780163 0.003864313 -0.200973690 0.012015835 0.979515314
1695455034.051000 0.596729338 0.038729876 4.075545311 -0.000427140 -0.212717295 0.015882445 0.976984620
1695455034.179000 0.592023671 0.038784035 4.084861755 -0.003970667 -0.216487378 0.015877601 0.976148248
1695455034.303000 0.587394714 0.039039239 4.095179558 -0.002773987 -0.217788279 0.014692819 0.975881517
1695455034.429000 0.583312094 0.038924392 4.103809834 -0.000872345 -0.217638418 0.014113805 0.975927055
1695455034.556000 0.579103231 0.039165683 4.113461971 0.001143536 -0.217957824 0.013975014 0.975857437
1695455034.681000 0.574438035 0.039015770 4.122626305 0.001028627 -0.217527628 0.014169126 0.975950778
1695455034.804000 0.570434690 0.039269224 4.131944656 0.000253110 -0.218113825 0.014295496 0.975818694
1695455034.930000 0.565923214 0.039274070 4.141065121 -0.000110461 -0.217891932 0.014892763 0.975859284
1695455035.056000 0.561293125 0.039431609 4.150386333 0.000053976 -0.217572913 0.015274913 0.975924611
1695455035.180000 0.557058930 0.039482020 4.159646034 -0.000083743 -0.217881829 0.015170329 0.975857258
1695455035.305000 0.552583277 0.039689511 4.168611526 -0.000092917 -0.217798039 0.015576480 0.975869536
1695455035.434000 0.548322916 0.039594769 4.178016186 -0.000631203 -0.217758209 0.015240429 0.975883543
1695455035.557000 0.544004679 0.039599642 4.186958790 -0.000668207 -0.218003631 0.015224421 0.975829005
1695455035.706000 0.539541602 0.039715793 4.196436882 -0.000281398 -0.217808306 0.015213122 0.975872993
1695455035.859000 0.534141779 0.039773487 4.207965851 0.000931471 -0.217794061 0.015490784 0.975871384
1695455036.015000 0.528717756 0.039915346 4.219173908 0.000795092 -0.217945412 0.014940720 0.975846350
1695455036.148000 0.523382127 0.040139463 4.230452061 -0.000283364 -0.217969820 0.013318215 0.975864589
1695455036.269000 0.518995881 0.040147007 4.239224434 0.000143545 -0.218295202 0.015493921 0.975759804
1695455036.395000 0.514901459 0.040162254 4.248091221 0.000092415 -0.218468472 0.013719776 0.975747585
1695455036.517000 0.510630071 0.040316965 4.257215500 0.001023400 -0.218641907 0.013055678 0.975717306
1695455036.646000 0.506121337 0.040402126 4.266734600 0.001275890 -0.218670323 0.013362725 0.975706518
1695455036.767000 0.501962721 0.040583782 4.275486469 0.000184757 -0.218572706 0.013774499 0.975723445
1695455036.888000 0.497974098 0.040699229 4.284029961 -0.001028188 -0.219040468 0.014343865 0.975609839
1695455037.008000 0.493932426 0.040777903 4.292734146 -0.000961584 -0.218943998 0.014759901 0.975625336
1695455037.487000 0.477893591 0.041186135 4.326590538 -0.000147553 -0.218872204 0.015519345 0.975630105
1695455037.606000 0.471787125 0.040757552 4.336422443 -0.000142147 -0.218573749 0.014439010 0.975713611
1695455037.725000 0.469609857 0.041232236 4.344141006 0.001380010 -0.218995586 0.015988681 0.975593865
1695455037.846000 0.465239286 0.041130014 4.352894783 0.002547095 -0.219041601 0.016669415 0.975569844
1695455037.966000 0.461067319 0.041350275 4.362191677 0.001854154 -0.219074190 0.016439673 0.975567937
1695455038.087000 0.456387550 0.041614540 4.371371269 -0.000342769 -0.219118625 0.016584340 0.975557268
1695455038.206000 0.452182472 0.041745938 4.380921364 -0.000870795 -0.219137460 0.015546915 0.975569785
1695455038.325000 0.447441041 0.041545764 4.389763832 0.000643610 -0.218597293 0.015568652 0.975690782
1695455038.446000 0.443188727 0.041767042 4.399809361 0.002999532 -0.219122857 0.015268435 0.975573242
1695455038.566000 0.437979937 0.041922122 4.410048962 0.002077002 -0.219302237 0.014469642 0.975547493
1695455038.700000 0.433746576 0.042139906 4.419546127 -0.000978331 -0.219367459 0.013265680 0.975551665
1695455038.834000 0.430137873 0.042352431 4.427039623 -0.001534760 -0.219536617 0.013193175 0.975513875
1695455038.956000 0.424861193 0.042339951 4.438225269 -0.000138532 -0.219201833 0.013669310 0.975583792
1695455039.075000 0.419897020 0.042256854 4.448336124 0.000052596 -0.219043747 0.015297857 0.975595176
1695455039.194000 0.415636182 0.042511303 4.458213329 0.000107258 -0.219354615 0.016352756 0.975508153
1695455039.313000 0.410865724 0.042764708 4.467993736 0.000743655 -0.219322786 0.016623413 0.975510478
1695455039.430000 0.406568348 0.042716768 4.477725506 -0.000150222 -0.219252929 0.016478019 0.975528896
1695455039.550000 0.401670426 0.042995863 4.487855434 -0.000428459 -0.219335392 0.016986506 0.975501597
1695455039.667000 0.397213221 0.043011434 4.497653961 -0.000708791 -0.219537199 0.016626419 0.975462198
1695455039.787000 0.393072426 0.043105945 4.507152557 -0.000366110 -0.219693512 0.015882308 0.975439608
1695455039.910000 0.388360471 0.043167654 4.516857147 -0.000401448 -0.219829842 0.016038878 0.975406289
1695455040.054000 0.381955117 0.043370217 4.529678345 -0.000800308 -0.219504088 0.017302649 0.975457847
1695455040.172000 0.376954168 0.043220341 4.538978100 -0.001337810 -0.218644559 0.017049398 0.975654781
1695455040.290000 0.373297065 0.043561190 4.549018383 -0.000606916 -0.216054261 0.016446117 0.976242661
1695455040.435000 0.369195402 0.043764442 4.561602116 0.000423165 -0.191941738 0.009984181 0.981355488
1695455040.579000 0.364664495 0.044017687 4.574104309 -0.000075121 -0.186871320 0.011279151 0.982319713
1695455040.725000 0.360027462 0.044153601 4.585597515 -0.000973877 -0.186068773 0.013224469 0.982447267
1695455040.870000 0.355365187 0.044385605 4.597553253 -0.003104781 -0.186597317 0.012200274 0.982355833
1695455041.011000 0.350703359 0.044921502 4.609872818 -0.004007436 -0.186993480 0.011253357 0.982288539
1695455041.155000 0.346446037 0.045055680 4.622293472 -0.003497731 -0.186899424 0.011628468 0.982303977
1695455041.296000 0.341328084 0.045195334 4.633842945 -0.000440427 -0.186502710 0.012393533 0.982376218
1695455041.441000 0.337182313 0.045013823 4.644855976 0.001786889 -0.186462447 0.013397178 0.982369125
1695455041.565000 0.333337307 0.045462087 4.656157494 0.001605136 -0.186814636 0.014640209 0.982284844
1695455041.707000 0.329656512 0.045275137 4.666909218 -0.000651742 -0.186740533 0.015543066 0.982286155
1695455041.850000 0.322677672 0.045296300 4.678248882 -0.001428218 -0.185235307 0.016338594 0.982557356
1695455041.990000 0.319493204 0.045855701 4.690804958 -0.001351314 -0.186476901 0.016448937 0.982320726
1695455042.129000 0.315588623 0.045712143 4.701756477 0.000616159 -0.186525956 0.015323885 0.982330382
1695455042.270000 0.310369492 0.045992620 4.713189602 0.000478504 -0.185696885 0.015841946 0.982479274
1695455042.408000 0.306158781 0.046228871 4.724881649 -0.002416882 -0.185927540 0.016350515 0.982424498
1695455042.547000 0.300887883 0.046412051 4.737257481 0.000566640 -0.185580641 0.017513951 0.982472777
1695455042.968000 0.296214700 0.045934871 4.748113155 0.008717855 -0.184710965 0.018276226 0.982584298
1695455043.098000 0.284097761 0.047254946 4.781556606 -0.005996305 -0.185851425 0.016795639 0.982416034
1695455043.235000 0.276840866 0.046991408 4.793400764 -0.007194620 -0.184457690 0.015221181 0.982696295
1695455043.370000 0.275262952 0.047208343 4.803614616 -0.001798352 -0.185810313 0.014742349 0.982473433
1695455043.508000 0.270431101 0.047115296 4.814503193 0.002692821 -0.185194850 0.014883005 0.982585430
1695455043.644000 0.266449094 0.047402613 4.824487209 0.001979697 -0.185519218 0.019406833 0.982447028
1695455043.781000 0.262918681 0.047455650 4.835666656 0.000057905 -0.186561853 0.020990249 0.982218981
1695455043.919000 0.258236319 0.047567505 4.846621513 -0.000134165 -0.186468378 0.019260777 0.982272148
1695455044.056000 0.253989309 0.047627926 4.857057571 -0.003535080 -0.186278179 0.018507591 0.982316375
1695455044.192000 0.249203101 0.047870241 4.867180347 -0.005779952 -0.185665339 0.017360445 0.982442677
1695455044.332000 0.245477498 0.048161075 4.878509521 -0.000291194 -0.186267883 0.018474992 0.982325256
1695455044.468000 0.241005093 0.048079010 4.889824867 0.006047197 -0.186179370 0.017520890 0.982340932
1695455044.602000 0.236570314 0.047972806 4.900973797 0.008579284 -0.185986534 0.015130483 0.982398331
1695455044.739000 0.231954738 0.048118457 4.912675381 0.008776388 -0.186262399 0.013151747 0.982372820
1695455044.872000 0.227090091 0.048279721 4.924997807 0.005738988 -0.186664820 0.011274154 0.982342243
1695455045.009000 0.221475944 0.048715055 4.937954903 -0.001213673 -0.186105162 0.013449949 0.982437074
1695455045.144000 0.216527328 0.048893280 4.951261997 -0.005140787 -0.186104983 0.017495012 0.982360661
1695455045.277000 0.211704537 0.049103022 4.963837147 -0.002146963 -0.186030790 0.021360798 0.982309341
1695455045.412000 0.205668718 0.049044061 4.978070259 0.002227186 -0.185762122 0.022050571 0.982344806
1695455045.547000 0.201174930 0.048852000 4.991338253 0.004890359 -0.186722711 0.024405453 0.982097328
1695455045.681000 0.195179969 0.048887748 5.006390095 0.005558762 -0.186893106 0.025778076 0.982026279
1695455045.819000 0.189473704 0.049419191 5.020439148 -0.000257180 -0.187072992 0.021999296 0.982099652
1695455045.951000 0.183254048 0.049824797 5.034610271 -0.005556165 -0.187137634 0.019876264 0.982116938
1695455046.087000 0.177675620 0.050219297 5.049696922 -0.005229579 -0.187204704 0.019903576 0.982105374
1695455046.222000 0.172104225 0.050098665 5.063833714 -0.002977289 -0.191199690 0.022947386 0.981278419
1695455046.358000 0.167631313 0.049853548 5.077424049 -0.000088076 -0.207870468 0.027012276 0.977783382
1695455046.487000 0.158966348 0.049941283 5.091298580 0.002198529 -0.207917765 0.027474340 0.977757931
1695455046.620000 0.152866647 0.050019622 5.104678154 0.000982769 -0.208390787 0.024150133 0.977746964
1695455046.751000 0.146143287 0.050049022 5.118703365 -0.002007449 -0.208117872 0.022191811 0.977849960
1695455046.900000 0.139928550 0.050462477 5.132266998 -0.002614575 -0.208483011 0.020465480 0.977808356
1695455047.029000 0.133730143 0.050125986 5.144485950 -0.001098871 -0.207859516 0.020683113 0.977939427
1695455047.158000 0.129585177 0.050185923 5.158246517 0.001224830 -0.208622381 0.019202229 0.977806985
1695455047.271000 0.123249233 0.051230088 5.171491146 0.001244111 -0.208606362 0.020083973 0.977792680
1695455047.405000 0.118386388 0.050313994 5.185059071 -0.002741083 -0.209489733 0.019087145 0.977620721
1695455047.555000 0.112243414 0.050924577 5.197808743 -0.002469769 -0.209289700 0.018176505 0.977681637
1695455047.688000 0.105598256 0.050535884 5.213175774 0.000117904 -0.209465280 0.018594678 0.977639318
1695455047.816000 0.100742474 0.051144976 5.225483418 0.002884033 -0.209930003 0.018735258 0.977532625
1695455048.205000 0.095412567 0.051099464 5.237972260 0.002545387 -0.210667074 0.017824879 0.977392077
1695455048.325000 0.078379452 0.051761560 5.266415596 -0.001226266 -0.208364710 0.019365998 0.977858722
1695455048.454000 0.073459506 0.051201943 5.283581734 -0.002587996 -0.210768521 0.020913765 0.977308869
1695455048.583000 0.067638934 0.052069105 5.292672157 -0.001120746 -0.209189340 0.019502109 0.977680027
1695455048.709000 0.062390447 0.052449804 5.305519581 0.000281503 -0.209631130 0.018730747 0.977601111
1695455048.837000 0.057170972 0.051954944 5.318914413 -0.000477089 -0.210703850 0.018681958 0.977371335
1695455048.965000 0.051802248 0.052564289 5.327984810 -0.000244834 -0.209699005 0.019625826 0.977568984
1695455049.090000 0.046675682 0.052945845 5.340351105 0.000197253 -0.209932521 0.019099882 0.977529347
1695455049.224000 0.041448995 0.052705787 5.350565910 -0.000492702 -0.209705725 0.019534942 0.977569282
1695455049.339000 0.036306128 0.052698497 5.361990929 -0.000578486 -0.209488213 0.019091668 0.977624595
1695455049.462000 0.031211376 0.053000234 5.374126911 -0.000145624 -0.209853768 0.019373842 0.977540851
1695455049.587000 0.026333615 0.052948758 5.384514332 -0.000523804 -0.210045621 0.019519428 0.977496564
1695455049.714000 0.021453038 0.053163819 5.396110535 -0.001211015 -0.210261852 0.019295422 0.977453947
1695455049.838000 0.016436681 0.053218964 5.407046318 -0.003446053 -0.210692793 0.018925590 0.977363050
1695455049.964000 0.011352614 0.053390175 5.418793678 -0.001729589 -0.210931629 0.018795913 0.977318645
1695455050.089000 0.006613731 0.053506870 5.430466652 0.001561638 -0.211660668 0.019312374 0.977151155
1695455050.217000 0.001723140 0.053207703 5.440524578 0.001529319 -0.211041451 0.019895907 0.977273464
1695455050.340000 -0.003000736 0.053359460 5.451432228 0.000563925 -0.210820004 0.018863680 0.977342725
1695455050.468000 -0.008439839 0.053515442 5.460703850 -0.000674016 -0.210219577 0.018707467 0.977474988
1695455050.591000 -0.013350144 0.053358264 5.471373558 -0.000840724 -0.210241258 0.018855980 0.977467358
1695455050.716000 -0.018147871 0.053622853 5.481244087 0.000482027 -0.210010171 0.018641982 0.977521360
1695455050.845000 -0.022491619 0.053325307 5.492368221 0.000294447 -0.210809365 0.018364789 0.977354646
1695455050.971000 -0.027903482 0.053262342 5.503411293 -0.000357688 -0.210672066 0.018590704 0.977379978
1695455051.113000 -0.032472461 0.053489659 5.513316154 -0.000587094 -0.210776627 0.017776469 0.977372468
1695455051.227000 -0.037819982 0.053647123 5.523930550 -0.000284035 -0.210310891 0.017623341 0.977475703
1695455051.352000 -0.042484596 0.053792797 5.534647465 0.000274058 -0.210678041 0.017858868 0.977392316
1695455051.477000 -0.047182858 0.053896811 5.545023918 0.000359217 -0.211126447 0.018100968 0.977291107
1695455051.598000 -0.052390262 0.053932872 5.554865837 0.000186484 -0.210181147 0.018490892 0.977487564
1695455051.723000 -0.057638332 0.054124903 5.564848423 0.000904661 -0.209557548 0.018423455 0.977622330
1695455051.844000 -0.061915293 0.053712577 5.575157166 0.002474062 -0.210167348 0.018879844 0.977479994
1695455051.970000 -0.066775456 0.053772237 5.585192204 0.003522768 -0.209948197 0.019179471 0.977518022
1695455052.090000 -0.072270371 0.054016944 5.594926357 0.002610426 -0.209445849 0.019093420 0.977630377
1695455052.213000 -0.076021723 0.053463507 5.605145931 0.000433649 -0.210072458 0.017925542 0.977521420
1695455052.335000 -0.081037886 0.053933736 5.615273952 0.000099328 -0.210083127 0.017744368 0.977522552
1695455052.455000 -0.085539155 0.053726871 5.625549793 -0.000959447 -0.210209757 0.017103594 0.977506220
1695455052.578000 -0.090872094 0.053697735 5.635878563 -0.001253056 -0.209951788 0.016624426 0.977569580
1695455052.697000 -0.096145257 0.053904232 5.645854950 -0.000357251 -0.209248319 0.017181166 0.977711499
1695455052.818000 -0.099636085 0.054084782 5.656135082 -0.000229937 -0.210056737 0.017071920 0.977540135
1695455052.942000 -0.103951946 0.054237641 5.666372299 -0.000240532 -0.210652098 0.016922504 0.977414608
1695455053.060000 -0.109742828 0.054379217 5.675641060 -0.000537521 -0.209152117 0.016846716 0.977737844
1695455053.181000 -0.113422580 0.054544937 5.685237408 -0.000163476 -0.210080162 0.016962841 0.977536976
1695455053.305000 -0.118520051 0.054750957 5.695193291 0.000001636 -0.210067347 0.017099870 0.977537394
1695455053.422000 -0.122882187 0.054805558 5.705302238 0.000320524 -0.210548311 0.017181573 0.977432430
1695455053.543000 -0.127065510 0.054704800 5.715363026 0.000105041 -0.210649654 0.017200839 0.977410316
1695455053.665000 -0.132031485 0.054864530 5.724575520 -0.000690453 -0.210021690 0.018121984 0.977528512
1695455053.785000 -0.136489391 0.054794688 5.734512806 -0.000953976 -0.210423291 0.018054806 0.977443218
1695455054.223000 -0.141107842 0.055149853 5.743793964 -0.003949258 -0.210565165 0.017871408 0.977408469
1695455054.348000 -0.143170327 0.053104579 5.760511875 -0.000319968 -0.211670294 0.014201108 0.977237940
1695455054.468000 -0.152503654 0.054246794 5.774875164 -0.000073675 -0.211046845 0.014703498 0.977365375
1695455054.584000 -0.154441729 0.054074898 5.781208038 -0.002344343 -0.211648524 0.012533676 0.977262676
1695455054.703000 -0.159738451 0.054497890 5.790981770 -0.002264224 -0.211185962 0.012658302 0.977361321
1695455054.821000 -0.161822021 0.054426149 5.799242496 -0.001745117 -0.212951988 0.012666903 0.976979017
1695455054.938000 -0.166462272 0.054930884 5.806703568 -0.000855583 -0.211788177 0.014596670 0.977206230
1695455055.058000 -0.168980956 0.054974701 5.813608646 -0.000252496 -0.211815014 0.013618089 0.977214932
1695455055.177000 -0.171466529 0.055154409 5.820549011 -0.000671794 -0.212590083 0.013663774 0.977045715
1695455055.291000 -0.176796302 0.055497702 5.829973698 -0.000823114 -0.212532207 0.014183337 0.977050781
1695455055.407000 -0.179313600 0.055397056 5.836857319 -0.001103093 -0.212942675 0.013704676 0.976967990
1695455055.524000 -0.183715895 0.055691328 5.844990730 -0.000807043 -0.212472722 0.014542719 0.977058470
1695455055.641000 -0.186724842 0.055834446 5.852111816 -0.000264885 -0.212362155 0.015044598 0.977075160
1695455055.758000 -0.189820409 0.055955388 5.859096527 -0.000154347 -0.212062657 0.015059139 0.977140069
1695455055.875000 -0.194167525 0.055938143 5.867605209 -0.000718034 -0.211990982 0.015920922 0.977141678
1695455055.990000 -0.197150663 0.056129228 5.874718666 -0.000914522 -0.212177977 0.016009906 0.977099538
1695455056.104000 -0.200832069 0.056018271 5.882295609 0.000646155 -0.212084830 0.019178258 0.977062821
1695455056.218000 -0.204101592 0.055992417 5.889448643 0.002693855 -0.212211952 0.018778101 0.977039516
1695455056.336000 -0.207043350 0.055960353 5.896603584 0.001120236 -0.212447807 0.018166291 0.977002919
1695455056.449000 -0.210623488 0.056383710 5.904119968 -0.000811800 -0.212182194 0.017786438 0.977067888
1695455056.562000 -0.213883743 0.056547105 5.910877228 -0.002092155 -0.211761162 0.017472353 0.977163017
1695455056.676000 -0.217299387 0.056379177 5.918245792 -0.002882077 -0.212030649 0.019620724 0.977061808
1695455056.791000 -0.220356748 0.056570645 5.925161362 -0.002501443 -0.212255001 0.021144642 0.976982355
1695455056.903000 -0.223746881 0.056576960 5.932152748 -0.001336596 -0.212318361 0.019924294 0.976996481
1695455057.018000 -0.226961389 0.056691177 5.939281464 -0.000693350 -0.212522760 0.020129694 0.976948559
1695455057.131000 -0.230171308 0.056798164 5.946166039 -0.000920594 -0.212254986 0.019530015 0.977018714
