1695436643.752000 0.001288763 0.000768563 0.041694958 0.000139173 -0.000402908 0.000216473 0.999999881
1695436643.812000 -0.001349818 0.002706022 0.104126878 -0.000214465 0.000344412 0.000178056 0.999999940
1695436643.852000 0.001910339 0.003167629 0.145289436 -0.001178354 -0.000654287 -0.000125108 0.999999106
1695436643.911000 0.001161803 0.005079075 0.207015261 -0.001900894 -0.000298931 -0.000687889 0.999997914
1695436643.952000 0.001668242 0.005680548 0.248477429 -0.002301134 -0.000468737 -0.000657633 0.999997020
1695436644.011000 0.002035832 0.007206562 0.307877958 -0.002923525 -0.000607819 -0.001331669 0.999994695
1695436644.054000 0.001777009 0.007980448 0.349591255 -0.003443872 -0.000557446 -0.001748947 0.999992430
1695436644.113000 0.001249255 0.009284891 0.412548333 -0.003505058 -0.000378046 -0.001720810 0.999992311
1695436644.152000 0.001675209 0.010224352 0.453167230 -0.003588553 -0.000584947 -0.002110246 0.999991179
1695436644.210000 0.001679700 0.011571346 0.512101650 -0.003388653 -0.000359772 -0.002640606 0.999990702
1695436644.250000 0.000815727 0.012896459 0.554100931 -0.003240416 -0.000148230 -0.002717905 0.999991059
1695436644.308000 -0.000116140 0.013580210 0.610665977 -0.003860063 -0.000165686 -0.003386018 0.999986827
1695436644.365000 -0.003592023 0.014652264 0.666223764 -0.004256352 0.000586220 -0.002925460 0.999986529
1695436644.405000 0.000505609 0.016178347 0.710053146 -0.004707428 0.002772089 -0.005034093 0.999972403
1695436644.462000 0.002436134 0.018046347 0.767512083 -0.005873783 0.009001081 -0.007926035 0.999910831
1695436644.519000 0.004094059 0.020431032 0.826898932 -0.006135579 0.013240499 -0.009833885 0.999845207
1695436644.559000 0.005896389 0.021007216 0.863981426 -0.005954817 0.015209766 -0.010544975 0.999810994
1695436644.617000 0.007613376 0.022015749 0.923145771 -0.005059126 0.017463319 -0.012237651 0.999759793
1695436644.658000 0.008147340 0.022193730 0.962635756 -0.004134754 0.018814338 -0.013658470 0.999721229
1695436644.715000 0.010451335 0.023108857 1.022305250 -0.000737036 0.019856848 -0.014126889 0.999702811
1695436644.776000 0.012193777 0.023809537 1.078789711 0.000796288 0.020843385 -0.013844458 0.999686599
1695436644.816000 0.013296070 0.023954915 1.119045019 0.000824913 0.021442380 -0.013815770 0.999674320
1695436644.875000 0.013650175 0.026693629 1.177174449 0.001527646 0.022687312 -0.012812863 0.999659359
1695436644.914000 0.015535062 0.028035225 1.217312098 0.000018872 0.022737462 -0.011155725 0.999679267
1695436644.972000 0.019148551 0.027963322 1.274248004 -0.003150786 0.023020536 -0.008968230 0.999689817
1695436645.031000 0.021251243 0.028340187 1.331048250 -0.005701719 0.023368312 -0.008042677 0.999678373
1695436645.071000 0.022617497 0.030856842 1.371241212 -0.004727069 0.024020329 -0.007256599 0.999673963
1695436645.127000 0.025106678 0.032683853 1.430354357 -0.005019788 0.024125889 -0.006060641 0.999677956
1695436645.183000 0.029093858 0.032894608 1.486726642 -0.003754681 0.023936370 -0.006281892 0.999686718
1695436645.222000 0.028493213 0.035569295 1.526492476 -0.002822755 0.024608891 -0.006292263 0.999673367
1695436645.280000 0.032861412 0.035767011 1.588234782 -0.001364114 0.024808658 -0.006326217 0.999671280
1695436645.337000 0.034159906 0.037361670 1.645649195 -0.002204027 0.025266858 -0.006466808 0.999657452
1695436645.376000 0.037110746 0.037590373 1.684612632 -0.003307577 0.025062868 -0.006174132 0.999661326
1695436645.433000 0.038911916 0.037852578 1.740682960 -0.003535972 0.025191039 -0.006677981 0.999654114
1695436645.473000 0.040248267 0.038365584 1.779100299 -0.002530732 0.025783107 -0.006921032 0.999640465
1695436645.529000 0.045319393 0.039040782 1.840532899 -0.000310542 0.025325265 -0.005026445 0.999666631
1695436645.584000 0.048515588 0.040432010 1.898424625 0.002609843 0.025311187 -0.003705085 0.999669373
1695436645.625000 0.051093049 0.040614419 1.936014771 0.003441578 0.025075193 -0.003002618 0.999675155
1695436645.682000 0.054711264 0.041721594 1.997050643 0.004102761 0.025373189 0.000181532 0.999669611
1695436645.738000 0.057221793 0.042731438 2.055174112 0.001668307 0.025622712 0.001964895 0.999668360
1695436645.776000 0.058914870 0.043308344 2.094275951 -0.001086161 0.025678927 0.001979642 0.999667704
1695436645.833000 0.061243076 0.045442041 2.152892828 -0.004022667 0.026061637 0.002237014 0.999649763
1695436645.891000 0.063722000 0.047052491 2.210986853 -0.005501544 0.026119629 0.000963753 0.999643266
1695436645.930000 0.065593310 0.048857249 2.251569033 -0.005391464 0.026046177 -0.000395240 0.999646127
1695436645.987000 0.068828225 0.048914999 2.310200214 -0.005561067 0.025861787 -0.003461858 0.999644101
1695436646.042000 0.071862623 0.049641885 2.366758585 -0.003714104 0.025710572 -0.005313809 0.999648452
1695436646.081000 0.076145120 0.050137457 2.405281544 -0.003253879 0.024995280 -0.006381107 0.999661922
1695436646.137000 0.076582789 0.049952306 2.459474564 -0.001729762 0.025499897 -0.007964196 0.999641657
1695436646.195000 0.075369105 0.051442064 2.514435530 -0.000116353 0.026889985 -0.009250659 0.999595582
1695436646.233000 0.079584934 0.051460631 2.554960012 0.000393738 0.026063621 -0.009894481 0.999611259
1695436646.293000 0.085035451 0.053153154 2.612267971 0.001909513 0.025426108 -0.008936403 0.999634981
1695436646.331000 0.086406328 0.053339615 2.652673006 0.001718695 0.025913069 -0.006375744 0.999642372
1695436646.387000 0.088391349 0.053708609 2.708621979 0.000418774 0.026227094 -0.003877345 0.999648452
1695436646.444000 0.091671146 0.055178415 2.765718222 0.000163244 0.024752375 -0.003040102 0.999688983
1695436646.486000 0.093479253 0.056310117 2.804573774 -0.000307340 0.021188600 -0.001442255 0.999774456
1695436646.543000 0.093541667 0.056301739 2.862368107 -0.003095723 0.016323671 0.000313745 0.999861956
1695436646.582000 0.092215806 0.058125470 2.903496981 -0.003022053 0.014832862 0.000223510 0.999885440
1695436646.636000 0.095995724 0.058609601 2.957412720 -0.003464313 0.012108129 -0.000080985 0.999920726
1695436646.692000 0.097041368 0.060727485 3.012578964 -0.004619722 0.010793852 0.000054364 0.999931097
1695436646.730000 0.099665172 0.060980946 3.048927784 -0.005868005 0.009332011 -0.000655052 0.999939024
1695436646.785000 0.102236032 0.063769184 3.102180719 -0.006192441 0.008107213 -0.000148882 0.999947965
1695436646.840000 0.101822741 0.062919982 3.156306505 -0.004530325 0.008133831 -0.001619397 0.999955356
1695436646.942000 0.094805077 0.067120902 3.263421535 0.000875555 0.009153092 -0.002755985 0.999953926
1695436646.982000 0.101416208 0.065931521 3.294539452 0.000904781 0.007121366 -0.004149554 0.999965668
1695436647.038000 0.102509707 0.068458475 3.351701498 0.001331035 0.007370925 -0.005865962 0.999954760
1695436647.094000 0.101600558 0.069800921 3.404603481 0.001112612 0.007266825 -0.004679251 0.999962032
1695436647.132000 0.105116166 0.069240674 3.445322752 -0.000944369 0.006778836 -0.003512111 0.999970436
1695436647.185000 0.100027911 0.071812257 3.496654749 -0.002440236 0.008350355 -0.001995453 0.999960184
1695436647.240000 0.102768645 0.072725609 3.548549891 -0.004207906 0.007593771 -0.001179269 0.999961674
1695436647.294000 0.103337847 0.074305780 3.601379156 -0.004813803 0.007610283 -0.000903467 0.999959052
1695436647.332000 0.106427379 0.073865898 3.636864662 -0.005348822 0.006237982 -0.001276243 0.999965429
1695436647.386000 0.104651012 0.075217493 3.692314148 -0.004617924 0.007378676 -0.001679485 0.999960721
1695436647.441000 0.103916936 0.076554172 3.746310711 -0.004062157 0.008056292 -0.002034228 0.999957263
1695436647.495000 0.106522068 0.076854378 3.797183752 -0.003220228 0.007244753 -0.002622966 0.999965131
1695436647.534000 0.107789218 0.077796824 3.831782579 -0.002375064 0.006870591 -0.002623292 0.999970138
1695436647.586000 0.105743967 0.078474551 3.887044907 -0.001843487 0.008167781 -0.002884949 0.999960780
1695436647.641000 0.108086988 0.078841098 3.936772585 -0.001621661 0.007825424 -0.003196943 0.999962986
1695436647.695000 0.108047925 0.080211468 3.990606070 -0.001382394 0.007799443 -0.003203090 0.999963522
1695436647.732000 0.108485430 0.080849029 4.026046276 -0.001366500 0.008105482 -0.002938934 0.999961913
1695436647.785000 0.107919849 0.082093112 4.077844620 -0.001554778 0.008198137 -0.002330466 0.999962449
1695436647.839000 0.109773770 0.083487809 4.127408028 -0.001877258 0.007961618 -0.002413282 0.999963641
1695436647.892000 0.110175483 0.084528014 4.177874088 -0.002064740 0.008235873 -0.002226843 0.999961495
1695436647.929000 0.111908227 0.086157948 4.212809563 -0.001614525 0.007853799 -0.002254310 0.999965310
1695436647.982000 0.110868402 0.086070105 4.263487339 -0.001981081 0.008346720 -0.002230919 0.999960721
1695436648.036000 0.112947397 0.086843252 4.313627243 -0.001969860 0.007957952 -0.002237027 0.999963939
1695436648.089000 0.112472877 0.088868335 4.364844322 -0.001807387 0.008183231 -0.001592518 0.999963641
1695436648.142000 0.116323233 0.088929400 4.411674976 0.003666889 0.007216244 -0.001458625 0.999966204
1695436648.196000 0.113551594 0.087684266 4.465238571 0.006306262 0.008504111 -0.002256895 0.999941409
1695436648.232000 0.110816970 0.087438047 4.500413418 0.006810352 0.009587497 -0.002429026 0.999927938
1695436648.286000 0.115580112 0.088741310 4.548919678 0.006318152 0.008196793 -0.002483716 0.999943376
1695436648.340000 0.120363504 0.090336591 4.597892284 0.004939484 0.006748848 -0.003174476 0.999960005
1695436648.394000 0.117220260 0.092468306 4.648430347 0.001286426 0.008360035 -0.003640512 0.999957621
1695436648.431000 0.115726531 0.092953928 4.684071064 -0.000800457 0.009164356 -0.003254853 0.999952435
1695436648.485000 0.119215518 0.095160104 4.732787609 -0.002653551 0.008236425 -0.003478841 0.999956548
1695436648.538000 0.118297286 0.096875608 4.782296658 -0.003987766 0.008421854 -0.002957769 0.999952197
1695436648.589000 0.118814990 0.097558588 4.830612659 -0.004576517 0.008887457 -0.003220260 0.999944866
1695436648.642000 0.120998330 0.098427236 4.877211571 -0.004227297 0.007980613 -0.003057668 0.999954522
1695436648.696000 0.121590719 0.099436209 4.926410198 -0.003471715 0.008510898 -0.003325678 0.999952257
1695436648.732000 0.121236488 0.099920593 4.960339546 -0.002901620 0.008468122 -0.003320632 0.999954462
1695436648.785000 0.122295976 0.100327164 5.009892464 -0.002282491 0.008837971 -0.003616256 0.999951839
1695436648.838000 0.122799598 0.101216145 5.058442593 -0.001488224 0.008828873 -0.003472938 0.999953926
1695436648.891000 0.124399409 0.101909123 5.105598927 -0.000798170 0.008776280 -0.003492928 0.999955118
1695436648.946000 0.126097903 0.102584623 5.152893543 -0.000853233 0.008447779 -0.003214776 0.999958813
1695436648.982000 0.126082525 0.103705153 5.187541008 -0.000590113 0.008812437 -0.003429245 0.999955118
1695436649.034000 0.126874328 0.104869083 5.235976219 -0.000794065 0.008703764 -0.002999451 0.999957323
1695436649.086000 0.127604142 0.105833754 5.284287453 -0.000795133 0.008911790 -0.002991511 0.999955535
1695436649.141000 0.130907148 0.105918206 5.330397606 -0.001328876 0.008045037 -0.003097180 0.999961972
1695436649.192000 0.130168840 0.107307680 5.378227234 -0.001107512 0.008617833 -0.003098725 0.999957442
1695436649.244000 0.130272254 0.108050056 5.425456047 -0.001122728 0.008829714 -0.003070346 0.999955714
1695436649.280000 0.130593881 0.108561784 5.457914829 -0.001169380 0.008935167 -0.003348922 0.999953806
1695436649.333000 0.131779835 0.109485291 5.505694389 -0.001128816 0.008743275 -0.003581536 0.999954700
1695436649.385000 0.132071674 0.110120632 5.552400589 -0.001063919 0.008992335 -0.003316283 0.999953508
1695436649.480000 0.133954331 0.112511039 5.645375729 -0.002475355 0.009494167 -0.006709313 0.999929368
1695436649.523000 0.134935915 0.112233192 5.674299717 -0.003892888 0.009264358 -0.007722361 0.999919713
1695436649.577000 0.135583520 0.113019899 5.721325874 -0.004963217 0.009808679 -0.008582116 0.999902785
1695436649.629000 0.134964153 0.114538915 5.770037651 -0.004734474 0.010479989 -0.007508732 0.999905765
1695436649.666000 0.136839613 0.114901654 5.801262379 -0.004597993 0.010306190 -0.007085412 0.999911249
1695436649.718000 0.137120709 0.115828559 5.848557472 -0.004128884 0.010639509 -0.006583996 0.999913216
1695436649.770000 0.138339192 0.117029138 5.894135475 -0.002721931 0.010843183 -0.005267705 0.999923646
1695436649.822000 0.139510408 0.117260583 5.939676762 -0.001674174 0.010862224 -0.004257574 0.999930561
1695436649.873000 0.139869437 0.118094325 5.985169411 -0.000782094 0.011203772 -0.004031046 0.999928832
1695436649.924000 0.140578225 0.119069397 6.029516697 -0.000068595 0.011298850 -0.003485706 0.999930084
1695436649.975000 0.141781107 0.119605429 6.074331284 0.000202705 0.011187141 -0.003524501 0.999931216
1695436650.027000 0.142498806 0.120598286 6.117760658 0.000614705 0.011222417 -0.003667393 0.999930203
1695436650.061000 0.142382115 0.121111445 6.149481773 0.000354073 0.011434022 -0.003313878 0.999929130
1695436650.113000 0.142827541 0.121645555 6.193838596 -0.000092291 0.010281203 -0.003178721 0.999942124
1695436650.164000 0.142537549 0.122188583 6.238504887 -0.000596792 0.006606943 -0.002006006 0.999976039
1695436650.216000 0.144414067 0.121945061 6.280834675 -0.001546131 0.002978979 -0.001905851 0.999992549
1695436650.268000 0.142217398 0.123696268 6.327498436 -0.001248365 0.001812406 -0.001167048 0.999996901
1695436650.319000 0.141389802 0.125455007 6.372972488 -0.001152312 0.001159743 -0.000774783 0.999998391
1695436650.371000 0.142349243 0.125477478 6.415822029 -0.001170872 0.000357549 -0.000801309 0.999998927
1695436650.424000 0.141777545 0.125856623 6.461659431 -0.001106462 0.000079251 -0.001314433 0.999998510
1695436650.475000 0.143318117 0.126820877 6.504372597 -0.000906619 -0.000774816 -0.001128443 0.999998689
1695436650.526000 0.141175196 0.127616122 6.550104141 -0.000372014 -0.000262434 -0.002274021 0.999997318
1695436650.578000 0.139491707 0.127309009 6.593528271 -0.000784474 -0.000013458 -0.002970069 0.999995291
1695436650.612000 0.140917316 0.128432378 6.624098778 -0.000249754 -0.000370479 -0.003506470 0.999993801
1695436650.666000 0.140345514 0.129862502 6.666649342 0.000365713 -0.000352788 -0.003731553 0.999992907
1695436650.715000 0.140455738 0.129813433 6.713112831 -0.000220212 -0.000153677 -0.004998700 0.999987483
1695436650.768000 0.141074643 0.130168676 6.756208897 -0.000736753 -0.000600106 -0.005554176 0.999984145
1695436650.818000 0.138707504 0.131740645 6.800078869 -0.000689877 0.000151915 -0.005458204 0.999984920
1695436650.870000 0.140529037 0.131410092 6.843930721 -0.001649840 -0.000294364 -0.005333578 0.999984384
1695436650.922000 0.137689859 0.131649390 6.887274265 -0.002317704 0.001306903 -0.006146701 0.999977589
1695436650.975000 0.140472099 0.133258313 6.931074619 -0.002017190 -0.000194837 -0.005194381 0.999984443
1695436651.025000 0.142752886 0.134182215 6.976398468 -0.002096769 -0.001189850 -0.004739988 0.999985874
1695436651.079000 0.141386718 0.134779841 7.016458035 -0.001613098 -0.000548334 -0.005324706 0.999984384
1695436651.114000 0.141819358 0.135638386 7.047449589 -0.001240565 -0.000689462 -0.004598876 0.999988496
1695436651.166000 0.140846059 0.136036158 7.091247559 -0.000981392 -0.000357908 -0.005403651 0.999984860
1695436651.217000 0.140713871 0.136424556 7.133620262 -0.001063627 0.000183227 -0.005543615 0.999984086
1695436651.271000 0.141509995 0.137965381 7.175976753 -0.000435626 0.001636176 -0.006105412 0.999979913
1695436651.325000 0.141555995 0.138791665 7.221246243 -0.000074477 0.007945991 -0.007218098 0.999942422
1695436651.376000 0.143364966 0.139069080 7.266199589 -0.000482259 0.012292095 -0.008840489 0.999885261
1695436651.426000 0.146514028 0.139949903 7.305812836 -0.000384351 0.013963109 -0.008890812 0.999862969
1695436651.463000 0.145301729 0.140676081 7.336512566 -0.000380795 0.015507835 -0.009354641 0.999835908
1695436651.516000 0.147321776 0.141384661 7.379832268 -0.000153944 0.016464086 -0.009384168 0.999820411
1695436651.567000 0.148313522 0.141506255 7.424872398 -0.000872019 0.017213760 -0.009702124 0.999804378
1695436651.648000 0.150142670 0.142545223 7.495201111 -0.000878717 0.018172434 -0.008710798 0.999796569
1695436651.687000 0.151434883 0.143533811 7.523796558 -0.000977641 0.018178714 -0.008764101 0.999795914
1695436651.737000 0.153405368 0.143930405 7.562816143 -0.000519871 0.018361785 -0.008047470 0.999798894
1695436651.790000 0.156272933 0.143949896 7.603726387 -0.000684220 0.018110871 -0.007752290 0.999805689
1695436651.841000 0.153987899 0.145043701 7.648154259 -0.000416554 0.019372685 -0.007339093 0.999785304
1695436651.895000 0.158924192 0.145341128 7.686527729 -0.000512827 0.019010527 -0.007804505 0.999788702
1695436651.933000 0.159175873 0.145715505 7.717618942 -0.000468028 0.019449739 -0.007021721 0.999786079
1695436651.985000 0.162091866 0.146446437 7.760041714 -0.000720228 0.022806505 -0.008201028 0.999706030
1695436652.041000 0.164421037 0.147480682 7.802824497 -0.001113404 0.031496249 -0.009922436 0.999454021
1695436652.092000 0.171667755 0.148426101 7.846935749 -0.001729253 0.045823947 -0.013706767 0.998854041
1695436652.144000 0.179010302 0.149938852 7.889179230 -0.001861434 0.062738508 -0.018110579 0.997863948
1695436652.196000 0.190230429 0.149172395 7.926601887 -0.002976507 0.080854535 -0.021337679 0.996493101
1695436652.232000 0.195294306 0.149706349 7.952397346 -0.002983424 0.094214141 -0.023297871 0.995274901
1695436652.285000 0.211859763 0.150504977 7.993864059 -0.003766116 0.115042575 -0.028990317 0.992930293
1695436652.338000 0.226891413 0.151022568 8.033100128 -0.003831798 0.136924982 -0.030243661 0.990112245
1695436652.395000 0.240149736 0.151638567 8.070672989 -0.004367786 0.161945954 -0.032222744 0.986263752
1695436652.431000 0.257346272 0.153298080 8.101189613 -0.003797310 0.176868573 -0.032321490 0.983696282
1695436652.482000 0.267895818 0.152206481 8.134162903 -0.004470893 0.195977315 -0.030928113 0.980110407
1695436652.538000 0.287274212 0.153651133 8.172883987 -0.004158220 0.210136637 -0.028813059 0.977238536
1695436652.592000 0.302703887 0.153854221 8.209152222 -0.004473239 0.222906291 -0.025978846 0.974483371
1695436652.645000 0.322526157 0.154672891 8.247004509 -0.004762803 0.232741699 -0.024295775 0.972223401
1695436652.682000 0.333341211 0.155277357 8.270947456 -0.005021610 0.239376381 -0.023995990 0.970617294
1695436652.735000 0.354232848 0.156929553 8.308621407 -0.005257196 0.245942742 -0.024488365 0.968960762
1695436652.790000 0.372258604 0.157474488 8.343843460 -0.006262135 0.250672489 -0.025841434 0.967706740
1695436652.844000 0.392572165 0.158039019 8.380143166 -0.005990879 0.253506720 -0.020895751 0.967089355
1695436652.899000 0.413154781 0.159742847 8.415461540 -0.005526286 0.255364060 -0.016787022 0.966683447
1695436652.935000 0.426601350 0.160201341 8.440742493 -0.005159230 0.256396711 -0.012801594 0.966473103
1695436652.991000 0.446142584 0.160922185 8.475974083 -0.004715948 0.254924506 -0.007452712 0.966920793
1695436653.043000 0.464837700 0.162154913 8.512924194 -0.003132482 0.248665273 0.000912213 0.968584061
1695436653.100000 0.482921779 0.162852407 8.550982475 -0.001952794 0.237060606 0.009313770 0.971448302
1695436653.136000 0.497899354 0.165016383 8.580518723 -0.000947954 0.229109317 0.012911404 0.973314703
1695436653.190000 0.511152387 0.164350659 8.613484383 -0.000802097 0.223134264 0.017911887 0.974622905
1695436653.242000 0.528218091 0.166360825 8.650428772 -0.000134561 0.219921291 0.017089780 0.975367963
1695436653.294000 0.545409977 0.165999547 8.685503006 0.000181740 0.217635557 0.017268073 0.975877345
1695436653.349000 0.561878264 0.167976677 8.721138000 0.001125805 0.216228098 0.015957665 0.976211846
1695436653.385000 0.574067473 0.167715564 8.746477127 0.000156142 0.215595663 0.011577957 0.976414084
1695436653.438000 0.588843763 0.167896748 8.780659676 -0.001758932 0.215025574 0.006326957 0.976586401
1695436653.493000 0.607233524 0.169619024 8.820028305 -0.002851608 0.214517713 0.003098483 0.976711035
1695436653.546000 0.622534156 0.170356825 8.855206490 -0.004678391 0.214288309 -0.001584117 0.976758003
1695436653.585000 0.634557843 0.169755429 8.881653786 -0.004260195 0.214033514 -0.004886476 0.976804852
1695436653.636000 0.649646640 0.166218191 8.917767525 0.003238567 0.213361904 -0.023986079 0.976673424
1695436653.689000 0.666287184 0.164441675 8.951665878 0.004955812 0.212933972 -0.028094890 0.976650059
1695436653.744000 0.677146792 0.165683880 8.975000381 0.012574321 0.220806211 -0.035184298 0.974601746
1695436653.799000 0.679311514 0.159759983 8.966998100 0.041840367 0.253350377 -0.026860109 0.966096044
1695436653.835000 0.679804623 0.153916165 8.958760262 0.046987761 0.270123452 -0.031563800 0.961160362
1695436653.891000 0.678205431 0.152322114 8.947464943 0.053630918 0.291867256 -0.037183616 0.954229891
1695436653.947000 0.677055776 0.152314693 8.937417984 0.054164890 0.309297562 -0.041742552 0.948503435
1695436653.986000 0.676273286 0.151471257 8.929317474 0.050185639 0.319963872 -0.043200336 0.945112824
1695436654.046000 0.673754275 0.155250251 8.918396950 0.043420598 0.336670220 -0.041441243 0.939707637
1695436654.104000 0.671387970 0.158177704 8.907505989 0.031139622 0.355199486 -0.035718750 0.933588743
1695436654.146000 0.671254814 0.162589014 8.899489403 0.020254739 0.365321875 -0.034045078 0.930038035
1695436654.209000 0.667303562 0.167760268 8.889747620 0.007195036 0.374321163 -0.030714434 0.926762402
1695436654.251000 0.663832009 0.171104819 8.884339333 0.000502224 0.375287235 -0.031816263 0.926362216
1695436654.314000 0.655173540 0.171408474 8.876158714 -0.004536437 0.375043958 -0.038566828 0.926193357
1695436654.357000 0.649966836 0.168640748 8.873682022 -0.005922560 0.371594161 -0.038854968 0.927563012
1695436654.421000 0.642839134 0.168377116 8.866286278 -0.005576754 0.370357275 -0.036436871 0.928157806
1695436654.463000 0.637832284 0.168317765 8.861273766 -0.004984562 0.370980144 -0.030727495 0.928118944
1695436654.524000 0.631929874 0.168373257 8.853036880 -0.004062566 0.370950282 -0.023343883 0.928350449
1695436654.566000 0.627372205 0.168826491 8.848499298 -0.003602052 0.371114939 -0.017827634 0.928408802
1695436654.628000 0.621396422 0.169612348 8.841547966 -0.003832376 0.371342748 -0.008861501 0.928445697
1695436654.670000 0.616569757 0.170088738 8.835612297 -0.004003975 0.371358454 -0.004684646 0.928469181
1695436654.734000 0.610814929 0.170054823 8.828905106 -0.004679014 0.371197462 0.000175972 0.928542197
1695436654.775000 0.607945502 0.170666218 8.825921059 -0.004809875 0.371001214 0.001430210 0.928618848
1695436654.837000 0.599167645 0.169979602 8.817076683 -0.005975517 0.370941162 0.002253242 0.928634405
1695436654.879000 0.596738875 0.170437068 8.814199448 -0.006368787 0.370737135 0.001891144 0.928714097
1695436654.940000 0.587281644 0.170117989 8.805395126 -0.007523049 0.371677667 0.001803527 0.928329706
1695436654.980000 0.583214879 0.170369178 8.798875809 -0.008024515 0.371124744 0.003243072 0.928542733
1695436655.042000 0.575483978 0.170062289 8.791174889 -0.009115576 0.371306479 0.003567168 0.928458750
1695436655.084000 0.570373714 0.170041800 8.786096573 -0.009669912 0.371277064 0.003473329 0.928465366
1695436655.146000 0.562748611 0.170138255 8.777650833 -0.010451385 0.371261507 0.003809923 0.928461790
1695436655.188000 0.556060314 0.169391900 8.770946503 -0.010670799 0.371304333 0.004207989 0.928440452
1695436655.251000 0.547544718 0.168710351 8.761438370 -0.009937914 0.370771617 0.003421809 0.928664625
1695436655.293000 0.542121053 0.168873698 8.756321907 -0.008652375 0.370742530 0.002204748 0.928692818
1695436655.354000 0.533203483 0.167856380 8.747650146 -0.007238093 0.370771080 0.000264805 0.928696036
1695436655.395000 0.528119802 0.167558655 8.742401123 -0.006997219 0.370705962 -0.000183575 0.928723931
1695436655.456000 0.519561172 0.167187870 8.733491898 -0.006243119 0.370832950 -0.000913091 0.928678215
1695436655.497000 0.514491796 0.166956961 8.727736473 -0.006075031 0.370758504 -0.000901729 0.928709030
1695436655.557000 0.506737113 0.166646540 8.719534874 -0.005916866 0.370633692 -0.001107621 0.928759634
1695436655.597000 0.501175761 0.166397601 8.713788986 -0.005357006 0.370596796 -0.000546227 0.928778291
1695436655.658000 0.493401408 0.165690377 8.705522537 -0.004187108 0.370671839 0.000200146 0.928754449
1695436655.699000 0.488099575 0.165956184 8.699658394 -0.003251194 0.370550007 0.000515061 0.928806722
1695436655.760000 0.480310321 0.165198490 8.691849709 -0.002744521 0.370703489 0.000828219 0.928746879
1695436655.801000 0.474731207 0.164787278 8.685823441 -0.002360737 0.370628297 0.000997039 0.928777754
1695436655.862000 0.467626214 0.164748088 8.677961349 -0.002334296 0.370591193 0.000412424 0.928793073
1695436655.902000 0.461668849 0.164135173 8.671943665 -0.002446365 0.370597333 0.000226048 0.928790390
1695436655.961000 0.454002857 0.163986862 8.664520264 -0.002443141 0.370922774 -0.000077812 0.928660572
1695436656.002000 0.448728800 0.163764611 8.658615112 -0.002326848 0.370992899 -0.000386791 0.928632736
1695436656.062000 0.441540718 0.163333401 8.650165558 -0.002295537 0.371735126 -0.001208453 0.928335249
1695436656.104000 0.437268496 0.163574427 8.644596100 -0.002089328 0.373343587 -0.001721000 0.927689314
1695436656.164000 0.430613041 0.162845045 8.635646820 -0.001999443 0.378410339 -0.002531030 0.925632358
1695436656.206000 0.425968885 0.162683576 8.628952026 -0.001881501 0.383252770 -0.003606258 0.923634529
1695436656.491000 0.400038481 0.160939604 8.587966919 0.003192311 0.413070112 -0.003404917 0.910687327
1695436656.539000 0.395799398 0.161053330 8.582594872 0.003588022 0.416816205 -0.004117296 0.908974469
1695436656.584000 0.393259525 0.160728857 8.577861786 0.003307501 0.420363724 -0.004412729 0.907338977
1695436656.651000 0.387983322 0.160560012 8.570812225 0.003364235 0.425545037 -0.005222674 0.904915929
1695436656.698000 0.384835124 0.160167828 8.566585541 0.003672077 0.429053128 -0.005335103 0.903256118
1695436656.767000 0.378198147 0.160051152 8.560277939 0.003427611 0.431597948 -0.005368201 0.902043641
1695436656.815000 0.374023438 0.159382030 8.556388855 0.002739308 0.431883156 -0.005299986 0.901909828
1695436656.863000 0.371068716 0.159921721 8.554146767 0.002746191 0.432002336 -0.005889888 0.901849151
1695436656.932000 0.364998817 0.159427956 8.549690247 0.002822114 0.432071954 -0.005789557 0.901816249
1695436656.979000 0.362075567 0.159592435 8.547427177 0.002509774 0.432094961 -0.006861299 0.901798546
1695436657.026000 0.359441042 0.159287617 8.545029640 0.001846808 0.431903571 -0.007299998 0.901888430
1695436657.095000 0.354399443 0.159535140 8.541753769 0.001765851 0.432276011 -0.007720485 0.901706576
1695436657.144000 0.351964474 0.159241751 8.539698601 0.001833859 0.432108134 -0.008192515 0.901782751
1695436657.189000 0.349499702 0.158708945 8.537860870 0.001650659 0.432204753 -0.007804279 0.901740313
1695436657.257000 0.346796513 0.159284651 8.535402298 0.001550349 0.432234913 -0.008449130 0.901720166
1695436657.302000 0.345204115 0.159451067 8.534133911 0.001593098 0.432185799 -0.008414778 0.901743889
1695436657.372000 0.343692064 0.159061641 8.532898903 0.002098686 0.432075918 -0.008338756 0.901796281
1695436657.417000 0.342843771 0.159245089 8.531499863 0.002138734 0.431966364 -0.008352372 0.901848555
1695436657.486000 0.341711044 0.159365892 8.531046867 0.001825792 0.432014704 -0.008767689 0.901822090
1695436657.533000 0.341476679 0.159247205 8.530694962 0.001880490 0.431967407 -0.008721305 0.901845157
1695436657.582000 0.340768099 0.159357697 8.530263901 0.002300199 0.432118297 -0.008826706 0.901770830
1695436657.651000 0.340377808 0.159188658 8.529848099 0.002222128 0.432026148 -0.008809144 0.901815355
1695436657.696000 0.340866327 0.159612298 8.530000687 0.001981536 0.431898713 -0.008993541 0.901875138
1695436657.765000 0.340614080 0.159353182 8.530598640 0.001830538 0.431593925 -0.008779222 0.902023494
1695436657.811000 0.341123104 0.159518525 8.531505585 0.002364376 0.430858165 -0.008829323 0.902373433
1695436657.878000 0.342402220 0.159775019 8.533150673 0.002263550 0.429418772 -0.008816178 0.903059661
1695436657.924000 0.341882944 0.159265906 8.534243584 0.002073094 0.428451478 -0.008098084 0.903526187
1695436657.989000 0.343440652 0.159441769 8.536296844 0.002073327 0.426313221 -0.007981592 0.904538035
1695436658.035000 0.345518589 0.159767434 8.538070679 0.002587971 0.424553275 -0.008323743 0.905361056
1695436658.100000 0.347520947 0.159712806 8.541138649 0.002544059 0.421971649 -0.008059118 0.906569660
1695436658.145000 0.349010944 0.159803495 8.543393135 0.002160021 0.419980168 -0.007850238 0.907496750
1695436658.210000 0.351844907 0.159796417 8.547185898 0.002184276 0.416741222 -0.007532644 0.908991337
1695436658.255000 0.353729963 0.159780025 8.549962997 0.002575705 0.414403856 -0.007573016 0.910057962
1695436658.319000 0.356441259 0.159868509 8.554256439 0.002567437 0.410572112 -0.007180236 0.911796272
1695436658.362000 0.359122515 0.160054430 8.557667732 0.002338219 0.407799572 -0.006968167 0.913041949
1695436658.425000 0.363008618 0.160355330 8.562777519 0.002310347 0.403507859 -0.007088922 0.914945841
1695436658.468000 0.365249515 0.160289153 8.566622734 0.002758299 0.400520295 -0.006878121 0.916257977
1695436658.534000 0.368423939 0.160088107 8.572130203 0.002714970 0.395729959 -0.005501510 0.918346465
1695436658.575000 0.370950580 0.160038486 8.576542854 0.002309303 0.392033964 -0.005423693 0.919931948
1695436658.638000 0.375699997 0.160734504 8.583383560 0.002445315 0.386738539 -0.005916000 0.922167182
1695436658.681000 0.377550721 0.160531342 8.587737083 0.002676218 0.383190453 -0.005380665 0.923649907
1695436658.741000 0.381839991 0.160871327 8.595254898 0.002681587 0.377433062 -0.005449933 0.926016986
1695436658.783000 0.384877443 0.160960883 8.600370407 0.002321675 0.373417079 -0.005011282 0.927647114
1695436658.842000 0.389875412 0.161474407 8.608321190 0.002295090 0.367139757 -0.004773507 0.930150747
1695436658.884000 0.392950177 0.161027536 8.613543510 0.002276890 0.362754703 -0.003970738 0.931873441
1695436658.942000 0.397488773 0.161434963 8.622132301 0.002049425 0.356137156 -0.003468171 0.934425056
1695436658.981000 0.400722623 0.161541998 8.628056526 0.001691112 0.351465225 -0.002744126 0.936195433
1695436659.039000 0.405300617 0.161792636 8.637151718 0.001384135 0.344942898 -0.002083590 0.938620389
1695436659.205000 0.420107424 0.162879765 8.666683197 0.001385725 0.322804660 0.000491309 0.946464479
1695436659.245000 0.423053324 0.163335606 8.673454285 0.001417613 0.317984432 0.000888611 0.948094487
1695436659.300000 0.428182781 0.163865358 8.683262825 0.000864437 0.313085735 0.000432248 0.949724376
1695436659.355000 0.434460342 0.163877398 8.692790031 0.000181381 0.312143207 -0.000039140 0.950035036
1695436659.392000 0.439693213 0.164064169 8.699394226 0.000015056 0.311999619 -0.000389884 0.950082183
1695436659.447000 0.445540577 0.164329723 8.708359718 -0.000905148 0.312133253 -0.000537453 0.950037777
1695436659.502000 0.452820987 0.165101126 8.718072891 -0.001679414 0.312149912 -0.000372205 0.950031281
1695436659.540000 0.457619339 0.165432870 8.724750519 -0.002084218 0.312154353 -0.000151188 0.950029135
1695436659.595000 0.464709848 0.165830493 8.734064102 -0.004347348 0.312145382 -0.001051849 0.950023830
1695436659.650000 0.471609354 0.166664913 8.743379593 -0.005971347 0.312128931 -0.001241089 0.950020254
1695436659.705000 0.479082435 0.167019039 8.752933502 -0.007034249 0.312036902 -0.001304562 0.950043082
1695436659.742000 0.483565331 0.167455614 8.759803772 -0.007330630 0.312287152 -0.001244582 0.949958682
1695436659.796000 0.490528166 0.167952269 8.769307137 -0.007424626 0.312269568 -0.000288193 0.949964523
1695436659.852000 0.496985465 0.168660596 8.777794838 -0.007590866 0.312178195 0.001956824 0.949991286
1695436659.891000 0.502350271 0.168890446 8.784235954 -0.007686112 0.312126279 0.003276927 0.950003922
1695436659.945000 0.508493662 0.169012383 8.792677879 -0.007690586 0.311251462 0.005524965 0.950280428
1695436660.000000 0.515857100 0.169840351 8.803585052 -0.007096705 0.308700174 0.007312538 0.951104820
1695436660.056000 0.520628691 0.169949025 8.813781738 -0.006715439 0.303303480 0.009620310 0.952821851
1695436660.093000 0.523841202 0.169987589 8.820752144 -0.006385196 0.297981799 0.010699393 0.954490304
1695436660.147000 0.528447986 0.170115650 8.832059860 -0.006041363 0.290606052 0.011267187 0.956757426
1695436660.201000 0.532516956 0.170258358 8.842494011 -0.005488498 0.282736421 0.010431685 0.959125280
1695436660.253000 0.535961628 0.170337319 8.852300644 -0.005067884 0.275253892 0.008233437 0.961323023
1695436660.290000 0.538516283 0.170546398 8.860424995 -0.004570006 0.270138860 0.006339295 0.962789714
1695436660.342000 0.541257977 0.170010060 8.870294571 -0.004660009 0.262752593 0.004599903 0.964841068
1695436660.396000 0.544806004 0.170392334 8.881191254 -0.003363849 0.255225152 0.004764908 0.966864049
1695436660.449000 0.548500121 0.170371130 8.892022133 -0.002285602 0.250435770 0.004031864 0.968122184
1695436660.502000 0.553666234 0.170616195 8.902893066 -0.001250865 0.249336988 0.002856568 0.968411744
1695436660.554000 0.559594274 0.170570359 8.913446426 -0.000903946 0.249088392 0.002012704 0.968478262
1695436660.591000 0.562459528 0.171315134 8.918644905 -0.000548997 0.249063224 0.001648482 0.968485713
1695436660.643000 0.568105936 0.171424419 8.928474426 -0.000274699 0.248876348 0.001688616 0.968533814
1695436660.696000 0.571816027 0.170358375 8.937445641 -0.000633338 0.249064565 0.001722022 0.968485177
1695436660.749000 0.578203022 0.170821026 8.947819710 -0.000795032 0.248931825 0.001558866 0.968519449
1695436660.802000 0.582578838 0.170782164 8.956842422 -0.001300728 0.249058828 0.001310842 0.968486607
1695436660.853000 0.587925553 0.171354607 8.966341019 -0.001398258 0.249197483 0.001017996 0.968451142
1695436660.888000 0.591010332 0.171740428 8.972737312 -0.001381855 0.249331400 0.000823511 0.968416929
1695436660.942000 0.596904874 0.171487227 8.982597351 -0.001615500 0.249168262 0.000597994 0.968458712
1695436660.994000 0.601319909 0.171742588 8.991126060 -0.001597069 0.249127477 0.000148316 0.968469381
1695436661.046000 0.607288003 0.172282189 9.000946999 -0.000304569 0.249105036 0.000929222 0.968475997
1695436661.102000 0.612692356 0.172060758 9.010757446 0.001053927 0.249182448 0.001910808 0.968454123
1695436661.155000 0.618090868 0.171483979 9.019484520 0.002110596 0.248930171 0.002476665 0.968515992
1695436661.193000 0.621326923 0.171390176 9.026189804 0.002624151 0.249071553 0.002294583 0.968478858
1695436661.248000 0.626472592 0.171538532 9.035807610 0.003865079 0.249018624 0.000519320 0.968490899
1695436661.302000 0.632276654 0.170582518 9.043483734 0.005058034 0.248022124 -0.003797054 0.968733728
1695436661.355000 0.635695517 0.168852940 9.053678513 0.006710742 0.247885019 -0.009182041 0.968722701
1695436661.391000 0.639312625 0.169855475 9.061047554 0.008519617 0.247528926 -0.014700987 0.968731523
1695436661.444000 0.643747985 0.169363976 9.069390297 0.010882702 0.246920720 -0.022309620 0.968717754
1695436661.497000 0.648322701 0.167592034 9.078135490 0.011895194 0.246379554 -0.028712256 0.968675017
1695436661.549000 0.651711702 0.167058468 9.088850975 0.013208288 0.246632487 -0.033554323 0.968437970
1695436661.604000 0.656860173 0.167488381 9.097550392 0.013691920 0.246328071 -0.036080558 0.968417943
1695436661.640000 0.659599423 0.168351188 9.103632927 0.014018289 0.246311978 -0.036575206 0.968398750
1695436661.693000 0.664172590 0.167058215 9.111614227 0.012470407 0.245834440 -0.034265202 0.968625724
1695436661.746000 0.668424726 0.167688310 9.120009422 0.011377499 0.245714024 -0.031036999 0.968778551
1695436661.800000 0.674359620 0.168841839 9.128789902 0.010858305 0.245137051 -0.028642438 0.969004452
1695436661.852000 0.679047227 0.169207111 9.138464928 0.009406186 0.246216789 -0.026147170 0.968816340
1695436661.905000 0.684564531 0.169805214 9.147135735 0.007468936 0.248718113 -0.026466131 0.968185484
1695436661.942000 0.688591599 0.169998601 9.152409554 0.005537640 0.252237588 -0.027828112 0.967249274
1695436661.996000 0.695136905 0.170100674 9.160545349 0.001215255 0.259219438 -0.032468650 0.965271771
1695436662.048000 0.701277852 0.170638680 9.166632652 -0.003214419 0.266122580 -0.037811473 0.963192046
1695436662.102000 0.707561374 0.170059249 9.174186707 -0.008283708 0.272330105 -0.042600777 0.961224735
1695436662.156000 0.712866068 0.170911640 9.182721138 -0.013055053 0.274587065 -0.046965055 0.960325897
1695436662.194000 0.716738045 0.172047243 9.187873840 -0.015885137 0.274904579 -0.048214972 0.960130453
1695436662.248000 0.722008824 0.172306776 9.196930885 -0.019260181 0.275552392 -0.048453953 0.959870994
1695436662.301000 0.726808965 0.173101962 9.204961777 -0.021514665 0.275883764 -0.045921460 0.959852338
1695436662.354000 0.732555926 0.174740940 9.213383675 -0.022039605 0.276115388 -0.041843705 0.959960222
1695436662.390000 0.735430717 0.174757913 9.217350006 -0.022566015 0.276330650 -0.038595382 0.960022151
1695436662.443000 0.740728498 0.175715357 9.226062775 -0.022460766 0.276942939 -0.032711934 0.960066676
1695436662.497000 0.746219814 0.176437348 9.233381271 -0.022202738 0.277320296 -0.027051691 0.960139930
1695436662.550000 0.752267838 0.177225530 9.242937088 -0.021704802 0.278358668 -0.023465278 0.959945261
1695436662.605000 0.757423937 0.177532315 9.249479294 -0.020885356 0.280317128 -0.020854665 0.959453583
1695436662.641000 0.761269450 0.177765280 9.254076004 -0.020252336 0.282479405 -0.020361090 0.958843410
1695436662.696000 0.768222570 0.178012103 9.261396408 -0.019981550 0.288154125 -0.020387305 0.957158446
1695436662.749000 0.775194108 0.177357107 9.267267227 -0.020237491 0.294880807 -0.021630358 0.955074787
1695436662.804000 0.782905757 0.177356362 9.273302078 -0.020381721 0.301240504 -0.022775313 0.953058302
1695436662.843000 0.786885977 0.176948100 9.277212143 -0.020684004 0.305794537 -0.023048859 0.951593757
1695436662.897000 0.793973505 0.176948473 9.283886909 -0.020349884 0.313196748 -0.023121459 0.949188650
1695436662.952000 0.801538765 0.176996633 9.290217400 -0.019502943 0.320222706 -0.022317877 0.946878612
1695436662.993000 0.806105971 0.176979259 9.294322968 -0.018993456 0.325161606 -0.021608111 0.945220768
1695436663.048000 0.814825594 0.176850498 9.300366402 -0.017291516 0.332401812 -0.019919077 0.942768991
1695436663.105000 0.822557509 0.176762521 9.305919647 -0.015553970 0.339150190 -0.018465407 0.940422475
1695436663.145000 0.828048229 0.176271021 9.309903145 -0.013652920 0.343954444 -0.016247286 0.938746512
1695436663.206000 0.836894155 0.176672310 9.316187859 -0.009297892 0.349620402 -0.012405704 0.936763227
1695436663.244000 0.842166185 0.176406667 9.321086884 -0.006090334 0.351306885 -0.009337615 0.936194062
1695436663.305000 0.848128200 0.175920412 9.327168465 -0.002124974 0.351713628 -0.005925640 0.936086535
1695436663.343000 0.853106320 0.175585255 9.333741188 -0.000607659 0.352114469 -0.005268990 0.935941935
1695436663.402000 0.859918118 0.175686613 9.340992928 0.001982983 0.352120250 -0.004430731 0.935942173
1695436663.460000 0.866151392 0.175430834 9.348597527 0.002934488 0.352259308 -0.004761622 0.935885727
1695436663.500000 0.870688200 0.174706757 9.353210449 0.003061466 0.351955175 -0.004872419 0.935999155
1695436663.558000 0.877134442 0.175140575 9.361218452 0.003107580 0.352582157 -0.005879397 0.935757220
1695436663.599000 0.881995857 0.175671503 9.365775108 0.002930886 0.353381246 -0.006760691 0.935450435
1695436663.655000 0.889047503 0.174991220 9.371777534 0.001247904 0.356688261 -0.008792803 0.934181273
1695436663.713000 0.896278739 0.174094558 9.377295494 0.000040162 0.362267166 -0.010415566 0.932016134
1695436663.752000 0.902599156 0.175089583 9.382192612 0.000697238 0.366723835 -0.010176945 0.930274010
1695436663.813000 0.910753131 0.175651342 9.388133049 0.001556005 0.373339623 -0.010435001 0.927634776
1695436663.853000 0.915809572 0.175292462 9.390757561 0.002098251 0.377694041 -0.009966877 0.925874472
1695436663.912000 0.924332321 0.175820410 9.397072792 0.003433810 0.384456813 -0.009769452 0.923084915
1695436663.954000 0.930379748 0.175271764 9.399551392 0.004170218 0.388476342 -0.009227612 0.921403050
1695436664.015000 0.939849019 0.175264418 9.404430389 0.005641505 0.394947052 -0.008405627 0.918648124
1695436664.057000 0.946033001 0.176030964 9.408236504 0.006793510 0.399343133 -0.008128328 0.916740417
1695436664.118000 0.954264879 0.175215557 9.413366318 0.006764006 0.406046242 -0.008877360 0.913784385
1695436664.161000 0.960119605 0.175294727 9.416495323 0.007254573 0.410357267 -0.008600836 0.911855459
1695436664.226000 0.969065785 0.174944192 9.421621323 0.007253847 0.417177022 -0.008434812 0.908757210
1695436664.268000 0.974860430 0.175000995 9.424272537 0.007126278 0.421493471 -0.008707628 0.906761646
1695436664.334000 0.985209584 0.175728336 9.430017471 0.007325305 0.428052574 -0.009209987 0.903677285
1695436664.378000 0.990133047 0.174940556 9.432378769 0.006371481 0.432710320 -0.009070429 0.901464880
1695436664.445000 1.000120997 0.174543664 9.436116219 0.005633038 0.439038664 -0.008032737 0.898414612
1695436664.490000 1.006452441 0.175177470 9.438812256 0.005765409 0.443466097 -0.007321813 0.896242738
1695436664.559000 1.016218185 0.175189197 9.442843437 0.005172942 0.450172603 -0.006572403 0.892902374
1695436664.608000 1.023131609 0.175340235 9.445842743 0.004596587 0.454641372 -0.005633297 0.890644908
1695436664.657000 1.030478835 0.176024482 9.450280190 0.004672228 0.459853768 -0.004839398 0.887969196
1695436664.705000 1.037117958 0.175722688 9.451585770 0.003980345 0.464098901 -0.004524108 0.885762930
1695436664.779000 1.047074795 0.175716937 9.455404282 0.003000687 0.470977426 -0.003937015 0.882131398
1695436664.828000 1.054571152 0.175869524 9.457088470 0.002618337 0.475419283 -0.003670960 0.879747868
1695436664.879000 1.061254740 0.175746441 9.460048676 0.002277643 0.480420589 -0.003387931 0.877028704
1695436664.930000 1.068725586 0.176314086 9.463167191 0.002496227 0.485001236 -0.002931590 0.874504983
1695436664.982000 1.076099396 0.176106781 9.464694977 0.001757285 0.489273995 -0.003533859 0.872121215
1695436665.034000 1.083562374 0.175326675 9.467426300 0.000745005 0.494302928 -0.004413208 0.869278252
1695436665.086000 1.091053009 0.176210210 9.470161438 0.001597869 0.499071330 -0.004274625 0.866548896
1695436665.138000 1.098437309 0.175940737 9.471872330 0.001001681 0.503639579 -0.005576203 0.863895357
1695436665.191000 1.105791330 0.175757632 9.474372864 0.000672661 0.508456767 -0.005727131 0.861068249
1695436665.246000 1.113587618 0.176819801 9.477094650 0.001290622 0.513116181 -0.005575600 0.858300090
1695436665.300000 1.121310949 0.177280635 9.479151726 0.001914868 0.517845392 -0.005190251 0.855456412
1695436665.354000 1.128880739 0.176835477 9.481378555 0.001253483 0.522905469 -0.005772544 0.852370262
1695436665.410000 1.136755228 0.176636547 9.482491493 0.001778952 0.527261257 -0.005359575 0.849684536
1695436665.466000 1.143883944 0.176555276 9.483754158 0.002297033 0.532038510 -0.005420666 0.846699715
1695436665.524000 1.151027441 0.176698029 9.485229492 0.002307487 0.537009060 -0.005728722 0.843553841
1695436665.582000 1.160256147 0.176194996 9.487797737 0.002752713 0.541867554 -0.005074942 0.840444088
1695436665.640000 1.168920040 0.176114753 9.490036964 0.002849925 0.546824932 -0.005381295 0.837224841
1695436665.700000 1.176927567 0.176418424 9.491064072 0.002186063 0.551849246 -0.006131715 0.833918512
1695436665.762000 1.185047150 0.176868320 9.492179871 -0.000246527 0.556686640 -0.007110573 0.830692112
1695436665.823000 1.192789555 0.177384198 9.494218826 -0.001634319 0.561311543 -0.007447922 0.827569544
1695436665.884000 1.201151371 0.176972866 9.495329857 -0.002809785 0.562536001 -0.006870205 0.826739550
1695436665.947000 1.209816456 0.177987114 9.499532700 -0.002716547 0.563131511 -0.006399032 0.826338053
1695436666.008000 1.218277931 0.178355336 9.502515793 -0.002924915 0.563095331 -0.006435413 0.826361716
1695436666.068000 1.225886345 0.178252175 9.505299568 -0.003247150 0.562882125 -0.006564274 0.826504767
1695436666.130000 1.233875275 0.178081527 9.508752823 -0.003923829 0.563078463 -0.007273480 0.826362133
1695436666.191000 1.241442680 0.178240165 9.511581421 -0.004301430 0.564045131 -0.007235295 0.825701058
1695436666.254000 1.250121593 0.178595185 9.513628006 -0.004633466 0.566275597 -0.007804561 0.824166059
1695436666.318000 1.258098125 0.177423447 9.514274597 -0.006143630 0.570358336 -0.008740050 0.821326554
1695436666.385000 1.266851902 0.178401962 9.516786575 -0.005637846 0.575560868 -0.008523532 0.817695141
1695436666.451000 1.275301456 0.178379089 9.517163277 -0.004569459 0.580423772 -0.007175566 0.814270198
1695436666.518000 1.284737110 0.177961364 9.519450188 -0.004587322 0.585575521 -0.007024313 0.810574472
1695436666.587000 1.293824673 0.178043589 9.519598961 -0.003861897 0.590661228 -0.006323480 0.806885660
1695436666.658000 1.302409649 0.177875310 9.520789146 -0.004166883 0.596126735 -0.008626305 0.802833259
1695436666.731000 1.312392712 0.177678734 9.520758629 -0.004288269 0.601158082 -0.010513476 0.799049497
1695436666.807000 1.323027611 0.177830309 9.523419380 -0.003970509 0.607170045 -0.011873163 0.794473231
1695436666.882000 1.331823826 0.177808538 9.521465302 -0.003599705 0.612227142 -0.012921079 0.790568173
1695436666.961000 1.340930462 0.177458674 9.520709038 -0.003113535 0.617823362 -0.013236970 0.786199391
1695436667.040000 1.352087498 0.177627742 9.522213936 -0.002846209 0.622996330 -0.013406609 0.782104731
1695436667.118000 1.362744331 0.177924454 9.524347305 -0.002455454 0.624619305 -0.012922157 0.780818641
1695436667.195000 1.371563435 0.177760839 9.525696754 -0.002766858 0.624952734 -0.011557261 0.780572236
1695436667.272000 1.381339073 0.178698629 9.528322220 -0.003145259 0.625178158 -0.010391969 0.780406535
1695436667.349000 1.391034126 0.179109767 9.530338287 -0.004315670 0.625367403 -0.009255085 0.780263662
1695436667.426000 1.400275230 0.179263890 9.531852722 -0.006122105 0.626190901 -0.009652172 0.779585958
1695436667.505000 1.410163403 0.179369047 9.533029556 -0.007945455 0.628986657 -0.011418303 0.777291656
1695436667.589000 1.420366764 0.179340467 9.533736229 -0.008928259 0.633772910 -0.013668338 0.773346841
1695436667.673000 1.430620670 0.178948298 9.532702446 -0.008218262 0.638890445 -0.014042305 0.769125760
1695436667.761000 1.440882206 0.178596422 9.532612801 -0.007740360 0.644768715 -0.013730768 0.764215171
1695436667.849000 1.451968670 0.178760812 9.531643867 -0.007005205 0.650587499 -0.012915000 0.759289205
1695436667.938000 1.462835789 0.179345980 9.531035423 -0.006199173 0.656505644 -0.011643676 0.754205823
1695436668.028000 1.473545551 0.179166272 9.530920029 -0.005669181 0.659146905 -0.010015207 0.751926124
1695436668.116000 1.484067917 0.179495633 9.531790733 -0.005536205 0.659712911 -0.009425975 0.751438260
1695436668.203000 1.494675636 0.179323629 9.533241272 -0.005270687 0.659952223 -0.009474905 0.751229346
1695436668.290000 1.505347252 0.179203495 9.534776688 -0.004641306 0.659950495 -0.010990013 0.751214445
1695436668.379000 1.516772747 0.178955987 9.536593437 -0.003029029 0.659874260 -0.012864515 0.751259804
1695436668.470000 1.528999329 0.178506270 9.537298203 -0.002926269 0.659807622 -0.015431547 0.751270473
1695436668.556000 1.542574406 0.178458318 9.539701462 -0.003964575 0.660299182 -0.017226709 0.750794590
1695436668.644000 1.555790901 0.179008663 9.541601181 -0.006314870 0.660526931 -0.017020291 0.750582933
1695436668.802000 1.568170071 0.179016352 9.542721748 -0.007322801 0.660477042 -0.015733266 0.750645757
1695436668.891000 1.581715584 0.179028243 9.545629501 -0.007088446 0.660986483 -0.014771666 0.750218987
1695436668.979000 1.594122410 0.179422200 9.546237946 -0.006580135 0.662189603 -0.014817234 0.749160886
1695436669.068000 1.606064320 0.179215342 9.544223785 -0.005535898 0.666146934 -0.015701689 0.745634675
1695436669.160000 1.619747162 0.178904817 9.544048309 -0.005504160 0.672820568 -0.016224230 0.739607394
1695436669.254000 1.633414268 0.179003730 9.541532516 -0.005035609 0.679603815 -0.015845513 0.733390927
1695436669.351000 1.646659374 0.178936452 9.539999008 -0.005206469 0.686935484 -0.015030458 0.726544321
1695436669.449000 1.660542965 0.179869309 9.537344933 -0.005509188 0.694226444 -0.013461343 0.719609678
1695436669.549000 1.674345016 0.179926813 9.535638809 -0.007157560 0.700472176 -0.012815384 0.713528752
1695436669.648000 1.687856197 0.179332733 9.534792900 -0.006966483 0.702327132 -0.013814792 0.711686254
1695436669.745000 1.700829029 0.179156214 9.535037994 -0.005485421 0.702684999 -0.014660340 0.711328864
1695436669.844000 1.713604450 0.178096324 9.535234451 -0.004378177 0.702967942 -0.016005514 0.711027980
1695436669.942000 1.727138996 0.178416342 9.535436630 -0.004586348 0.703167796 -0.016505320 0.710817635
1695436670.042000 1.740210533 0.178858146 9.535177231 -0.005225290 0.703152359 -0.016145516 0.710836768
1695436670.139000 1.753344059 0.178957105 9.535801888 -0.005554834 0.703468680 -0.015676368 0.710531712
1695436670.237000 1.765962124 0.179159343 9.535440445 -0.004714041 0.703302026 -0.014602903 0.710725665
1695436670.335000 1.778779507 0.179310933 9.535757065 -0.003167800 0.703307331 -0.014209989 0.710736871
1695436670.433000 1.792492390 0.179134786 9.537188530 -0.001764442 0.703773379 -0.015191443 0.710259974
1695436670.533000 1.806051254 0.178884014 9.536222458 -0.001782100 0.703427196 -0.016580371 0.710571766
1695436670.632000 1.822104931 0.179202422 9.536745071 -0.002231137 0.703714967 -0.015721956 0.710305035
1695436670.730000 1.839209557 0.179416165 9.536636353 -0.004430485 0.703612387 -0.013453215 0.710442781
1695436670.829000 1.856824398 0.179087222 9.537187576 -0.005584575 0.703786671 -0.012815252 0.710273921
1695436670.928000 1.875660419 0.179577857 9.537382126 -0.005354597 0.703791738 -0.013114883 0.710265100
1695436671.027000 1.895555973 0.179503411 9.538515091 -0.004951677 0.704052687 -0.013870900 0.709995031
1695436671.126000 1.917288780 0.179486021 9.538346291 -0.003761992 0.703968465 -0.014844910 0.710066199
1695436671.226000 1.938683510 0.179177493 9.537528992 -0.003262958 0.703591764 -0.015372218 0.710430682
1695436671.324000 1.963636398 0.179354876 9.538862228 -0.002968752 0.703951716 -0.016186491 0.710057139
1695436671.427000 1.987484455 0.179812834 9.539231300 -0.003345135 0.704024613 -0.016563157 0.709974587
1695436671.527000 2.014797688 0.179259092 9.539236069 -0.003525619 0.703988433 -0.016732838 0.710005522
1695436671.626000 2.040777206 0.179211095 9.537697792 -0.004518917 0.703510880 -0.016489884 0.710478783
1695436671.725000 2.070366859 0.179431617 9.540275574 -0.004688289 0.704225898 -0.016504437 0.709768653
1695436671.823000 2.098896503 0.178782552 9.537997246 -0.005309413 0.703730941 -0.016143983 0.710263371
1695436671.922000 2.130128384 0.179687664 9.540285110 -0.004623401 0.704276323 -0.016459823 0.709720075
1695436672.020000 2.161835194 0.180431932 9.540091515 -0.004840219 0.704265177 -0.016202401 0.709735632
1695436672.117000 2.194247723 0.180169120 9.540771484 -0.005667781 0.704413593 -0.015621806 0.709595203
1695436672.216000 2.226641178 0.180435777 9.539759636 -0.006296225 0.704517722 -0.014671578 0.709506869
1695436672.318000 2.261106491 0.181593895 9.540785789 -0.009502500 0.704536021 -0.013975512 0.709466994
1695436672.416000 2.297291279 0.182734430 9.540787697 -0.010369617 0.706498146 -0.012922201 0.707520962
1695436672.519000 2.333399773 0.182122976 9.537603378 -0.009832901 0.711053014 -0.013299021 0.702943861
1695436672.621000 2.370848179 0.181820095 9.536857605 -0.008561453 0.712999880 -0.014790398 0.700955868
1695436672.724000 2.408988476 0.181974977 9.537128448 -0.007374675 0.713993371 -0.016695445 0.699914515
1695436672.825000 2.446745872 0.181361213 9.536907196 -0.006317901 0.714504004 -0.015819540 0.699424028
1695436672.930000 2.484065056 0.182497248 9.535197258 -0.005990359 0.714456737 -0.015165982 0.699489594
1695436673.032000 2.520416737 0.181977525 9.534872055 -0.006701153 0.714755952 -0.014077666 0.699200213
1695436673.132000 2.557750702 0.183135614 9.533596039 -0.006403046 0.714671314 -0.013711230 0.699296772
1695436673.233000 2.593557835 0.183118463 9.532702446 -0.006336860 0.714743435 -0.014017973 0.699217558
1695436673.334000 2.631141663 0.183270693 9.533317566 -0.005998517 0.715044618 -0.014576206 0.698901117
1695436673.438000 2.667591572 0.181986362 9.531916618 -0.006370472 0.714886963 -0.015047344 0.699049115
1695436673.541000 2.705412865 0.182966039 9.530826569 -0.006161788 0.716354012 -0.015268762 0.697542727
1695436673.650000 2.741077900 0.182531953 9.526018143 -0.007828390 0.724953949 -0.016508467 0.688555002
1695436673.770000 2.778324127 0.184066564 9.519536018 -0.010156821 0.740611255 -0.019686742 0.671568513
1695436673.887000 2.813327789 0.184204027 9.510571480 -0.007940048 0.754351854 -0.017881023 0.656178772
1695436674.003000 2.849407196 0.183890939 9.504045486 -0.006335954 0.759273708 -0.016490838 0.650531590
1695436674.192000 2.922087669 0.183877856 9.491703033 -0.005009571 0.761685073 -0.015687319 0.647738159
1695436674.345000 2.956471443 0.183890224 9.486654282 -0.003881498 0.762075484 -0.014754795 0.647308469
1695436674.461000 2.993682861 0.183178395 9.479953766 -0.004104553 0.762300670 -0.014654191 0.647044241
1695436674.576000 3.029222488 0.183510110 9.473791122 -0.003359724 0.762188911 -0.014223767 0.647189736
1695436674.692000 3.064462662 0.183179185 9.467538834 -0.003573238 0.762396753 -0.014107701 0.646946311
1695436674.806000 3.100532532 0.182231799 9.461371422 -0.003344547 0.762104452 -0.013193216 0.647311151
1695436674.922000 3.135349274 0.182694480 9.456622124 -0.002869999 0.762608171 -0.013657722 0.646710157
1695436675.038000 3.171195984 0.182694569 9.450625420 -0.002453316 0.762547314 -0.013699329 0.646782696
1695436675.152000 3.204393387 0.182619676 9.444353104 -0.002352141 0.762251854 -0.013596094 0.647133529
1695436675.267000 3.242794991 0.182845876 9.442315102 -0.002031237 0.763578534 -0.013476841 0.645571172
1695436675.383000 3.275527000 0.183415532 9.433150291 -0.001713193 0.762964725 -0.012953552 0.646308184
1695436675.499000 3.309812546 0.182472393 9.427911758 -0.001809997 0.761709452 -0.012012196 0.647804856
1695436675.611000 3.343930244 0.181757092 9.425523758 -0.000743739 0.757754326 -0.010839236 0.652449489
1695436675.722000 3.378224850 0.182113916 9.420066833 -0.000505354 0.756198645 -0.012071045 0.654230595
1695436675.834000 3.412697792 0.182691887 9.416509628 -0.000344523 0.756097317 -0.012982317 0.654330373
1695436675.945000 3.446728230 0.182600111 9.411787033 -0.000558844 0.755816221 -0.012971533 0.654655159
1695436676.059000 3.480173111 0.182583421 9.407920837 -0.000917025 0.754639506 -0.012116860 0.656027138
1695436676.172000 3.514128685 0.182638675 9.405560493 0.000387877 0.746276915 -0.010013198 0.665560186
1695436676.282000 3.547789097 0.183176085 9.405603409 -0.001163737 0.740790844 -0.010814962 0.671647787
1695436676.389000 3.580816269 0.182902023 9.402482033 -0.003007818 0.738923728 -0.011963915 0.673676133
1695436676.497000 3.614198208 0.183112815 9.399515152 -0.003615165 0.738259852 -0.012653102 0.674388170
1695436676.602000 3.647066593 0.183118016 9.396479607 -0.003863354 0.737971067 -0.013168359 0.674692810
1695436676.708000 3.680263996 0.183168486 9.394341469 -0.003750708 0.738116384 -0.013309979 0.674531698
1695436676.815000 3.712600231 0.183246136 9.390811920 -0.003349524 0.737906456 -0.013447788 0.674760699
1695436676.922000 3.745358944 0.183035702 9.387701035 -0.003235620 0.737911046 -0.013387620 0.674757421
1695436677.027000 3.777852058 0.183119684 9.385252953 -0.003074844 0.738110423 -0.013303005 0.674541771
1695436677.132000 3.810139656 0.183212742 9.382283211 -0.003345755 0.738075435 -0.013141132 0.674581945
1695436677.238000 3.841985703 0.183310717 9.379666328 -0.003394139 0.738115489 -0.013192554 0.674536943
1695436677.345000 3.873929501 0.183606833 9.376430511 -0.003179536 0.738031447 -0.013008319 0.674633503
1695436677.451000 3.906510830 0.183397934 9.373154640 -0.003172952 0.737993240 -0.012656617 0.674681962
1695436677.558000 3.937811375 0.183591053 9.370564461 -0.003133730 0.738012016 -0.012735381 0.674660146
1695436677.665000 3.970101833 0.183461130 9.367551804 -0.002868665 0.738073528 -0.012631585 0.674596071
1695436677.772000 4.001837254 0.183158472 9.364175797 -0.002836511 0.738025784 -0.012152557 0.674657106
1695436677.878000 4.032215595 0.183261141 9.361611366 -0.002960788 0.738197029 -0.012153520 0.674469173
1695436677.983000 4.064314365 0.183560699 9.358676910 -0.003053466 0.738203347 -0.012403441 0.674457312
1695436678.088000 4.095531464 0.183388665 9.356513977 -0.002967187 0.738346040 -0.012070974 0.674307585
1695436678.194000 4.125648975 0.182847738 9.353586197 -0.003211354 0.738382459 -0.011841050 0.674270630
1695436678.298000 4.158048153 0.183397919 9.350351334 -0.002836315 0.738261163 -0.012251972 0.674397767
1695436678.403000 4.188666344 0.183436707 9.347456932 -0.002876372 0.739512265 -0.012917285 0.673013091
1695436678.509000 4.219922543 0.183490723 9.340787888 -0.003641541 0.746729195 -0.013738774 0.664976418
1695436678.620000 4.249613285 0.183469206 9.331245422 -0.004564696 0.759433329 -0.014797798 0.650400877
1695436678.731000 4.279349327 0.183318436 9.323566437 -0.003371862 0.765939534 -0.013648676 0.642758906
1695436678.845000 4.309907913 0.183312565 9.318502426 -0.002398627 0.768356740 -0.012620547 0.639892995
1695436678.958000 4.339601517 0.184256673 9.313979149 -0.001870272 0.769488454 -0.012037194 0.638544559
1695436679.072000 4.368330002 0.184171453 9.309300423 -0.002129665 0.770014524 -0.011850764 0.637912750
1695436679.188000 4.400433064 0.181400478 9.301828384 0.000628996 0.774286330 -0.011788962 0.632725298
1695436679.312000 4.425774574 0.179484487 9.292083740 0.001288201 0.784558356 -0.014655920 0.619880438
1695436679.440000 4.453506470 0.180130467 9.279737473 0.000776134 0.797044516 -0.015732359 0.603715122
1695436679.572000 4.479761124 0.179543674 9.264063835 -0.000237155 0.809176624 -0.014914171 0.587376297
1695436679.700000 4.505290031 0.181318104 9.252836227 0.003250586 0.815140247 -0.009995514 0.579168379
1695436679.827000 4.532773972 0.180573866 9.241217613 0.002586883 0.817202151 -0.004889378 0.576324642
1695436679.955000 4.560914040 0.180906489 9.231288910 0.001239178 0.817966163 -0.004453536 0.575247824
1695436680.083000 4.584095001 0.182509542 9.218847275 0.002349456 0.817305744 -0.004891066 0.576178730
1695436680.209000 4.612163544 0.182366922 9.210049629 0.002696839 0.817752123 -0.005737207 0.575535655
1695436680.337000 4.640507698 0.182737976 9.198482513 0.002895503 0.818669915 -0.006315074 0.574222326
1695436680.469000 4.665612221 0.183744282 9.185036659 0.000476431 0.824245811 -0.006966308 0.566189110
1695436680.605000 4.688308716 0.183521360 9.169089317 -0.002084432 0.833727837 -0.007537725 0.552120209
1695436680.743000 4.712165833 0.184758708 9.152097702 -0.002143990 0.844429612 -0.007100659 0.535615146
1695436680.887000 4.734484673 0.184671834 9.134849548 -0.001551712 0.855274856 -0.007372264 0.518119812
1695436681.034000 4.755794525 0.184164315 9.116384506 -0.003052722 0.865632534 -0.010412707 0.500562310
1695436681.182000 4.777582169 0.183416903 9.097989082 -0.003472819 0.876057386 -0.012369432 0.482035667
1695436681.333000 4.796069145 0.183514506 9.078101158 -0.002446573 0.885666490 -0.013949966 0.464105994
1695436681.490000 4.815444946 0.183395088 9.056951523 -0.004521161 0.894915760 -0.016554825 0.445905030
1695436681.649000 4.832903862 0.182744488 9.035778999 -0.003538755 0.903808117 -0.016142398 0.427618742
1695436681.805000 4.851882935 0.183770239 9.014253616 -0.003105131 0.912483573 -0.016850984 0.408754408
1695436681.963000 4.865120888 0.183339655 8.991501808 -0.002879905 0.920239925 -0.016628893 0.390990615
1695436682.121000 4.881906509 0.184141517 8.968105316 -0.001302657 0.928119898 -0.015390984 0.371960849
1695436682.283000 4.896612167 0.184283108 8.944675446 -0.000323037 0.935553968 -0.014435512 0.352888435
1695436682.456000 4.909264565 0.183929861 8.920997620 -0.002885115 0.942360401 -0.014969640 0.334252208
1695436682.632000 4.921335220 0.183804631 8.896849632 -0.001858341 0.948945761 -0.014577606 0.315096855
1695436682.809000 4.932647705 0.183307126 8.871731758 0.001369186 0.954848111 -0.015308348 0.296696544
1695436682.969000 4.941578865 0.182154596 8.847298622 0.004103816 0.960399926 -0.016565813 0.278102070
1695436683.127000 4.950500488 0.181414723 8.820566177 0.004843628 0.965598226 -0.018433889 0.259339184
1695436683.285000 4.959734917 0.180584386 8.794296265 0.004001747 0.970560968 -0.020141302 0.239978567
1695436683.444000 4.965715408 0.179535404 8.769197464 0.001896787 0.974961817 -0.021111773 0.221359968
1695436683.598000 4.971234322 0.178795293 8.742995262 0.004143130 0.979053378 -0.019608097 0.202615172
1695436683.753000 4.975695610 0.178645119 8.717254639 0.006339981 0.982771337 -0.018883852 0.183749214
1695436683.901000 4.978653908 0.177912682 8.691707611 0.008245829 0.986048639 -0.018521082 0.165218160
1695436684.049000 4.981584549 0.177273527 8.665550232 0.008183843 0.989024520 -0.018443985 0.146367446
1695436684.196000 4.984468460 0.176834911 8.639328957 0.007344941 0.991649449 -0.018411726 0.127430111
1695436684.336000 4.984952927 0.176166549 8.613862991 0.005664635 0.993840992 -0.018469645 0.109118551
1695436684.475000 4.985535145 0.175920010 8.587705612 0.007290324 0.995392680 -0.017639115 0.093963571
1695436684.612000 4.989748001 0.175750136 8.564407349 0.009489543 0.995856583 -0.016797155 0.088868074
1695436684.747000 4.992519379 0.174879059 8.538558960 0.010872423 0.995922744 -0.016666010 0.087988459
1695436684.888000 4.996542931 0.173738956 8.515901566 0.009616096 0.995868325 -0.018501215 0.088383414
1695436685.024000 5.000445843 0.171851814 8.491512299 0.010500941 0.995703936 -0.023436788 0.088961355
1695436685.161000 5.005691051 0.170799792 8.467735291 0.011118525 0.995684803 -0.025468549 0.088541247
1695436685.302000 5.009659767 0.169918016 8.443350792 0.010792651 0.995674312 -0.025939908 0.088562846
1695436685.439000 5.012187481 0.170104936 8.420140266 0.009823314 0.996050596 -0.024759218 0.084697768
1695436685.573000 5.012027264 0.169758588 8.395897865 0.006168433 0.997146606 -0.022325383 0.071848005
1695436685.712000 5.010707855 0.169739366 8.372313499 0.005520607 0.998268485 -0.017843474 0.055778269
1695436685.845000 5.010439873 0.169334725 8.348421097 0.008580054 0.998709559 -0.015035244 0.047744151
1695436685.986000 5.011010647 0.169147015 8.325807571 0.009342946 0.998807192 -0.014175744 0.045781646
1695436686.117000 5.013275623 0.168431282 8.301876068 0.009838098 0.998835027 -0.015189442 0.044733796
1695436686.480000 5.013015747 0.166002959 8.235509872 0.006663140 0.999579072 -0.019198880 0.020705067
1695436686.616000 5.008854866 0.165862694 8.213582039 0.006237783 0.999796808 -0.018542316 0.004864318
1695436686.741000 5.003258705 0.165561199 8.191263199 -0.005895519 -0.999772191 0.017494261 0.010721150
1695436686.858000 4.999127388 0.165929019 8.169482231 -0.007050651 -0.999526739 0.017480807 0.024309510
1695436686.977000 4.997124672 0.164607346 8.148019791 -0.008241026 -0.999422312 0.016949629 0.028280951
1695436687.094000 4.996547699 0.165139660 8.125834465 -0.010420460 -0.999383748 0.016358145 0.029258575
1695436687.212000 4.995556355 0.164744720 8.104409218 -0.010259401 -0.999382615 0.015798058 0.029659685
1695436687.328000 4.992522717 0.163954154 8.082785606 -0.008818412 -0.999405563 0.015937649 0.029271275
1695436687.443000 4.990796089 0.163917750 8.061136246 -0.008538291 -0.999393404 0.017001390 0.029169464
1695436687.560000 4.989586353 0.162972003 8.037613869 -0.008702678 -0.999375582 0.017736001 0.029294984
1695436687.677000 4.987482548 0.162334383 8.013322830 -0.008646781 -0.999363184 0.018985173 0.028949173
1695436687.792000 4.986740112 0.162181079 7.987814903 -0.008959119 -0.999407887 0.016879117 0.028612131
1695436687.910000 4.985282898 0.163582057 7.961339951 -0.008193386 -0.999488115 0.012893474 0.028111173
1695436688.027000 4.983973026 0.164418891 7.933513641 -0.007651695 -0.999512196 0.012198297 0.027716523
1695436688.146000 4.982081890 0.162636787 7.904748917 -0.007896480 -0.999513209 0.012403587 0.027517799
1695436688.261000 4.980965614 0.161677495 7.875289917 -0.007061283 -0.999488175 0.014834281 0.027449852
1695436688.380000 4.979108334 0.160724327 7.843354225 -0.006561450 -0.999432564 0.018127413 0.027621152
1695436688.496000 4.979097366 0.159494355 7.811927795 -0.006411449 -0.999379158 0.020394549 0.028007088
1695436688.611000 4.976174831 0.158447176 7.777836800 -0.006964214 -0.999392152 0.020233771 0.027523341
1695436688.727000 4.975487709 0.157472104 7.743291855 -0.007268987 -0.999414623 0.018685434 0.027721228
1695436688.842000 4.972605705 0.157940239 7.707098961 -0.007739432 -0.999441981 0.017732486 0.027230296
1695436688.957000 4.971508026 0.156893998 7.669178963 -0.008227300 -0.999453902 0.016628573 0.027343662
1695436689.073000 4.969124317 0.156325281 7.630984306 -0.008320156 -0.999446630 0.017409921 0.027093748
1695436689.189000 4.969097614 0.155611515 7.591361046 -0.008058395 -0.999434888 0.017450849 0.027578738
1695436689.305000 4.964225292 0.154343486 7.551573753 -0.008488603 -0.999456286 0.017402355 0.026688984
1695436689.420000 4.963757038 0.153794587 7.510049820 -0.008664347 -0.999416709 0.018631436 0.027278723
1695436689.538000 4.961027622 0.154316157 7.465077400 -0.008499209 -0.999442935 0.017745251 0.026958061
1695436689.653000 4.958662987 0.153876677 7.421703339 -0.008886992 -0.999443889 0.017898602 0.026693590
1695436689.778000 4.957032204 0.152392566 7.374354362 -0.008750873 -0.999423802 0.018505143 0.027073849
1695436689.892000 4.955387115 0.151689172 7.327197552 -0.008915181 -0.999431491 0.018077444 0.027027555
1695436690.008000 4.950181007 0.150905117 7.276894569 -0.009074257 -0.999458849 0.017727403 0.026179755
1695436690.123000 4.950320244 0.150445148 7.228058338 -0.009457523 -0.999438941 0.017818157 0.026738212
1695436690.239000 4.945758343 0.149131387 7.176058769 -0.009298668 -0.999461532 0.018155443 0.025700983
1695436690.353000 4.945635796 0.147969171 7.123182774 -0.009779196 -0.999549270 0.018052662 0.021903094
1695436690.472000 4.942492008 0.146316722 7.069023609 -0.009833879 -0.999561012 0.018655514 0.020810785
1695436690.589000 4.939151764 0.145456761 7.012466431 -0.009192144 -0.999604166 0.017867394 0.019694975
1695436690.708000 4.938184261 0.146384612 6.956117153 -0.009206525 -0.999595761 0.017962962 0.020021973
1695436690.824000 4.934353828 0.143294007 6.899429798 -0.009912974 -0.999615133 0.017782046 0.018846268
1695436690.941000 4.930541992 0.141787693 6.841591358 -0.008789578 -0.999600708 0.019174572 0.018803213
1695436691.057000 4.925129890 0.139726192 6.782507420 -0.008838957 -0.999620497 0.019598823 0.017224770
1695436691.172000 4.928392887 0.139262766 6.720031738 -0.008906439 -0.999547541 0.021223813 0.019365620
1695436691.287000 4.926083088 0.138444304 6.657227516 -0.009261075 -0.999574840 0.019662952 0.019435897
1695436691.401000 4.923550606 0.137468964 6.593493462 -0.010094414 -0.999609530 0.017755490 0.019070026
1695436691.516000 4.920163155 0.136796609 6.528316975 -0.010466983 -0.999619484 0.017456237 0.018620338
1695436691.634000 4.917953491 0.135617629 6.462195396 -0.010375138 -0.999616325 0.017573126 0.018728444
1695436691.749000 4.915679932 0.134497061 6.394928455 -0.010226468 -0.999608099 0.018030260 0.018814312
1695436691.872000 4.913319588 0.133069694 6.326331139 -0.010156360 -0.999603152 0.018207900 0.018943319
1695436691.986000 4.911080360 0.131549627 6.256539822 -0.010281820 -0.999606252 0.018176228 0.018743675
1695436692.104000 4.906641483 0.130894989 6.184559822 -0.009832902 -0.999618292 0.018396972 0.018116806
1695436692.218000 4.904363155 0.129289970 6.113985538 -0.010383304 -0.999619305 0.018019905 0.018131129
1695436692.332000 4.903074265 0.127161399 6.040474892 -0.009761294 -0.999624133 0.017599169 0.018618619
1695436692.445000 4.899434566 0.125881150 5.966758728 -0.009657433 -0.999609292 0.018755713 0.018335219
1695436692.559000 4.895480156 0.125176325 5.891541481 -0.009402514 -0.999629200 0.018251540 0.017889136
1695436692.672000 4.893554688 0.122821517 5.814036369 -0.009254928 -0.999629736 0.017911708 0.018274095
1695436692.786000 4.891254425 0.121769294 5.735294342 -0.008866487 -0.999616981 0.018948816 0.018119339
1695436692.899000 4.889081478 0.119595118 5.656139851 -0.009037912 -0.999598145 0.019567311 0.018413110
1695436693.012000 4.885748386 0.118268214 5.576700687 -0.009586333 -0.999595284 0.019596564 0.018258145
1695436693.125000 4.880129337 0.116626658 5.495935440 -0.010531140 -0.999631107 0.018389206 0.016989436
1695436693.238000 4.877080441 0.115020961 5.413726330 -0.010803195 -0.999619067 0.019004855 0.016847370
1695436693.349000 4.872690678 0.113250732 5.331056118 -0.011071225 -0.999670148 0.016875708 0.015882920
1695436693.462000 4.870515823 0.111608833 5.249021530 -0.010591717 -0.999658465 0.017396130 0.016376315
1695436693.574000 4.869946003 0.110638574 5.164637566 -0.010047679 -0.999640226 0.018145517 0.017008429
1695436693.685000 4.864863396 0.108869217 5.079774380 -0.009987957 -0.999644279 0.018497344 0.016416295
1695436693.796000 4.861989498 0.106594004 4.989773273 -0.010312078 -0.999660254 0.018067539 0.015703980
1695436693.908000 4.860559464 0.104347907 4.902470589 -0.010462347 -0.999675274 0.017128380 0.015699545
1695436694.022000 4.857004642 0.103385888 4.816584110 -0.009611999 -0.999671936 0.017506048 0.016035346
1695436694.134000 4.854302883 0.099502981 4.720541954 -0.009857203 -0.999677837 0.017554794 0.015456171
1695436694.244000 4.850116253 0.098176211 4.628132820 -0.009565176 -0.999658287 0.019182071 0.014962542
1695436694.354000 4.846325874 0.095882058 4.539451122 -0.010280660 -0.999683619 0.017930208 0.014334746
1695436694.465000 4.843204021 0.093403563 4.449742317 -0.011205494 -0.999704599 0.016354123 0.014061982
1695436694.575000 4.841722488 0.092898101 4.362270355 -0.012604720 -0.999715209 0.014637592 0.014015507
1695436694.686000 4.838767529 0.090352841 4.271287441 -0.012912927 -0.999729753 0.014301267 0.013005662
1695436694.795000 4.838454247 0.090419456 4.189507961 -0.012034939 -0.999705434 0.015465834 0.014321904
1695436694.905000 4.834699631 0.088922352 4.100917339 -0.011434358 -0.999704778 0.016226672 0.014011433
1695436695.018000 4.830621243 0.087518513 4.013206005 -0.009924935 -0.999723613 0.016868753 0.013030948
1695436695.126000 4.825765133 0.085059643 3.932086945 -0.010656282 -0.999725938 0.016175123 0.013153164
