1695814284.581000 0.000012780 0.000874534 0.048220754 0.001737467 -0.000751905 0.000183918 0.999998212
1695814284.717000 -0.000327154 0.000854579 0.060870297 0.001198503 -0.000471858 0.000152161 0.999999166
1695814284.853000 -0.001054340 0.001633618 0.078102343 0.001539717 -0.000182953 0.000255757 0.999998748
1695814284.992000 -0.000595420 0.001648286 0.094386458 0.001616555 -0.000765973 0.000442432 0.999998331
1695814285.126000 -0.003567130 0.000661090 0.112980403 0.000798008 0.000248764 0.000772371 0.999999404
1695814285.264000 -0.001215545 0.002619239 0.136251926 0.001545449 -0.000681538 0.000554634 0.999998450
1695814285.401000 -0.003370511 0.002502542 0.162105501 0.001393504 0.000098606 0.000306672 0.999999046
1695814285.539000 -0.002430144 0.003357773 0.187180489 0.001481014 -0.000580124 0.000414300 0.999998629
1695814285.678000 -0.002724199 0.004704223 0.217717424 0.002009243 -0.000517160 0.000658148 0.999997675
1695814285.817000 -0.002417625 0.003836853 0.246694744 0.001237309 -0.000714623 0.000295387 0.999998927
1695814285.952000 -0.003704169 0.004451824 0.279629081 -0.000325896 -0.000497191 0.000620762 0.999999642
1695814286.085000 -0.002423325 0.005174691 0.307583421 -0.001048269 -0.001043816 0.000200426 0.999998927
1695814286.222000 -0.006101414 0.005430938 0.339778215 -0.000654865 0.000161786 -0.000120323 0.999999821
1695814286.356000 -0.003439324 0.006122610 0.360173792 0.000405173 -0.000918102 0.000352175 0.999999464
1695814286.493000 -0.005992239 0.006527989 0.400404125 0.002846529 -0.000204651 0.000092522 0.999995947
1695814286.625000 -0.003689782 0.007400344 0.432743609 0.002743628 -0.001249370 -0.000318257 0.999995410
1695814286.759000 -0.004313956 0.008245057 0.471188456 0.001613974 -0.001327883 -0.001197368 0.999997079
1695814286.893000 -0.003901097 0.009249973 0.507546961 0.001087199 -0.001656724 -0.001912892 0.999996245
1695814287.028000 -0.003439806 0.009572777 0.552340508 0.000725175 -0.002195733 -0.001330776 0.999996483
1695814287.172000 -0.004303792 0.010865443 0.593869686 0.001393645 -0.001802544 -0.001851486 0.999995708
1695814287.312000 -0.005935280 0.011376479 0.645068586 0.001395027 -0.007645336 -0.000136680 0.999969780
1695814287.455000 -0.006382646 0.012089862 0.690945625 -0.000464199 -0.011507794 -0.000323712 0.999933660
1695814287.592000 -0.008415570 0.012821901 0.738918662 -0.001995445 -0.011738650 -0.001048892 0.999928594
1695814287.724000 -0.006460076 0.014551122 0.784812689 -0.001760666 -0.012449103 -0.001003795 0.999920487
1695814287.863000 -0.010849035 0.015355089 0.837661386 -0.000685532 -0.011918559 -0.001053883 0.999928176
1695814287.988000 -0.011023710 0.015903929 0.871844709 -0.000392427 -0.011965105 -0.000711381 0.999928117
1695814288.121000 -0.009745047 0.017058278 0.914712191 0.000038063 -0.013943654 -0.000920701 0.999902368
1695814288.254000 -0.017093355 0.016624615 0.960499465 -0.000652092 -0.018431569 0.000971770 0.999829471
1695814288.387000 -0.017810684 0.018215636 1.002786279 -0.000627366 -0.019113246 0.000101991 0.999817193
1695814288.520000 -0.019162482 0.018089375 1.049944997 -0.000942607 -0.019441389 0.000214137 0.999810517
1695814288.653000 -0.026038745 0.020399302 1.092145562 -0.000511444 -0.018514415 -0.000315151 0.999828458
1695814288.784000 -0.027328249 0.019926287 1.135912657 -0.000529562 -0.018730804 -0.000371722 0.999824345
1695814288.920000 -0.027185820 0.020253524 1.177534461 -0.000205338 -0.019200968 -0.000242625 0.999815643
1695814289.050000 -0.028802838 0.022643505 1.224770665 0.000239780 -0.019326260 -0.000119852 0.999813199
1695814289.180000 -0.021205714 0.023207396 1.248502731 -0.000523931 -0.020021686 -0.001129738 0.999798834
1695814289.309000 -0.032352511 0.029518796 1.301054597 0.000335792 -0.019089907 0.000450235 0.999817669
1695814289.438000 -0.037551288 0.026180224 1.351615429 0.000331040 -0.018938769 -0.000252870 0.999820650
1695814289.571000 -0.036281563 0.027080221 1.394472718 0.001025378 -0.019513765 0.000043827 0.999809086
1695814289.702000 -0.037617877 0.027887221 1.438537121 0.001695954 -0.019789167 0.000336317 0.999802709
1695814289.835000 -0.040662196 0.027703166 1.483126283 0.001961010 -0.019477604 -0.000668070 0.999808133
1695814289.969000 -0.041687284 0.027502952 1.526318431 -0.000554060 -0.019528156 -0.001679789 0.999807775
1695814290.095000 -0.044261158 0.030037891 1.568203330 -0.000845847 -0.019265791 -0.001085629 0.999813497
1695814290.225000 -0.045773428 0.028129593 1.612192035 0.001687245 -0.019327169 0.000784646 0.999811530
1695814290.369000 -0.046912555 0.028637782 1.661789417 0.005424988 -0.019369557 0.000346924 0.999797702
1695814290.494000 -0.052267026 0.032050781 1.708535194 0.004224298 -0.018488696 0.000880484 0.999819756
1695814290.621000 -0.053958289 0.032201052 1.752945065 -0.001645644 -0.018564364 0.002966422 0.999821961
1695814290.749000 -0.054160088 0.032694962 1.799152374 -0.001495898 -0.018835792 0.003956959 0.999813676
1695814290.879000 -0.056721028 0.032423228 1.848579168 0.004504118 -0.019151920 0.002769221 0.999802589
1695814291.007000 -0.058269616 0.032570705 1.893904448 0.009137392 -0.019262146 0.002739902 0.999768972
1695814291.135000 -0.060870297 0.033816114 1.941116691 0.007173096 -0.019186504 0.002088218 0.999788046
1695814291.260000 -0.063236147 0.033941563 1.989986777 -0.000493004 -0.019113148 0.001999383 0.999815226
1695814291.386000 -0.061741814 0.032968551 2.037213326 -0.004645517 -0.020167589 0.001400748 0.999784827
1695814291.512000 -0.064256445 0.033640232 2.083072424 -0.004036208 -0.019867560 0.000666128 0.999794245
1695814291.645000 -0.068288334 0.037038159 2.131550789 -0.002362662 -0.019739101 0.004774529 0.999790967
1695814291.773000 -0.069218121 0.038475353 2.179716110 -0.002813539 -0.019995110 0.005635059 0.999780238
1695814291.902000 -0.071927309 0.038355913 2.239012003 -0.000458215 -0.020366000 0.006708599 0.999769986
1695814292.031000 -0.074608907 0.039409533 2.277412653 0.004837808 -0.020187955 0.006783474 0.999761462
1695814292.166000 -0.075926661 0.039828263 2.328228951 0.007109846 -0.020601798 0.004310157 0.999753177
1695814292.300000 -0.077698044 0.040500268 2.378279448 0.003740418 -0.021176377 0.002935977 0.999764442
1695814292.425000 -0.079792999 0.041832246 2.426607370 -0.000443323 -0.021192539 0.002350161 0.999772549
1695814292.555000 -0.083423279 0.042543005 2.472376585 -0.001790239 -0.020918738 0.001278198 0.999778748
1695814292.680000 -0.084972940 0.042792551 2.518844604 -0.000600934 -0.021035537 0.001751206 0.999777019
1695814292.808000 -0.086227499 0.043560803 2.566258430 0.001003967 -0.021411384 -0.000346740 0.999770284
1695814292.931000 -0.090038702 0.044261452 2.609004974 0.001358447 -0.021859102 0.000084051 0.999760151
1695814293.055000 -0.091144934 0.045353156 2.654578686 -0.000926384 -0.022006027 -0.001036399 0.999756873
1695814293.180000 -0.092223406 0.047246598 2.699099064 -0.002357459 -0.022591565 -0.002282341 0.999739408
1695814293.304000 -0.095767617 0.047592148 2.744996071 -0.002298849 -0.021591080 -0.002215920 0.999761820
1695814293.428000 -0.097939163 0.048814747 2.792080164 0.000400426 -0.021542912 0.000442334 0.999767780
1695814293.554000 -0.101132601 0.049174760 2.854519606 0.003008305 -0.021412209 0.003816601 0.999758959
1695814293.680000 -0.103156850 0.049093354 2.893877029 0.003361349 -0.021433823 0.005109114 0.999751568
1695814293.808000 -0.105498500 0.049749486 2.958721399 0.003778198 -0.021861136 0.004799994 0.999742389
1695814293.933000 -0.105269156 0.051202495 2.998123407 0.004174020 -0.022675984 0.005254101 0.999720395
1695814294.060000 -0.111470327 0.052115023 3.059399128 0.001625274 -0.021494497 0.006157476 0.999748707
1695814294.206000 -0.113599129 0.052790541 3.119630098 -0.001968513 -0.022104332 0.004470109 0.999743760
1695814294.329000 -0.115846731 0.053385153 3.168739080 -0.002101046 -0.022320731 0.004641513 0.999737918
1695814294.454000 -0.117194533 0.055028427 3.216125250 0.001552085 -0.022597255 0.002478323 0.999740422
1695814294.603000 -0.120133080 0.055403758 3.274877787 0.000979249 -0.022335179 0.003041156 0.999745488
1695814294.727000 -0.121932738 0.056078754 3.314628124 0.000671454 -0.022643533 0.003386014 0.999737680
1695814294.852000 -0.120447665 0.055532180 3.363480568 -0.000256268 -0.024297746 0.001604511 0.999703467
1695814294.979000 -0.126088768 0.056600496 3.413913965 -0.000349248 -0.023353558 0.003382157 0.999721587
1695814295.103000 -0.129573777 0.058011871 3.473301649 -0.000460070 -0.022788815 0.001846845 0.999738574
1695814295.252000 -0.134300083 0.058536038 3.520923138 -0.002687821 -0.022245139 0.000211964 0.999748945
1695814295.581000 -0.152828485 0.058665100 3.614414215 -0.000328654 -0.022168010 0.002380791 0.999751389
1695814295.723000 -0.142805725 0.061395798 3.715121031 0.001836305 -0.023503376 -0.001265997 0.999721289
1695814295.876000 -0.145211563 0.062323585 3.761081696 0.000716366 -0.023421630 -0.002382400 0.999722660
1695814295.996000 -0.150015026 0.062191792 3.819468498 -0.000703063 -0.022916019 -0.003263235 0.999731839
1695814296.112000 -0.149335429 0.063577265 3.853976011 -0.000563150 -0.023753617 -0.002922239 0.999713421
1695814296.234000 -0.148979500 0.063709795 3.910707951 -0.000085005 -0.024980431 -0.003154918 0.999683022
1695814296.353000 -0.157989472 0.063958250 3.956690550 -0.000534978 -0.022685474 -0.002389435 0.999739647
1695814296.473000 -0.155325413 0.064421564 4.005456448 -0.000882167 -0.024490600 -0.002618651 0.999696255
1695814296.592000 -0.161903828 0.066027649 4.048773289 -0.000309387 -0.023127202 -0.002293718 0.999729872
1695814296.710000 -0.164017886 0.066534042 4.083364487 -0.000497570 -0.023326850 -0.002133758 0.999725521
1695814296.832000 -0.168003425 0.067196228 4.139070988 -0.000457877 -0.022999596 -0.002444749 0.999732375
1695814296.950000 -0.171827450 0.068563327 4.184502602 -0.000074882 -0.022305079 -0.002102452 0.999749005
1695814297.099000 -0.172039747 0.069630817 4.239731789 -0.000028178 -0.023300499 -0.002761476 0.999724686
1695814297.225000 -0.172710016 0.068780608 4.278675556 -0.001082583 -0.023790656 -0.002760211 0.999712646
1695814297.344000 -0.175089523 0.069950201 4.322488785 -0.000479970 -0.023886077 -0.002027058 0.999712527
1695814297.463000 -0.179576918 0.072437249 4.377503872 0.000537315 -0.023956316 -0.000932775 0.999712467
1695814297.607000 -0.179863125 0.071535572 4.420548916 -0.000567993 -0.024210475 -0.001050512 0.999706209
1695814297.728000 -0.185810849 0.072745316 4.478012085 0.001718190 -0.023663120 -0.000741307 0.999718249
1695814297.869000 -0.187655434 0.073445387 4.526586533 0.004384986 -0.023629127 -0.000820559 0.999710858
1695814297.992000 -0.189207703 0.073700532 4.572172165 0.004186315 -0.024483351 -0.000741846 0.999691188
1695814298.134000 -0.191951916 0.075034730 4.613097191 0.002904187 -0.024050264 -0.000521215 0.999706447
1695814298.266000 -0.195710152 0.075289041 4.670969486 0.000365949 -0.023702094 -0.001193859 0.999718368
1695814298.382000 -0.197727650 0.075791158 4.713118553 -0.000524569 -0.023796085 -0.002126964 0.999714434
1695814298.500000 -0.200520560 0.075835548 4.756184101 -0.000851881 -0.023892762 -0.002242197 0.999711692
1695814298.646000 -0.203388542 0.077825479 4.809814930 0.000377028 -0.023698421 -0.003095257 0.999714315
1695814298.786000 -0.206392050 0.077166282 4.862004280 -0.000554414 -0.023856625 -0.003438033 0.999709368
1695814298.933000 -0.207964122 0.079372674 4.914591789 0.000206199 -0.024348088 -0.002796591 0.999699593
1695814299.076000 -0.210759997 0.080522224 4.957605362 0.000403353 -0.023803797 -0.002514971 0.999713421
1695814299.192000 -0.212892964 0.080744237 5.000657558 0.000030386 -0.024236413 -0.002385693 0.999703407
1695814299.309000 -0.215746745 0.081001490 5.052128792 -0.000378990 -0.024046531 -0.002669514 0.999707222
1695814299.428000 -0.217922240 0.082239553 5.095957279 -0.000234249 -0.024538998 -0.002427883 0.999695897
1695814299.546000 -0.217320010 0.083672173 5.136182785 0.000169725 -0.025286507 -0.001542058 0.999679089
1695814299.658000 -0.222691566 0.083722763 5.177714825 0.000260485 -0.024431434 -0.002828214 0.999697506
1695814299.774000 -0.225290105 0.084688857 5.217072964 0.000304556 -0.024451705 -0.002724804 0.999697268
1695814299.916000 -0.228719190 0.084779762 5.269023418 0.000430756 -0.024444481 -0.002689135 0.999697506
1695814300.032000 -0.230502024 0.086520858 5.310187817 0.001278682 -0.024759702 -0.001553940 0.999691486
1695814300.147000 -0.236122787 0.087497033 5.348977089 0.000876737 -0.024172233 -0.002543940 0.999704242
1695814300.293000 -0.236389428 0.086507976 5.403419018 0.000083048 -0.024922770 -0.001216350 0.999688625
1695814300.429000 -0.238314852 0.087227605 5.452225685 -0.000543491 -0.025468910 -0.000806951 0.999675155
1695814300.565000 -0.241486996 0.087836429 5.503004074 -0.000212129 -0.025522474 -0.000316721 0.999674201
1695814300.701000 -0.244216204 0.088403374 5.553302288 0.000681218 -0.025439166 -0.000060717 0.999676168
1695814300.814000 -0.249474451 0.090153791 5.591635227 0.002239574 -0.024320425 -0.000102668 0.999701738
1695814300.955000 -0.250200063 0.089477196 5.642520428 0.001518402 -0.025292346 -0.000719758 0.999678731
1695814301.098000 -0.253953695 0.090262346 5.696434975 0.000347800 -0.025557198 -0.001339348 0.999672472
1695814301.235000 -0.256073117 0.091802463 5.745415688 -0.000180107 -0.025364019 -0.002921215 0.999674022
1695814301.376000 -0.259341240 0.093061097 5.794768810 0.000192027 -0.025113519 -0.004095795 0.999676228
1695814301.512000 -0.261968762 0.092889093 5.844096661 0.000123428 -0.025427908 -0.003755174 0.999669611
1695814301.649000 -0.266262531 0.094399296 5.893823624 0.000769420 -0.024923766 -0.003347280 0.999683499
1695814301.786000 -0.269202501 0.095383681 5.944728851 0.000934558 -0.024959303 -0.003237325 0.999682784
1695814301.922000 -0.271132529 0.095658273 5.994719982 -0.000092601 -0.025444990 -0.002733977 0.999672472
1695814302.062000 -0.273522586 0.096043803 6.046109676 0.000196040 -0.025646858 -0.002177834 0.999668717
1695814302.208000 -0.278497338 0.098233894 6.103327274 0.002733499 -0.024957266 -0.002389417 0.999681950
1695814302.362000 -0.281251311 0.098401114 6.161013603 0.002961556 -0.025381627 -0.002304042 0.999670804
1695814302.489000 -0.284327567 0.099167682 6.218344212 0.001596246 -0.025475722 -0.002293527 0.999671519
1695814302.623000 -0.287757039 0.100329265 6.273689270 -0.000468161 -0.025201261 -0.002093210 0.999680102
1695814302.758000 -0.291824609 0.101547368 6.329758167 -0.000916164 -0.025096571 -0.001327520 0.999683738
1695814302.895000 -0.295296103 0.102250971 6.386293888 0.000299078 -0.024879333 -0.000654708 0.999690235
1695814303.028000 -0.296806693 0.103177920 6.445464134 0.002827150 -0.025792921 0.000303937 0.999663293
1695814303.165000 -0.301536322 0.104400843 6.506438255 0.005034570 -0.025439326 0.000761316 0.999663413
1695814303.302000 -0.305707425 0.104863971 6.568103790 0.003634462 -0.025317941 0.000693636 0.999672592
1695814303.435000 -0.310270935 0.105622143 6.626378536 0.000578716 -0.025246436 0.000270242 0.999681115
1695814303.567000 -0.313637286 0.106505454 6.686318874 -0.001431377 -0.025024444 -0.000808629 0.999685526
1695814303.681000 -0.316127121 0.107660323 6.735544682 -0.001258780 -0.025444591 -0.001640495 0.999674082
1695814303.818000 -0.319933563 0.108612902 6.795078278 -0.000157879 -0.025155012 -0.002153629 0.999681234
1695814303.951000 -0.320250809 0.109254226 6.858404636 0.001065970 -0.025693195 -0.002244039 0.999666810
1695814304.090000 -0.330118924 0.107583493 6.918684483 0.002066463 -0.024490677 -0.001628185 0.999696612
1695814304.231000 -0.330274045 0.111812823 6.983961582 0.003432119 -0.025265601 -0.001419650 0.999673903
1695814304.368000 -0.331219256 0.112300709 7.054078579 0.002237065 -0.026052980 -0.001167096 0.999657393
1695814304.505000 -0.338583767 0.114662610 7.118316174 0.000288007 -0.025233766 -0.001309050 0.999680698
1695814304.640000 -0.340097696 0.114482872 7.185684681 -0.001324689 -0.025680311 -0.001483722 0.999668241
1695814304.773000 -0.347076088 0.117048845 7.249187946 -0.000182988 -0.025099814 -0.001071000 0.999684393
1695814304.904000 -0.353464305 0.118812330 7.310330391 0.001312341 -0.024517339 -0.000164341 0.999698520
1695814305.038000 -0.365880102 0.121764280 7.373858929 0.003650855 -0.022618517 0.000801856 0.999737203
1695814305.168000 -0.349656671 0.119736694 7.440903664 0.004685050 -0.027182214 0.000828840 0.999619246
1695814305.303000 -0.357780010 0.116631269 7.517179966 0.003433581 -0.025815831 0.000056081 0.999660850
1695814305.436000 -0.362206101 0.120155022 7.586359024 0.001701807 -0.026057675 0.001074346 0.999658406
1695814305.568000 -0.365262926 0.121040806 7.654620171 -0.002410630 -0.026148180 0.000437039 0.999655068
1695814305.699000 -0.370106131 0.121570446 7.720976830 -0.005387684 -0.025949268 0.002308315 0.999646127
1695814305.831000 -0.375303537 0.120467514 7.788368702 -0.004093874 -0.025940575 0.006545763 0.999633729
1695814305.969000 -0.376960188 0.123082638 7.857169151 0.000654338 -0.027102696 0.007234586 0.999606311
1695814306.116000 -0.381877631 0.125998020 7.933232307 0.004779020 -0.026802400 0.001067608 0.999628782
1695814306.256000 -0.381934881 0.126064792 7.964643478 0.003701276 -0.027435441 -0.000667394 0.999616563
1695814306.359000 -0.389127821 0.126028568 8.046934128 -0.000957001 -0.026422396 -0.002357664 0.999647617
1695814306.487000 -0.392849237 0.127125472 8.113783836 -0.001409726 -0.026484039 -0.001487155 0.999647141
1695814306.616000 -0.398552835 0.127742276 8.182635307 0.004813220 -0.025828883 0.000981181 0.999654293
1695814306.747000 -0.400773436 0.127771094 8.251376152 0.011022394 -0.026693877 0.001783139 0.999581337
1695814306.879000 -0.405969322 0.127816275 8.324371338 0.010769037 -0.026638759 0.001729053 0.999585629
1695814307.005000 -0.410164356 0.129844263 8.395947456 0.001253911 -0.026918912 0.000640991 0.999636710
1695814307.136000 -0.415914893 0.130319864 8.467600822 -0.009782075 -0.026532041 -0.000665611 0.999599874
1695814307.262000 -0.419850916 0.133644477 8.545649529 -0.011644286 -0.026811855 -0.001897860 0.999570906
1695814307.386000 -0.426049203 0.136679351 8.619142532 -0.008235590 -0.026212845 -0.000675396 0.999622226
1695814307.516000 -0.431118339 0.139481351 8.695578575 -0.002272802 -0.026165524 0.001215048 0.999654353
1695814307.644000 -0.436673671 0.139728591 8.773279190 0.001975523 -0.025902214 0.003225165 0.999657333
1695814307.770000 -0.443713188 0.139753863 8.846626282 0.009056235 -0.025169767 0.003970706 0.999634266
1695814307.900000 -0.446374685 0.140285119 8.919897079 0.008734044 -0.025759755 0.004148747 0.999621451
1695814308.026000 -0.448153466 0.142329291 8.995512962 -0.000239241 -0.027110398 0.006043027 0.999614179
1695814308.149000 -0.454846412 0.144870728 9.065151215 -0.006250849 -0.026019040 0.004155894 0.999633312
1695814308.273000 -0.458515674 0.144259259 9.136992455 -0.007535642 -0.026490521 0.002502489 0.999617577
1695814308.400000 -0.462716877 0.146642104 9.207913399 -0.002008082 -0.026409207 0.003353929 0.999643624
1695814308.527000 -0.467569530 0.146791115 9.279484749 0.002674851 -0.026060203 0.003483311 0.999650776
1695814308.655000 -0.475203276 0.146287575 9.352104187 0.001092888 -0.024050720 0.000026828 0.999710202
1695814308.778000 -0.472875923 0.149382621 9.424571037 0.000491904 -0.026412426 -0.000137415 0.999651015
1695814308.904000 -0.475383431 0.150456712 9.498014450 0.000280765 -0.027095595 0.002276800 0.999630272
1695814309.032000 -0.478799880 0.152353898 9.575841904 0.000597037 -0.027208397 0.003747724 0.999622583
1695814309.152000 -0.470951259 0.153808847 9.645944595 -0.000090595 -0.031152517 0.003795483 0.999507427
1695814309.275000 -0.493029892 0.154958144 9.713984489 -0.000385725 -0.025941348 0.003809019 0.999656141
1695814309.397000 -0.500576198 0.155028924 9.785556793 -0.001163372 -0.025197163 0.004564478 0.999671400
1695814309.518000 -0.501286864 0.157546982 9.859580994 -0.000409540 -0.026502378 0.004091907 0.999640286
1695814309.642000 -0.504002154 0.157921121 9.932372093 0.000625174 -0.027306782 0.004394530 0.999617279
1695814309.767000 -0.506025791 0.157586768 10.008605957 0.001991726 -0.028455434 0.004738057 0.999581873
1695814309.887000 -0.519902408 0.159862936 10.077758789 0.002635403 -0.025366040 0.004293442 0.999665558
1695814310.006000 -0.517723143 0.160583735 10.154178619 -0.000301809 -0.028021280 0.002150446 0.999605000
1695814310.125000 -0.522304177 0.161877126 10.225117683 -0.005973164 -0.028165611 0.000632909 0.999585271
1695814310.247000 -0.529863596 0.164226159 10.297542572 -0.005548818 -0.027091222 0.005227671 0.999603927
1695814310.373000 -0.533469498 0.166659206 10.371223450 -0.000955528 -0.027789645 0.005069347 0.999600530
1695814310.491000 -0.539596081 0.167217538 10.444444656 0.000984895 -0.027154440 0.006041090 0.999612510
1695814310.615000 -0.539262056 0.169009522 10.515955925 0.001163943 -0.029109295 0.005350258 0.999561250
1695814310.738000 -0.547556698 0.169765502 10.590772629 -0.000373406 -0.027848728 0.004846884 0.999600351
1695814310.855000 -0.550460100 0.171079963 10.658143997 -0.000970614 -0.027735647 0.005254996 0.999601007
1695814310.973000 -0.559385836 0.172354594 10.733683586 0.000610439 -0.026955098 0.005692369 0.999620259
1695814311.093000 -0.563211024 0.172197610 10.805320740 0.000545780 -0.027301999 0.005815545 0.999610186
1695814311.211000 -0.555011988 0.175474942 10.868317604 -0.000009672 -0.031479195 0.006305655 0.999484539
1695814311.330000 -0.571872652 0.174758926 10.948471069 -0.000977134 -0.027537568 0.005968759 0.999602497
1695814311.447000 -0.572061241 0.176125184 11.015654564 -0.001601159 -0.029256757 0.004415225 0.999560952
1695814311.571000 -0.581402302 0.177468687 11.090145111 -0.001465416 -0.027352648 0.002967531 0.999620378
1695814311.691000 -0.584504902 0.177526668 11.162868500 0.001713118 -0.028280362 0.002981482 0.999594152
1695814311.807000 -0.591298163 0.178751245 11.237130165 0.004539028 -0.027495151 0.004027213 0.999603510
1695814311.926000 -0.595097423 0.179956183 11.310188293 0.003452211 -0.027866123 0.004776903 0.999594271
1695814312.044000 -0.601024926 0.182001486 11.388437271 0.001595210 -0.027404184 0.005991118 0.999605179
1695814312.169000 -0.609864831 0.184070766 11.466267586 0.000317220 -0.026483782 0.006839069 0.999625862
1695814312.285000 -0.610591471 0.184398115 11.546263695 -0.001162320 -0.027508002 0.006179475 0.999601841
1695814312.406000 -0.616398871 0.185963839 11.620668411 -0.001405880 -0.027530331 0.006138097 0.999601185
1695814312.523000 -0.620414019 0.185831204 11.700822830 -0.001412655 -0.027793465 0.006236232 0.999593258
1695814312.640000 -0.628772855 0.188567579 11.774980545 -0.000636563 -0.027145498 0.006938769 0.999607265
1695814312.761000 -0.635115862 0.186683774 11.849396706 -0.001583261 -0.027105540 0.007423435 0.999603748
1695814312.876000 -0.633471906 0.189538866 11.926466942 -0.001320228 -0.028799862 0.006259134 0.999564707
1695814312.995000 -0.645357668 0.189591154 11.999102592 -0.002781395 -0.026898794 0.004942391 0.999622107
1695814313.108000 -0.649954021 0.193676829 12.071378708 -0.001454222 -0.027289821 0.004193379 0.999617755
1695814313.224000 -0.651364028 0.193303451 12.143189430 -0.001557018 -0.027685972 0.004348344 0.999606013
1695814313.338000 -0.654696345 0.195453942 12.215180397 -0.000559173 -0.028897882 0.005350713 0.999567926
1695814313.452000 -0.661780894 0.194927901 12.281578064 -0.000904336 -0.026795495 0.007193436 0.999614656
1695814313.564000 -0.660321116 0.198402599 12.355179787 -0.000616740 -0.027675079 0.006605880 0.999594986
1695814313.677000 -0.669580579 0.197434083 12.420632362 -0.001193674 -0.027338738 0.007428371 0.999597907
1695814313.794000 -0.675026476 0.199362725 12.491497993 -0.000772790 -0.025824796 0.007161765 0.999640524
1695814313.906000 -0.677649915 0.199439436 12.559155464 -0.001407132 -0.027381172 0.007183034 0.999598265
1695814314.019000 -0.681118667 0.200499147 12.626000404 -0.001352256 -0.028240692 0.007796100 0.999569893
1695814314.137000 -0.685839891 0.201737657 12.695391655 -0.000869558 -0.027648397 0.007794233 0.999586999
1695814314.247000 -0.690587342 0.204717711 12.765309334 0.001239614 -0.028195733 0.008507836 0.999565482
1695814314.361000 -0.694129944 0.205083683 12.835728645 0.001928542 -0.028749337 0.006874961 0.999561191
1695814314.473000 -0.700871766 0.207011580 12.905385017 -0.000060514 -0.028320793 0.006077175 0.999580443
1695814314.581000 -0.703051567 0.207776532 12.971777916 0.001580046 -0.028538072 0.000846101 0.999591172
1695814314.693000 -0.711209238 0.209072545 13.040352821 -0.001071025 -0.027147187 0.002220516 0.999628425
1695814314.807000 -0.716512918 0.210226521 13.107529640 -0.005161560 -0.026804859 0.005915425 0.999609888
1695814314.917000 -0.720959663 0.210281193 13.175106049 -0.004967156 -0.026725512 0.008400686 0.999595165
1695814315.026000 -0.726604283 0.211777568 13.242135048 -0.002161498 -0.026369339 0.010061770 0.999599278
1695814315.139000 -0.727729201 0.212980375 13.306426048 0.000448249 -0.027161743 0.009928227 0.999581635
1695814315.249000 -0.741100550 0.212584347 13.376390457 0.001076566 -0.024629917 0.009493015 0.999651015
1695814315.359000 -0.737096906 0.215366840 13.437139511 0.000551309 -0.026707798 0.009212432 0.999600708
1695814315.465000 -0.737953842 0.215623081 13.501464844 -0.001319438 -0.028073302 0.009381501 0.999561012
1695814315.575000 -0.746290267 0.215321809 13.564115524 -0.001944856 -0.026723038 0.009830371 0.999592721
1695814315.683000 -0.747626722 0.216417134 13.627331734 -0.001911432 -0.027246099 0.009590649 0.999580920
1695814315.793000 -0.752540767 0.218795657 13.688203812 -0.001100993 -0.027177854 0.009774965 0.999582231
1695814315.901000 -0.751968443 0.219850421 13.753658295 -0.001307137 -0.028595343 0.008387926 0.999555051
1695814316.012000 -0.756235600 0.221423149 13.817564011 -0.002047626 -0.028868159 0.007710772 0.999551475
1695814316.117000 -0.757490933 0.222950876 13.877218246 -0.003272714 -0.029583294 0.007347381 0.999529958
1695814316.228000 -0.760793507 0.224487409 13.937965393 -0.000713364 -0.030196892 0.008547121 0.999507248
1695814316.334000 -0.769287467 0.224394336 14.001585960 0.000436274 -0.028526634 0.008932068 0.999553025
1695814316.441000 -0.775862217 0.225993887 14.061732292 0.000090832 -0.027601937 0.008129332 0.999585927
1695814316.553000 -0.775014162 0.224959135 14.124130249 -0.001318981 -0.029433617 0.008326855 0.999531209
1695814316.661000 -0.778984904 0.226842195 14.187179565 -0.000889605 -0.029132113 0.004226547 0.999566257
1695814316.766000 -0.783816159 0.227007866 14.246141434 -0.000775798 -0.028724380 0.001869675 0.999585330
1695814316.873000 -0.785737753 0.227388144 14.306004524 -0.001407143 -0.029057838 0.000269687 0.999576747
1695814316.980000 -0.791490257 0.227633893 14.367608070 -0.000993623 -0.028292533 -0.000689947 0.999598920
1695814317.089000 -0.795855999 0.230901286 14.425742149 -0.001117047 -0.027144374 -0.000175720 0.999630928
1695814317.197000 -0.800264597 0.234706074 14.485558510 -0.004108683 -0.027331049 -0.000955143 0.999617577
1695814317.300000 -0.803043187 0.232850999 14.541072845 -0.005534898 -0.027040279 0.001338588 0.999618173
1695814317.408000 -0.803232014 0.233653739 14.597023964 -0.000422814 -0.028897710 0.003748969 0.999575257
1695814317.509000 -0.811820924 0.234472096 14.652923584 0.003562283 -0.026675623 0.005533597 0.999622524
1695814317.610000 -0.812158167 0.236583635 14.710852623 0.003651043 -0.027292078 0.006486525 0.999599814
1695814317.716000 -0.814986825 0.235485613 14.765444756 0.000296868 -0.028031778 0.005749269 0.999590456
1695814317.820000 -0.819473445 0.237444505 14.824891090 0.001948079 -0.026947636 0.005262081 0.999621153
1695814317.925000 -0.821119070 0.238032162 14.879787445 0.001847333 -0.028167149 0.004609274 0.999590874
1695814318.031000 -0.826558530 0.238431007 14.937789917 -0.000413640 -0.027139466 0.005230562 0.999617934
1695814318.134000 -0.830224276 0.238832429 14.993232727 -0.001987180 -0.027191659 0.005557287 0.999612808
1695814318.237000 -0.832391918 0.239279494 15.047918320 -0.001169124 -0.027858840 0.005004253 0.999598682
1695814318.343000 -0.838040709 0.240496740 15.114995956 -0.001798474 -0.026503751 0.002620497 0.999643683
1695814318.443000 -0.834420323 0.241670758 15.153881073 -0.001192804 -0.029503487 0.002728738 0.999560297
1695814318.548000 -0.846541762 0.243472189 15.212170601 0.000906609 -0.025470974 0.002076209 0.999673009
1695814318.649000 -0.849161685 0.244070083 15.264400482 0.002633087 -0.025669638 0.004187450 0.999658287
1695814318.751000 -0.855389237 0.245026052 15.317432404 0.002347369 -0.024310119 0.007854220 0.999670923
1695814318.854000 -0.854167044 0.245162427 15.371335983 0.000299689 -0.026034975 0.007012123 0.999636412
1695814318.956000 -0.855258286 0.247391164 15.423873901 -0.002004799 -0.027126377 0.008343560 0.999595225
1695814319.059000 -0.861405671 0.246598616 15.476905823 -0.004180966 -0.025751833 0.008303229 0.999625146
1695814319.161000 -0.866334438 0.247502342 15.529233932 -0.002571458 -0.025244983 0.009968626 0.999628305
1695814319.261000 -0.870912969 0.248845026 15.583420753 0.000350401 -0.024430947 0.010537295 0.999645948
1695814319.367000 -0.871832788 0.249918997 15.646489143 0.002543149 -0.026006419 0.010823761 0.999599934
1695814319.465000 -0.875597835 0.249397501 15.699401855 0.001914433 -0.026001085 0.010876738 0.999600947
1695814319.580000 -0.878736019 0.250658214 15.750919342 0.000116154 -0.025618136 0.010272680 0.999619007
1695814319.680000 -0.882250607 0.250700206 15.802322388 -0.001794077 -0.025545597 0.009995830 0.999622107
1695814319.779000 -0.884972036 0.251095265 15.854406357 -0.002170051 -0.025390869 0.010107723 0.999624193
1695814319.880000 -0.888298035 0.254112661 15.918792725 -0.001050055 -0.025220064 0.010172401 0.999629617
1695814319.980000 -0.892797232 0.255750477 15.968280792 -0.000219792 -0.024870960 0.010550350 0.999634981
1695814320.082000 -0.895830274 0.255079299 16.021642685 -0.000232455 -0.024877602 0.010871818 0.999631405
1695814320.195000 -0.885452092 0.256790906 16.076286316 0.001244092 -0.029556856 0.010041694 0.999511898
1695814320.296000 -0.896362126 0.257964432 16.126876831 0.002810400 -0.026915964 0.010436308 0.999579310
1695814320.396000 -0.900655627 0.256950647 16.180992126 0.002018160 -0.026460081 0.009793372 0.999599874
1695814320.494000 -0.900217354 0.255632818 16.235185623 0.000138920 -0.028206959 0.008958970 0.999562025
1695814320.596000 -0.907932818 0.258731514 16.303773880 0.000486031 -0.026042124 0.008344118 0.999625921
1695814320.693000 -0.900003016 0.257095963 16.347890854 -0.000356807 -0.031139437 0.008694199 0.999477208
1695814320.792000 -0.910232782 0.257941365 16.405931473 0.001543955 -0.028099703 0.009538137 0.999558449
1695814320.890000 -0.921440363 0.258625537 16.479032516 0.002053588 -0.024587989 0.010707098 0.999638259
1695814321.007000 -0.913275242 0.253837556 16.546100616 -0.001736677 -0.030599009 0.011347269 0.999465883
1695814321.106000 -0.924834907 0.261179000 16.612668991 0.001157852 -0.026245706 0.011518499 0.999588490
1695814321.204000 -0.929023445 0.264334470 16.663541794 0.002281924 -0.025995666 0.010778509 0.999601364
1695814321.305000 -0.933540463 0.264302254 16.735027313 0.001551702 -0.025964836 0.010969645 0.999601483
1695814321.417000 -0.935861766 0.265767246 16.811002731 0.002210413 -0.026877025 0.011937176 0.999565065
1695814321.513000 -0.942635000 0.267168134 16.870590210 0.002044773 -0.025556898 0.010784279 0.999613106
1695814321.613000 -0.948208988 0.268110424 16.935779572 0.002192869 -0.024599236 0.011461868 0.999629378
1695814321.723000 -0.948671877 0.268995047 16.997390747 0.001828611 -0.026477907 0.010694865 0.999590516
1695814321.822000 -0.960498691 0.264953852 17.062704086 0.000081831 -0.025731293 0.013635195 0.999575913
1695814321.936000 -0.960112572 0.271169424 17.154390335 0.000461983 -0.026008429 0.009045942 0.999620736
1695814322.050000 -0.962484062 0.272223979 17.235891342 -0.000269717 -0.027622066 0.008443324 0.999582767
1695814322.170000 -0.967993975 0.273860514 17.306194305 0.000775025 -0.026326649 0.009103356 0.999611676
1695814322.270000 -0.968424380 0.274930209 17.391588211 0.001737032 -0.027939789 0.009926206 0.999558866
1695814322.381000 -0.979589045 0.277083635 17.458932877 0.002740800 -0.025333660 0.011655392 0.999607325
1695814322.480000 -0.984180391 0.276996583 17.539638519 0.002217981 -0.025147222 0.011813209 0.999611557
1695814322.594000 -0.987251043 0.278993279 17.626344681 0.001823416 -0.025661247 0.010357663 0.999615371
1695814322.716000 -0.992295384 0.280376345 17.720088959 0.001963922 -0.025614906 0.009495632 0.999624908
1695814322.833000 -0.994436860 0.281747371 17.810207367 0.001407207 -0.026875572 0.011012046 0.999577165
1695814322.943000 -0.986263871 0.282676607 17.894729614 0.000511922 -0.033883501 0.009113298 0.999384105
1695814323.062000 -1.002498627 0.284144282 17.987792969 -0.002231206 -0.027868535 0.009874912 0.999560356
1695814323.172000 -1.003395438 0.287339926 18.070379257 -0.002633020 -0.029614430 0.008516879 0.999521673
1695814323.279000 -1.017565250 0.285108358 18.156778336 -0.002341078 -0.026098542 0.009727730 0.999609292
1695814323.390000 -1.021751165 0.287239939 18.241424561 0.000327423 -0.026329041 0.010302860 0.999600172
1695814323.503000 -1.025834441 0.288692445 18.316131592 0.001780686 -0.026432900 0.011191476 0.999586344
1695814323.604000 -1.032235503 0.290285885 18.409233093 0.001002132 -0.026074946 0.011819685 0.999589622
1695814323.714000 -1.037512183 0.291779011 18.496757507 -0.001308056 -0.025728850 0.011692821 0.999599755
1695814323.821000 -1.039765000 0.294363260 18.575727463 -0.002274171 -0.026708968 0.011531618 0.999574184
1695814323.932000 -1.046580076 0.295241594 18.660669327 -0.002779172 -0.025998224 0.011179225 0.999595642
1695814324.040000 -1.051118374 0.296810389 18.741739273 -0.002288963 -0.025702477 0.011702917 0.999598503
1695814324.151000 -1.056048870 0.298348397 18.826669693 -0.002091686 -0.025642423 0.010606418 0.999612749
1695814324.258000 -1.058862925 0.299012840 18.906435013 -0.002942642 -0.026090028 0.008794131 0.999616623
1695814324.364000 -1.065056086 0.302462459 18.986167908 -0.000449150 -0.025732439 0.008888968 0.999629259
1695814324.470000 -1.064792156 0.306252271 19.063566208 0.001769043 -0.026967073 0.010174023 0.999583006
1695814324.575000 -1.075317025 0.304378033 19.147727966 0.000372090 -0.025201792 0.010182961 0.999630451
1695814324.681000 -1.080449462 0.305571437 19.227170944 -0.001338124 -0.024602862 0.011455833 0.999630809
1695814324.790000 -1.085242152 0.307123363 19.310297012 -0.002100569 -0.025420371 0.011617429 0.999607146
1695814324.900000 -1.092268705 0.307476491 19.393587112 -0.002468463 -0.023760216 0.011866286 0.999644220
1695814325.005000 -1.096852303 0.308688909 19.468824387 -0.002113638 -0.024476940 0.011610885 0.999630749
1695814325.110000 -1.101820111 0.307932526 19.547477722 -0.001928927 -0.024509354 0.012588398 0.999618530
1695814325.212000 -1.109327197 0.310726106 19.620109558 -0.002044458 -0.023843862 0.011509478 0.999647439
1695814325.313000 -1.110581875 0.312694520 19.689334869 -0.001796823 -0.023598937 0.010247555 0.999667406
1695814325.412000 -1.113756418 0.314368635 19.759860992 -0.002817246 -0.023933370 0.009254379 0.999666810
1695814325.521000 -1.124925256 0.315214813 19.836114883 -0.004368403 -0.022328155 0.008390519 0.999706030
1695814325.623000 -1.120076895 0.318600208 19.911291122 -0.004888725 -0.024359940 0.007025964 0.999666631
1695814325.727000 -1.119962215 0.316334844 19.984987259 -0.004171570 -0.025947316 0.005847136 0.999637544
1695814325.829000 -1.121235847 0.323673129 20.059417725 0.002665068 -0.026885040 0.006081341 0.999616504
1695814325.929000 -1.133388638 0.322449178 20.130743027 0.002539957 -0.023667006 0.006185994 0.999697566
1695814326.029000 -1.136227727 0.323989421 20.200139999 -0.000601987 -0.024012418 0.005406789 0.999696851
1695814326.130000 -1.143359542 0.324371785 20.266836166 -0.006773542 -0.022861306 0.006977315 0.999691367
1695814326.228000 -1.146185756 0.327076316 20.338424683 -0.006124934 -0.022567702 0.006664130 0.999704361
1695814326.330000 -1.145856857 0.327367663 20.409778595 -0.001604763 -0.023701862 0.006266850 0.999698162
1695814326.432000 -1.153388977 0.328189880 20.479389191 0.004380395 -0.022249870 0.005919122 0.999725401
1695814326.528000 -1.156662822 0.329558939 20.547584534 -0.000169811 -0.022559438 0.004923054 0.999733388
1695814326.627000 -1.165776372 0.332209110 20.610052109 -0.006078979 -0.019913204 0.004819829 0.999771655
1695814326.722000 -1.164020777 0.333025157 20.676902771 -0.008234859 -0.021965895 0.005220709 0.999711215
1695814326.825000 -1.168388486 0.334163904 20.739744186 -0.004553153 -0.021354651 0.006855350 0.999738097
1695814326.925000 -1.171605945 0.335291952 20.809490204 0.000318676 -0.021178523 0.010755593 0.999717832
1695814327.022000 -1.174710512 0.334959775 20.869338989 -0.000550716 -0.021515992 0.013861593 0.999672234
1695814327.119000 -1.185450792 0.346346676 20.922023773 -0.001393292 -0.019509563 0.006373780 0.999788404
1695814327.220000 -1.182247400 0.337826431 20.998140335 -0.005147038 -0.020814423 0.010066963 0.999719501
1695814327.320000 -1.184644938 0.339053720 21.055221558 -0.003806084 -0.020778872 0.007377155 0.999749660
1695814327.414000 -1.190654874 0.340258151 21.111204147 -0.000211907 -0.020105980 0.007231829 0.999771714
1695814327.512000 -1.189975500 0.340580225 21.170724869 0.001728017 -0.020808069 0.005491430 0.999766946
1695814327.608000 -1.192435026 0.341831237 21.230972290 0.003376891 -0.020605071 0.005622006 0.999766231
1695814327.707000 -1.198676586 0.342148244 21.284677505 0.004126463 -0.020544427 0.005971792 0.999762654
1695814327.803000 -1.197774291 0.342913747 21.343168259 0.000427688 -0.020730561 0.007589467 0.999756217
1695814327.896000 -1.202291608 0.343444169 21.398183823 -0.001865489 -0.020688776 0.008742604 0.999746084
1695814327.994000 -1.205137730 0.344606549 21.454195023 -0.003374354 -0.020590425 0.009034843 0.999741554
1695814328.089000 -1.205393434 0.346087962 21.512374878 -0.002911433 -0.021063665 0.007193336 0.999748051
1695814328.187000 -1.207360625 0.345438838 21.566852570 -0.001378118 -0.021043798 0.005831175 0.999760628
1695814328.281000 -1.211076260 0.347755760 21.621963501 -0.000705894 -0.020663099 0.003098254 0.999781489
1695814328.379000 -1.213396311 0.347947508 21.676351547 -0.001671094 -0.020740885 0.004200753 0.999774754
1695814328.501000 -1.219986677 0.348799616 21.747270584 0.000373324 -0.019787999 0.005004091 0.999791622
1695814328.593000 -1.219854355 0.349638343 21.801029205 -0.000202941 -0.020091062 0.005151711 0.999784887
1695814328.685000 -1.220298648 0.349758178 21.853010178 -0.002822424 -0.020625409 0.002256844 0.999780774
1695814328.778000 -1.225327373 0.351084381 21.905836105 -0.002822427 -0.019417996 0.002400520 0.999804616
1695814328.872000 -1.228956461 0.352203339 21.958190918 -0.002853367 -0.018626910 0.002826864 0.999818504
1695814328.967000 -1.229892850 0.353813827 22.012952805 -0.001931235 -0.019014599 0.003957867 0.999809563
1695814329.061000 -1.232971907 0.354998440 22.064466476 -0.001390609 -0.018785397 0.005402434 0.999807954
1695814329.155000 -1.237092733 0.355572939 22.117811203 -0.001230089 -0.018376475 0.006370377 0.999810100
1695814329.250000 -1.239185333 0.356460094 22.174299240 -0.000169791 -0.018893931 0.007167636 0.999795794
1695814329.337000 -1.240847468 0.357230961 22.216859818 -0.000210248 -0.018261192 0.006741825 0.999810517
1695814329.428000 -1.243347287 0.357762128 22.265733719 -0.000638532 -0.018703921 0.006683127 0.999802530
1695814329.522000 -1.244689465 0.358637810 22.323135376 -0.000917776 -0.018823048 0.007145273 0.999796867
1695814329.611000 -1.250346303 0.359774113 22.362449646 -0.000883169 -0.017032607 0.007119320 0.999829233
1695814329.702000 -1.249749303 0.360230476 22.412443161 -0.001144668 -0.018189892 0.007419911 0.999806404
1695814329.793000 -1.251709938 0.361442715 22.465242386 -0.001062516 -0.018212810 0.006805324 0.999810398
1695814329.887000 -1.253304124 0.363854408 22.520204544 -0.000484871 -0.018518062 0.007654942 0.999799132
1695814329.991000 -1.256290793 0.362808973 22.575584412 -0.002477794 -0.017974410 0.007034050 0.999810636
1695814330.082000 -1.258633494 0.362437576 22.621471405 -0.003544060 -0.017774625 0.007855967 0.999804914
1695814330.185000 -1.261782289 0.364137203 22.672626495 -0.000300531 -0.017799320 0.010654937 0.999784768
1695814330.286000 -1.258047104 0.366532356 22.723762512 0.002710755 -0.019045835 0.010879494 0.999755740
1695814330.378000 -1.259026766 0.365484446 22.764348984 0.000746859 -0.022206146 0.010924355 0.999693453
1695814330.469000 -1.268717527 0.365370005 22.810110092 -0.001425673 -0.032178294 0.013423332 0.999391019
1695814330.572000 -1.270176291 0.365873456 22.858978271 -0.002595228 -0.040322270 0.011710664 0.999114752
1695814330.662000 -1.271440029 0.365471512 22.899580002 -0.003037674 -0.042636655 0.010575663 0.999030054
1695814330.751000 -1.279065132 0.367999256 22.943140030 -0.001371430 -0.042329069 0.008767731 0.999064326
1695814330.862000 -1.280533433 0.370706886 22.996120453 0.000547538 -0.043194167 0.006489838 0.999045551
1695814330.952000 -1.287399530 0.369703084 23.038677216 -0.000050715 -0.042753056 0.006266258 0.999065995
1695814331.052000 -1.290032506 0.371000767 23.085630417 0.000277812 -0.042899109 0.006256563 0.999059796
1695814331.157000 -1.298860788 0.371381342 23.134714127 -0.000270462 -0.041851740 0.006608719 0.999101937
1695814331.257000 -1.299773812 0.371138543 23.181484222 -0.000959833 -0.043191630 0.006667664 0.999044120
1695814331.358000 -1.307013035 0.373067856 23.227167130 -0.000611330 -0.044030271 0.007930083 0.998998582
1695814331.455000 -1.314009547 0.374671340 23.272815704 -0.000116159 -0.049891315 0.010232504 0.998702228
1695814331.554000 -1.317180157 0.373970211 23.317977905 -0.000413976 -0.052264817 0.009830917 0.998584807
1695814331.654000 -1.322937965 0.375115752 23.363063812 0.000459049 -0.052283786 0.009474989 0.998587251
1695814331.742000 -1.327302814 0.376124024 23.403558731 0.000594401 -0.052674413 0.009009503 0.998570919
1695814331.831000 -1.333422542 0.376564384 23.444116592 0.000462364 -0.052059233 0.008975144 0.998603582
1695814331.929000 -1.337762237 0.377105713 23.487291336 0.000278360 -0.052567899 0.008814401 0.998578429
1695814332.016000 -1.341738820 0.377127409 23.524997711 0.000069424 -0.052927867 0.008327047 0.998563647
1695814332.117000 -1.347700834 0.378549099 23.569355011 0.000078089 -0.058566634 0.009690689 0.998236477
1695814332.210000 -1.354685783 0.378676951 23.609949112 -0.000916378 -0.064951658 0.010445348 0.997833312
1695814332.310000 -1.360007524 0.379403412 23.653387070 -0.001408146 -0.067044944 0.009236082 0.997706234
1695814332.408000 -1.366923928 0.380909234 23.696794510 -0.000529564 -0.067186840 0.008209878 0.997706532
1695814332.509000 -1.373972416 0.381269813 23.740213394 -0.000185754 -0.066654071 0.006865975 0.997752547
1695814332.605000 -1.378230453 0.381917387 23.780397415 0.000297314 -0.067495182 0.005898174 0.997702122
1695814332.704000 -1.384171009 0.382288843 23.822170258 0.000481702 -0.067334242 0.004567196 0.997720003
1695814332.801000 -1.391871333 0.382718235 23.867231369 0.000585344 -0.066501379 0.004151255 0.997777522
1695814332.908000 -1.396947861 0.383558363 23.910041809 0.000127824 -0.067256734 0.004013125 0.997727633
1695814332.998000 -1.402641654 0.384606361 23.947374344 -0.000705956 -0.067011699 0.003654836 0.997745335
1695814333.099000 -1.409150600 0.385244191 23.987884521 -0.001466858 -0.067208238 0.003796914 0.997730672
1695814333.197000 -1.414841175 0.385536224 24.027444839 -0.002288230 -0.066854544 0.003349128 0.997754514
1695814333.293000 -1.420485377 0.386134267 24.065477371 -0.002216962 -0.066859178 0.003142823 0.997755051
1695814333.391000 -1.425629973 0.386634767 24.100473404 -0.001455023 -0.066996418 0.003047623 0.997747540
1695814333.489000 -1.433558583 0.386774153 24.139013290 0.000412710 -0.066453792 0.003323387 0.997783959
1695814333.587000 -1.435966849 0.387737602 24.177194595 0.001431726 -0.066711463 0.001624820 0.997769952
1695814333.685000 -1.442056060 0.388157815 24.213422775 0.001450356 -0.066643864 0.001304276 0.997774959
1695814333.781000 -1.446092963 0.388362885 24.249027252 0.001304138 -0.066928379 0.000973725 0.997756481
1695814333.877000 -1.451209188 0.389305860 24.286199570 0.001020940 -0.066864416 0.000975887 0.997761130
1695814333.975000 -1.456866026 0.390061319 24.322395325 0.000817110 -0.066495053 0.000679139 0.997786224
1695814334.073000 -1.462042451 0.390437454 24.358905792 0.000669492 -0.066512428 0.001071379 0.997784853
1695814334.167000 -1.469461679 0.391320914 24.398847580 0.000537219 -0.066436812 0.001831993 0.997788846
1695814334.253000 -1.470822930 0.391139269 24.425693512 0.000272292 -0.062355589 0.000808109 0.998053610
1695814334.350000 -1.478083968 0.391266882 24.465417862 0.000264461 -0.059844725 0.001107161 0.998207092
1695814334.449000 -1.483751655 0.391024262 24.504020691 0.000255597 -0.059712805 0.002228408 0.998213112
1695814334.534000 -1.488613129 0.391186386 24.533712387 0.000320672 -0.059611443 0.003360486 0.998215973
1695814334.631000 -1.489325643 0.392581433 24.562824249 0.000479388 -0.059655942 0.002379396 0.998216093
1695814334.732000 -1.494371176 0.393439442 24.598726273 0.000873116 -0.059559125 0.002720908 0.998220742
1695814334.830000 -1.497925520 0.394048870 24.630962372 0.000954644 -0.059845205 0.002526861 0.998204052
1695814334.925000 -1.505052567 0.393439740 24.663698196 0.000652245 -0.059563160 0.003678664 0.998217583
1695814335.014000 -1.508913755 0.395012856 24.700105667 0.000785754 -0.057781842 0.002629548 0.998325467
1695814335.111000 -1.511669993 0.396026880 24.734258652 0.000963440 -0.047829427 -0.000766507 0.998854816
1695814335.205000 -1.515313268 0.396802485 24.766775131 0.001082978 -0.022956768 -0.006274170 0.999716222
1695814335.290000 -1.515212893 0.397285610 24.795225143 0.001336687 -0.004358564 -0.008840168 0.999950528
1695814335.390000 -1.514315486 0.397833109 24.831615448 0.001022022 -0.000123776 -0.006903004 0.999975681
1695814335.487000 -1.514728427 0.397083312 24.865983963 0.000854893 0.000520675 -0.002043538 0.999997437
1695814335.584000 -1.516179204 0.397875577 24.899831772 0.000945888 0.000727509 0.001386994 0.999998391
1695814335.680000 -1.518348098 0.400922090 24.931514740 0.001600696 0.001027195 0.001983631 0.999996245
1695814335.774000 -1.516706228 0.398566812 24.963960648 0.000992595 0.000612542 0.003430420 0.999993503
1695814335.873000 -1.517167091 0.399405062 24.999576569 0.001003590 0.000890398 0.002911285 0.999994874
1695814335.970000 -1.516097784 0.399921954 25.033212662 0.000937735 0.000456050 0.001297860 0.999998629
1695814336.068000 -1.516032100 0.399223387 25.064172745 -0.000012996 0.000393932 0.000508685 0.999999821
1695814336.165000 -1.516317010 0.398280382 25.095182419 -0.000838054 0.000203057 0.002066422 0.999997556
1695814336.259000 -1.516545177 0.401019186 25.107706070 -0.000396592 0.000757250 0.000922143 0.999999225
1695814336.335000 -1.519382358 0.401593357 25.151153564 -0.001620960 0.001579894 0.001714263 0.999996006
1695814336.433000 -1.518832922 0.402983308 25.180585861 -0.001913401 0.001172520 0.002311585 0.999994874
1695814336.532000 -1.518044591 0.402266711 25.207065582 -0.002505025 0.001128103 0.002422994 0.999993324
1695814336.662000 -1.517137647 0.403151184 25.249307632 -0.002071996 0.001232123 0.002192949 0.999994695
1695814336.750000 -1.518309474 0.404010624 25.276369095 -0.001626482 0.001596188 0.002468501 0.999994397
1695814336.844000 -1.517392755 0.404531151 25.296829224 -0.001621707 0.001127117 0.002538074 0.999994874
1695814336.932000 -1.517952085 0.404418260 25.322364807 -0.001468156 0.001635212 0.002641702 0.999994159
1695814337.023000 -1.518888831 0.405174911 25.348100662 -0.000411680 0.001780208 0.002937615 0.999994099
1695814337.117000 -1.520983934 0.404625326 25.371778488 0.000328663 0.002188909 0.002645993 0.999994099
1695814337.218000 -1.521299124 0.406074852 25.397764206 0.001535346 0.002284303 0.002842017 0.999992192
1695814337.315000 -1.523262978 0.405202061 25.422927856 0.001143478 0.002446210 0.002398935 0.999993503
1695814337.410000 -1.518324018 0.406066805 25.449403763 0.001059200 0.001370446 0.001339550 0.999997616
1695814337.503000 -1.518486023 0.406414390 25.473577499 0.000892343 0.001408558 0.001743530 0.999997139
1695814337.597000 -1.519368768 0.406885594 25.495336533 0.000897474 0.001263998 0.002175814 0.999996483
1695814337.695000 -1.519699693 0.406597674 25.520196915 0.000609994 0.004395173 0.001603398 0.999988914
1695814337.787000 -1.520839810 0.406834096 25.546060562 0.000228422 0.019019103 -0.001817331 0.999817431
1695814337.884000 -1.517653227 0.407244742 25.568483353 0.000070779 0.034029689 -0.003183782 0.999415755
1695814337.983000 -1.517301321 0.407626927 25.591650009 -0.000009664 0.035478085 -0.000498469 0.999370396
1695814338.077000 -1.514532208 0.409834355 25.614030838 0.000697538 0.034967560 0.001898663 0.999386430
1695814338.174000 -1.511880040 0.408995450 25.641944885 0.000395097 0.035250042 0.003190174 0.999373376
1695814338.271000 -1.510579824 0.408927560 25.665355682 0.000320498 0.039599478 0.002885953 0.999211431
1695814338.363000 -1.507428527 0.409238964 25.686670303 -0.000076297 0.054640323 -0.000899050 0.998505712
1695814338.459000 -1.501794577 0.409296840 25.708557129 -0.000327901 0.071449898 -0.002671173 0.997440636
1695814338.557000 -1.499526739 0.409948617 25.730348587 0.000131614 0.073692292 0.000547017 0.997280896
1695814338.649000 -1.498086333 0.409702599 25.753826141 0.000252254 0.074377835 0.003846014 0.997222722
1695814338.749000 -1.490911484 0.410373718 25.776727676 0.000217008 0.073536761 0.005594777 0.997276902
1695814338.841000 -1.491030812 0.410084397 25.798130035 -0.001345651 0.079210445 0.004552792 0.996846676
1695814338.940000 -1.486207366 0.412156671 25.821468353 -0.004047811 0.096739508 -0.000732879 0.995301247
1695814339.033000 -1.479918957 0.413293809 25.841691971 -0.006323325 0.117584102 -0.003286464 0.993037403
1695814339.127000 -1.471357942 0.412952125 25.863040924 -0.007968363 0.139410570 -0.002601653 0.990199268
1695814339.229000 -1.465832233 0.414333254 25.884584427 -0.006295510 0.161767274 -0.003696602 0.986801982
1695814339.323000 -1.458077669 0.414874822 25.905805588 -0.003084433 0.168864518 -0.000010191 0.985634506
1695814339.420000 -1.448493481 0.415847301 25.926979065 0.000323710 0.168468520 0.005013775 0.985694230
1695814339.517000 -1.442410707 0.415535778 25.948736191 0.001304337 0.168925971 0.009277198 0.985584259
1695814339.614000 -1.434533834 0.415396571 25.969831467 -0.001022158 0.170496807 0.009987756 0.985307097
1695814339.789000 -1.418027878 0.415756464 26.007432938 -0.005601017 0.198670715 0.007214291 0.980023801
1695814339.889000 -1.408901572 0.416972220 26.026599884 -0.006610902 0.219595313 0.006636038 0.975546062
1695814339.989000 -1.398361444 0.417704701 26.046974182 -0.005704801 0.223836482 0.010127847 0.974557459
1695814340.089000 -1.388408065 0.417732656 26.067462921 -0.004625111 0.223578066 0.013999552 0.974574566
1695814340.189000 -1.379268885 0.417882383 26.089237213 -0.004263117 0.223967895 0.015643310 0.974461675
1695814340.291000 -1.368313909 0.418692231 26.109960556 -0.002178811 0.228539541 0.015989937 0.973400891
1695814340.393000 -1.356464982 0.420137584 26.129600525 -0.001072467 0.245830789 0.011362768 0.969245613
1695814340.485000 -1.345374107 0.421165586 26.144821167 -0.001585996 0.264361978 0.006610584 0.964399636
1695814340.587000 -1.334152460 0.421005785 26.162620544 -0.003322139 0.283356100 0.002772219 0.959005058
1695814340.681000 -1.321918488 0.422010899 26.178375244 -0.004422585 0.296387851 0.003359720 0.955051601
1695814340.776000 -1.309584856 0.422279060 26.195598602 -0.005125569 0.297200143 0.008076677 0.954767346
1695814340.869000 -1.298620462 0.422808588 26.214843750 -0.004755068 0.298171878 0.011178542 0.954434872
1695814340.964000 -1.286640167 0.423523694 26.232162476 -0.003543602 0.299728215 0.011529788 0.953948438
1695814341.058000 -1.274228334 0.422922701 26.249258041 -0.003292675 0.310499132 0.008098390 0.950533450
1695814341.155000 -1.260051250 0.424323946 26.265186310 -0.002489077 0.329125792 0.002306224 0.944279969
1695814341.257000 -1.245342731 0.424938202 26.281715393 -0.000818775 0.343299568 0.002457042 0.939222395
1695814341.361000 -1.231419563 0.425336063 26.297567368 0.001277392 0.344022840 0.007753755 0.938928425
1695814341.462000 -1.216911793 0.425640464 26.314825058 0.001424309 0.344453663 0.010430215 0.938744307
1695814341.563000 -1.202025414 0.427144706 26.331590652 0.001487941 0.350736201 0.010002141 0.936419725
1695814341.665000 -1.185986519 0.427164495 26.347129822 -0.000143641 0.368936986 0.006331943 0.929432869
1695814341.781000 -1.168060303 0.428379089 26.363750458 0.000689343 0.391044378 0.004866824 0.920358777
1695814341.894000 -1.149372101 0.427859306 26.378917694 -0.000103556 0.411770880 0.000519542 0.911287248
1695814341.994000 -1.135728836 0.427613109 26.388582230 -0.001209347 0.427128136 -0.002123607 0.904187858
1695814342.115000 -1.115005493 0.428438216 26.402458191 -0.002377571 0.447906852 -0.004500511 0.894065797
1695814342.234000 -1.094423294 0.429116309 26.416019440 -0.002654070 0.469466150 -0.004586165 0.882934570
1695814342.355000 -1.072815895 0.429847628 26.427642822 -0.003339601 0.490468323 -0.003844304 0.871444166
1695814342.465000 -1.051971436 0.430427343 26.438138962 -0.005723672 0.508635461 -0.003798816 0.860954642
1695814342.578000 -1.032286644 0.431283772 26.449905396 -0.007466150 0.512997925 -0.001154684 0.858356595
1695814342.716000 -1.008114815 0.432261646 26.463354111 -0.009764525 0.513444602 0.001161452 0.858066499
1695814342.850000 -0.985160828 0.432590961 26.474033356 -0.010883428 0.512609959 0.000469406 0.858552575
1695814342.987000 -0.959650040 0.434092045 26.489608765 -0.009767533 0.513976932 -0.000127360 0.857748389
1695814343.132000 -0.933767319 0.435250700 26.501705170 -0.011931081 0.526305139 -0.000564638 0.850211859
1695814343.253000 -0.916068077 0.435798198 26.508359909 -0.015647825 0.540816486 -0.003129059 0.840989232
1695814343.387000 -0.892599106 0.436122566 26.517368317 -0.019781655 0.562015772 -0.006342621 0.826865613
1695814343.531000 -0.865135193 0.436847568 26.525676727 -0.017692674 0.584849358 -0.006143274 0.810925722
1695814343.692000 -0.835252762 0.438433468 26.532960892 -0.013705791 0.608767748 -0.007772439 0.793192089
1695814343.864000 -0.803071976 0.438937873 26.541854858 -0.011071106 0.617069900 -0.006874046 0.786800444
1695814344.031000 -0.771268845 0.439720929 26.550176620 -0.012017240 0.618146956 -0.003769209 0.785961747
1695814344.201000 -0.741539001 0.440476984 26.557384491 -0.014389761 0.618267536 -0.003585772 0.785827816
1695814344.367000 -0.707515717 0.441443384 26.565662384 -0.013840571 0.618443429 -0.004298542 0.785695672
1695814344.532000 -0.675968170 0.442734510 26.572856903 -0.011556204 0.620338976 -0.004446116 0.784236073
1695814344.705000 -0.644443512 0.443651289 26.577501297 -0.014267547 0.638218701 -0.009116854 0.769668937
1695814344.893000 -0.610794067 0.444217771 26.584072113 -0.012996947 0.646118402 -0.006805221 0.763096273
1695814345.074000 -0.576469421 0.444530725 26.589389801 -0.012251781 0.647159040 -0.005784390 0.762234688
1695814345.254000 -0.542879105 0.446304530 26.596939087 -0.010399141 0.648334742 -0.008140361 0.761240959
1695814345.440000 -0.508808136 0.447640121 26.602136612 -0.010650686 0.655094147 -0.009318006 0.755414784
1695814345.630000 -0.474123001 0.447753817 26.606531143 -0.012326416 0.674850404 -0.008749384 0.737799764
1695814345.829000 -0.442075729 0.449220866 26.607574463 -0.011682207 0.678301811 -0.004741577 0.734675229
1695814346.028000 -0.407815933 0.450185239 26.610948563 -0.011302398 0.678973436 -0.004264702 0.734063506
1695814346.223000 -0.374013901 0.451184988 26.613790512 -0.010110894 0.678998232 -0.004799595 0.734054625
1695814346.419000 -0.339921951 0.452051401 26.616865158 -0.010121555 0.679128528 -0.005133314 0.733931661
1695814346.610000 -0.307596207 0.452255666 26.618919373 -0.010919443 0.678998411 -0.005305559 0.734039426
1695814346.807000 -0.275545120 0.453534186 26.621397018 -0.010417697 0.678719401 -0.005184701 0.734305561
1695814347.002000 -0.240205765 0.454130352 26.625036240 -0.010909203 0.679080188 -0.005649072 0.733961284
1695814347.213000 -0.206285477 0.455441028 26.628112793 -0.011063550 0.679306924 -0.005819782 0.733747780
1695814347.415000 -0.174213409 0.455670506 26.630254745 -0.011235528 0.679195166 -0.005125418 0.733853877
1695814347.607000 -0.141906738 0.456700146 26.633390427 -0.013357432 0.679246306 -0.001086168 0.733788013
1695814347.798000 -0.110651016 0.457496256 26.635660172 -0.015111445 0.679243803 -0.001694750 0.733755231
1695814348.000000 -0.078798294 0.458521008 26.638420105 -0.013384990 0.679113925 -0.002522095 0.733906507
1695814348.196000 -0.042985916 0.459464610 26.642084122 -0.008118255 0.678869843 -0.004634607 0.734199107
1695814348.386000 -0.007955551 0.460749209 26.646240234 -0.007996324 0.679116607 -0.006590367 0.733957350
1695814348.578000 0.026491165 0.461895049 26.647800446 -0.010346622 0.678846180 -0.004314392 0.734194994
1695814348.771000 0.063196182 0.462999523 26.652112961 -0.010227093 0.679191649 -0.003157413 0.733882904
1695814348.964000 0.097475052 0.463060111 26.654979706 -0.010121318 0.679234445 -0.003692240 0.733842313
1695814349.161000 0.131605148 0.463517189 26.656990051 -0.010283649 0.679107189 -0.003990358 0.733956337
1695814349.354000 0.168342590 0.465397000 26.662357330 -0.008864223 0.679892004 -0.003208195 0.733251691
1695814349.546000 0.202487946 0.466222823 26.664680481 -0.007573280 0.679730773 -0.004050013 0.733411431
1695814349.735000 0.239805222 0.466493070 26.668542862 -0.007458495 0.679919839 -0.003595790 0.733239770
1695814349.936000 0.279432297 0.468337595 26.671693802 -0.008342114 0.679791331 -0.002401973 0.733354270
1695814350.130000 0.316795349 0.469082594 26.675350189 -0.008836312 0.680213451 -0.002452685 0.732956767
1695814350.326000 0.353981018 0.469824851 26.677799225 -0.007842289 0.680015028 -0.002555288 0.733151793
1695814350.518000 0.390474319 0.470773518 26.681573868 -0.007694184 0.680091798 -0.002396454 0.733082652
1695814350.713000 0.426919937 0.471237183 26.684745789 -0.008089578 0.680315375 -0.002309628 0.732871234
1695814351.076000 0.495643616 0.472735524 26.688457489 -0.007141971 0.679413617 -0.002060157 0.733717918
1695814351.279000 0.542844772 0.474800646 26.695865631 -0.007719968 0.680813015 -0.001597481 0.732414842
1695814351.474000 0.582788467 0.475183070 26.699304581 -0.007800634 0.680962861 -0.001745144 0.732274354
1695814351.677000 0.620710373 0.476847321 26.701032639 -0.006515771 0.680385470 -0.001548433 0.732823849
1695814351.877000 0.652364731 0.477712214 26.698650360 -0.005988972 0.679351151 -0.002379608 0.733785033
1695814352.073000 0.679615021 0.476836741 26.698575974 -0.005056933 0.678731084 -0.003484794 0.734361291
1695814352.284000 0.721826553 0.477611780 26.697038651 -0.006128672 0.677282929 -0.003240230 0.735690057
1695814352.486000 0.770181656 0.478340596 26.707036972 -0.008573718 0.679051578 -0.000882903 0.734039962
1695814352.672000 0.811594009 0.479580015 26.710309982 -0.008204096 0.678814590 -0.000580564 0.734263718
1695814352.860000 0.847707748 0.481381118 26.710453033 -0.008099105 0.678196669 -0.001331158 0.734834611
1695814353.050000 0.898427963 0.483059347 26.717266083 -0.006575508 0.679007053 -0.001156107 0.734101415
1695814353.243000 0.908432007 0.483210444 26.678482056 -0.008030043 0.668629646 -0.000536715 0.743552089
1695814353.438000 0.969261169 0.484061658 26.707937241 -0.006213006 0.674797833 0.000122184 0.737976491
1695814353.628000 1.020738602 0.485972583 26.719120026 -0.007669758 0.684631646 -0.002601228 0.728844285
1695814353.824000 1.068984985 0.488774538 26.717462540 -0.008088531 0.702201426 -0.004256179 0.711919665
1695814354.030000 1.088136673 0.487599552 26.690490723 -0.005913564 0.697406054 -0.000501812 0.716651618
1695814354.229000 1.137792587 0.491066724 26.692770004 -0.008738888 0.706164539 -0.004662520 0.707978487
1695814354.438000 1.175064087 0.492594689 26.685707092 -0.008809856 0.716950238 -0.005217450 0.697049201
1695814354.646000 1.213462830 0.493511140 26.677106857 -0.007429006 0.716007590 -0.004656988 0.698037446
1695814354.863000 1.254388809 0.494417965 26.678087234 -0.010099059 0.724818707 -0.006722397 0.688832939
1695814355.093000 1.290155411 0.494235486 26.667932510 -0.010261045 0.735136151 -0.006572605 0.677810013
1695814355.265000 1.303171158 0.495009482 26.658239365 -0.010257978 0.733361959 -0.006783319 0.679727197
1695814355.447000 1.348121643 0.496894211 26.663803101 -0.009795926 0.739504576 -0.007957891 0.673033237
1695814355.677000 1.382871628 0.496960491 26.655179977 -0.013449761 0.759450018 -0.011536414 0.650324404
1695814355.859000 1.397432327 0.497305274 26.649610519 -0.013138033 0.770754099 -0.011628298 0.636891246
1695814356.046000 1.420324326 0.497333646 26.640439987 -0.010883849 0.781526566 -0.010032310 0.623696446
1695814356.248000 1.452428818 0.497420251 26.632459641 -0.007286808 0.784169734 -0.007621784 0.620456815
1695814356.444000 1.475770950 0.497657955 26.624803543 -0.008727893 0.790971696 -0.010727070 0.611696482
1695814356.643000 1.500228882 0.498399645 26.613082886 -0.009806167 0.802849829 -0.012338863 0.595973015
1695814356.860000 1.529476166 0.498990297 26.604463577 -0.006295605 0.806258202 -0.008301659 0.591472030
1695814357.058000 1.554351807 0.499885440 26.593547821 -0.003329259 0.805819213 -0.005664429 0.592125177
1695814357.261000 1.582214355 0.499770492 26.585830688 -0.005316650 0.807115436 -0.005843070 0.590340912
1695814357.461000 1.604923248 0.500737011 26.574115753 -0.006647892 0.815588415 -0.006613454 0.578556597
1695814357.663000 1.625637054 0.501394868 26.562015533 -0.007974249 0.828834057 -0.005788019 0.559407771
1695814357.871000 1.653427124 0.501751482 26.551868439 -0.006583539 0.835051477 -0.002158469 0.550128341
1695814358.091000 1.675720215 0.502998412 26.540779114 -0.003493627 0.835746288 0.000447589 0.549104571
1695814358.311000 1.695495605 0.503706455 26.528213501 -0.003918933 0.840745687 0.002823052 0.541408837
1695814358.523000 1.720520020 0.505346417 26.516681671 -0.006386711 0.853483200 0.001439688 0.521079302
1695814358.750000 1.738609314 0.504863262 26.502746582 -0.007054452 0.865899682 0.002334183 0.500162661
1695814358.983000 1.764118195 0.506708384 26.488578796 -0.004899764 0.878519773 0.003869916 0.477665156
1695814359.207000 1.785724640 0.506304622 26.471637726 -0.005593757 0.890163541 0.004870220 0.455580860
1695814359.441000 1.805263519 0.506816208 26.455671310 -0.007284442 0.901220500 0.003682221 0.433284134
1695814359.686000 1.822746277 0.506173551 26.437822342 -0.008733437 0.911290944 0.001441623 0.411668032
1695814359.927000 1.842582703 0.509215593 26.416957855 -0.006714516 0.921054780 -0.001528846 0.389372200
1695814360.165000 1.857772827 0.504378915 26.397739410 -0.011605924 0.930564761 -0.003738973 0.365924418
1695814360.411000 1.878185272 0.504045904 26.377666473 -0.013025257 0.939627469 -0.005510172 0.341906846
1695814360.643000 1.896112442 0.507616222 26.357109070 -0.008551960 0.947968960 -0.003098998 0.318232954
1695814360.882000 1.910884857 0.505253434 26.333671570 -0.011450849 0.955473304 -0.001069916 0.294853419
1695814361.137000 1.921003342 0.504152775 26.310609818 -0.015861468 0.962120771 -0.001073231 0.272159785
1695814361.363000 1.936773300 0.504966259 26.285499573 -0.014923285 0.968511581 -0.002067514 0.248512253
1695814361.586000 1.949089050 0.506221533 26.262048721 -0.011253456 0.974180222 -0.004174630 0.225452706
1695814361.820000 1.958951950 0.506517291 26.235620499 -0.010111913 0.979189932 -0.005968290 0.202605933
1695814362.028000 1.970098495 0.506800234 26.211704254 -0.009875761 0.982399821 -0.006730624 0.186407745
1695814362.240000 1.978933334 0.507375419 26.186826706 -0.007660325 0.982874453 -0.005998425 0.184019506
1695814362.452000 1.988697052 0.507034123 26.160789490 -0.007196069 0.982929051 -0.005244039 0.183769614
1695814362.658000 1.999164581 0.507207513 26.136316299 -0.007027309 0.982993484 -0.005348421 0.183428422
1695814362.863000 2.009563446 0.507133484 26.110874176 -0.005421553 0.982966065 -0.004651865 0.183648467
1695814363.070000 2.021450043 0.507651091 26.085826874 -0.004432159 0.983037949 -0.005584497 0.183263555
1695814363.278000 2.029224396 0.507495046 26.059909821 -0.002953168 0.982850909 -0.006791742 0.184253454
1695814363.482000 2.040065765 0.507684112 26.031709671 -0.002788536 0.982805669 -0.005883236 0.184528321
1695814363.694000 2.051033020 0.508006096 26.005674362 -0.004554236 0.983011186 -0.006782772 0.183363706
1695814363.913000 2.060819626 0.507206202 25.979393005 -0.004414712 0.985570312 -0.011598569 0.168810964
1695814364.137000 2.069213867 0.507477760 25.950340271 -0.001218417 0.986816287 -0.012836386 0.161330253
1695814364.337000 2.078258514 0.508000851 25.922824860 -0.001412770 0.987686455 -0.012062731 0.155974448
1695814364.550000 2.085762024 0.507786036 25.896633148 -0.004099559 0.989247203 -0.007786555 0.145988122
1695814364.742000 2.094568253 0.507441282 25.868188858 -0.002032712 0.989515364 -0.003802623 0.144363523
1695814364.934000 2.103191376 0.507457554 25.839679718 -0.001160058 0.989480793 -0.005264292 0.144564196
1695814365.128000 2.113044739 0.508036852 25.808547974 -0.001055323 0.989486039 -0.008584727 0.144369617
1695814365.319000 2.122058868 0.508009017 25.776327133 -0.002776123 0.990169883 -0.010292614 0.139463082
1695814365.512000 2.130225182 0.508189797 25.742513657 -0.003169157 0.992076516 -0.009857711 0.125208050
1695814365.699000 2.139827728 0.508111835 25.704544067 -0.002226063 0.992407024 -0.008743481 0.122666612
1695814365.884000 2.151379585 0.508561134 25.663993835 -0.002419630 0.992758393 -0.007889374 0.119844727
1695814366.071000 2.160369873 0.508351326 25.622375488 -0.005949883 0.994802892 -0.007566061 0.101363666
1695814366.260000 2.164322853 0.508350015 25.593164444 -0.005018073 0.995213985 -0.007678855 0.097288653
1695814366.422000 2.176008224 0.509701490 25.546346664 -0.001799742 0.995472729 -0.002510739 0.094997682
1695814366.598000 2.186763763 0.509994209 25.497209549 -0.003416389 0.995482624 -0.002489234 0.094850369
1695814366.776000 2.199547768 0.510131180 25.429821014 -0.007125016 0.995798290 -0.010446426 0.090697244
1695814366.954000 2.205965996 0.510265350 25.393074036 -0.006142275 0.995824993 -0.012291311 0.090242833
1695814367.135000 2.216753006 0.509848356 25.338066101 -0.004226318 0.995864332 -0.009162369 0.090290904
1695814367.313000 2.227968216 0.510946631 25.283061981 -0.003973732 0.995890439 -0.004568072 0.090364091
1695814367.488000 2.239342690 0.512016237 25.227899551 -0.004268931 0.995903075 -0.004242016 0.090226494
1695814367.669000 2.251818657 0.512102485 25.172420502 -0.004559882 0.995872021 -0.008172708 0.090284802
1695814367.846000 2.268632889 0.511904955 25.093153000 -0.005166722 0.995891809 -0.007889403 0.090059049
1695814368.028000 2.277915001 0.512842953 25.032205582 -0.005824775 0.995926142 -0.005518193 0.089815564
1695814368.205000 2.287292480 0.514541566 24.972282410 -0.007928334 0.996749818 -0.005978064 0.079945497
1695814368.432000 2.303044319 0.514148474 24.895332336 -0.007294009 0.997110903 -0.006984696 0.075285874
1695814368.655000 2.312273979 0.513634920 24.816846848 -0.006198813 0.997098386 -0.007021775 0.075545810
1695814368.873000 2.326747894 0.512353897 24.740913391 -0.005435158 0.997152507 -0.005487331 0.075015500
1695814369.098000 2.334706306 0.513305306 24.665044785 -0.006741567 0.997362137 -0.005873780 0.072033770
1695814369.326000 2.348335266 0.513788998 24.590297699 -0.006313607 0.997433424 -0.008219863 0.070845693
1695814369.553000 2.358948708 0.514829099 24.510908127 -0.005680320 0.997318089 -0.011699000 0.072023876
1695814369.772000 2.368565559 0.512584388 24.435266495 -0.005976768 0.997347414 -0.007571868 0.072146729
1695814369.990000 2.378896713 0.514482498 24.359128952 -0.005887572 0.997301877 -0.005330300 0.072978966
1695814370.211000 2.394310951 0.513180494 24.282651901 -0.006442858 0.997394502 -0.006020525 0.071599498
1695814370.425000 2.406812668 0.512960553 24.205776215 -0.006067607 0.997387826 -0.006320432 0.071699642
1695814370.639000 2.418485641 0.514075279 24.132390976 -0.006100467 0.997402132 -0.006048565 0.071520641
1695814370.852000 2.424959183 0.513447642 24.055082321 -0.006090655 0.997198820 -0.006082901 0.074299850
1695814371.073000 2.440412521 0.514462948 23.980749130 -0.006156074 0.997336864 -0.008724714 0.072147004
1695814371.290000 2.452410698 0.514662504 23.905689240 -0.005692828 0.997368276 -0.006073536 0.072022267
1695814371.510000 2.462030411 0.514761448 23.829126358 -0.005184331 0.997305751 -0.004990063 0.073003076
1695814371.973000 2.487949371 0.515075207 23.660402298 -0.006525138 0.997433126 -0.007531954 0.070907488
1695814372.196000 2.499030113 0.511890352 23.583696365 -0.006896281 0.998128712 -0.007068143 0.060345240
1695814372.409000 2.506693840 0.515571713 23.513200760 -0.006720108 0.998207986 -0.006739394 0.059077814
1695814372.619000 2.518679619 0.516693652 23.444381714 -0.005557002 0.998294473 -0.006513329 0.057748359
1695814372.830000 2.525544643 0.515250742 23.366771698 -0.005452191 0.998211324 -0.008885520 0.058869038
1695814373.035000 2.536929131 0.517249823 23.287767410 -0.005304483 0.998268485 -0.008060140 0.058025725
1695814373.238000 2.544046402 0.515438795 23.218713760 -0.004595623 0.998232245 -0.004757816 0.059065372
1695814373.454000 2.552212715 0.515315413 23.144721985 -0.003007868 0.997711957 -0.005447280 0.067321062
1695814373.663000 2.564218521 0.515994549 23.066865921 -0.002729513 0.997220457 -0.006535638 0.074170135
1695814373.879000 2.570611954 0.515571952 22.994443893 -0.004332718 0.997060061 -0.005795082 0.076281801
1695814374.088000 2.584984779 0.516702235 22.922174454 -0.002934107 0.996091485 -0.005398303 0.088114075
1695814374.306000 2.603807449 0.517059982 22.849260330 -0.003550480 0.995902956 -0.006194822 0.090146162
1695814374.527000 2.618949890 0.517298162 22.776536942 -0.004449168 0.995867372 -0.008148387 0.090344019
1695814374.747000 2.626586914 0.517027497 22.707832336 -0.005655647 0.995729685 -0.008122940 0.091784790
1695814374.969000 2.640717506 0.516553164 22.639392853 -0.006000050 0.995724857 -0.007516120 0.091866583
1695814375.182000 2.654148102 0.517452359 22.567367554 -0.006928439 0.995699167 -0.005224707 0.092238650
1695814375.393000 2.666766167 0.517491400 22.498168945 -0.008464716 0.995940328 -0.005773061 0.089431167
1695814375.621000 2.678848267 0.517002940 22.424554825 -0.009562628 0.996816456 -0.006166914 0.078914396
1695814375.823000 2.691315651 0.519579649 22.353874207 -0.009723247 0.996999145 -0.007026064 0.076477617
1695814376.030000 2.701773643 0.517969370 22.286373138 -0.008796097 0.996942699 -0.005452611 0.077447742
1695814376.241000 2.713275909 0.518849194 22.218265533 -0.008185538 0.996982336 -0.006135977 0.076952703
1695814376.448000 2.726068497 0.519020081 22.149604797 -0.007753047 0.996981204 -0.005976868 0.077023692
1695814376.661000 2.739835739 0.519975901 22.081302643 -0.007701029 0.997078955 -0.006132400 0.075740978
1695814376.865000 2.749605179 0.519886792 22.011617661 -0.007572075 0.996960759 -0.009429068 0.076961130
1695814377.077000 2.762022972 0.519960761 21.936765671 -0.007049088 0.996924281 -0.012009607 0.077124506
1695814377.289000 2.772707939 0.518531442 21.864183426 -0.007100801 0.996937692 -0.005797344 0.077661023
1695814377.499000 2.785435677 0.517996430 21.791465759 -0.007875328 0.996936798 -0.004034695 0.077710316
1695814377.702000 2.797193527 0.518818319 21.718826294 -0.009161671 0.996916234 -0.007255041 0.077597976
1695814377.908000 2.809323311 0.518905938 21.642570496 -0.009527261 0.996900976 -0.009403149 0.077520199
1695814378.114000 2.829625130 0.519255459 21.564273834 -0.008129461 0.997030377 -0.007359252 0.076225512
1695814378.320000 2.832377434 0.522206247 21.482603073 -0.009154403 0.996814072 -0.005646473 0.079031684
1695814378.518000 2.847042084 0.521545649 21.403179169 -0.009301792 0.996846199 -0.005743985 0.078601465
1695814378.723000 2.861866951 0.523058951 21.325210571 -0.008198068 0.996856809 -0.007331215 0.078457542
1695814378.926000 2.868154526 0.524049401 21.248788834 -0.007712397 0.996660352 -0.007285401 0.080966935
1695814379.125000 2.900822639 0.528696835 21.173858643 -0.004757720 0.997189283 -0.008839597 0.074248046
1695814379.326000 2.901703835 0.520523727 21.093050003 -0.004987987 0.996909797 -0.004504834 0.078267045
1695814379.528000 2.914312363 0.517309785 21.016216278 -0.005556372 0.996931374 -0.003768102 0.077992484
1695814379.723000 2.926773071 0.522880793 20.940919876 -0.002703249 0.996904016 -0.007379390 0.078234948
1695814379.925000 2.940451622 0.522528768 20.868120193 0.000729214 0.996886015 -0.006704893 0.078566998
1695814380.124000 2.952254295 0.522791922 20.792760849 -0.002189706 0.996812165 -0.001022827 0.079747729
1695814380.325000 2.964120865 0.524479568 20.718349457 -0.003424323 0.996782303 -0.004487272 0.079958007
1695814380.528000 2.975871086 0.522804022 20.645469666 -0.003782864 0.996770620 -0.008761157 0.079732664
1695814380.721000 2.990155220 0.523857594 20.574447632 -0.009320685 0.996620059 -0.005528873 0.081431203
1695814380.924000 3.004438400 0.524386048 20.499059677 -0.007979343 0.996742845 -0.006004015 0.080025628
1695814381.120000 3.018247604 0.522761464 20.426542282 -0.003217124 0.996886313 -0.007881454 0.078391068
1695814381.315000 3.029714584 0.521849155 20.355234146 -0.001002817 0.996927321 -0.002961514 0.078270085
1695814381.509000 3.042083740 0.524206340 20.279870987 0.000012143 0.996939361 -0.003532460 0.078099154
1695814381.703000 3.054488182 0.525282264 20.205505371 -0.000027202 0.996933818 -0.003981484 0.078149170
1695814381.904000 3.065189362 0.525420725 20.137512207 0.000116446 0.996893108 -0.004605317 0.078631304
1695814382.094000 3.077181816 0.525019348 20.069078445 -0.002146723 0.996948063 -0.007715099 0.077655859
1695814382.294000 3.090000153 0.525306582 19.995473862 -0.002577343 0.996957183 -0.006332074 0.077650733
1695814382.493000 3.099386215 0.526474655 19.924974442 -0.001720990 0.996843159 -0.009350618 0.078824960
1695814382.684000 3.112364769 0.526652932 19.857585907 -0.003947170 0.996841609 -0.007323057 0.078978799
1695814382.872000 3.123335838 0.526408136 19.792829514 -0.005381643 0.996855617 -0.005486795 0.078866556
1695814383.078000 3.133148193 0.526747823 19.721174240 -0.004573036 0.996730804 -0.007231893 0.080340967
1695814383.268000 3.147468567 0.525807500 19.655460358 -0.004263290 0.996196628 -0.007290321 0.086723141
1695814383.461000 3.160507202 0.526605725 19.589750290 -0.005514284 0.995879054 -0.004270609 0.090423048
1695814383.651000 3.174829483 0.526631355 19.525705338 -0.003065254 0.995838344 -0.003771487 0.091007493
1695814383.844000 3.189309120 0.527303636 19.461481094 -0.003672721 0.995856583 -0.008833544 0.090433851
1695814384.042000 3.207562447 0.522589266 19.396392822 -0.005286602 0.996171236 -0.004022068 0.087170981
1695814384.232000 3.207024574 0.524554968 19.330102921 -0.005732601 0.995575368 -0.002301822 0.093763828
1695814384.428000 3.222982407 0.527565002 19.264989853 -0.005980691 0.995768428 -0.005149738 0.091559380
1695814384.619000 3.235272408 0.526301742 19.201347351 -0.004889560 0.995684564 -0.005604675 0.092504077
1695814384.813000 3.245799065 0.528080702 19.138647079 -0.005236683 0.995643079 -0.005650887 0.092927575
1695814385.007000 3.252951622 0.527475595 19.081649780 -0.005376038 0.995540261 -0.004834879 0.094060488
1695814385.198000 3.272720337 0.528087795 19.016469955 -0.004387765 0.995735228 -0.004772562 0.092029348
1695814385.395000 3.284500122 0.529229403 18.953325272 -0.003877240 0.995773017 -0.005194093 0.091619492
1695814385.584000 3.295287132 0.529282570 18.894821167 -0.007251699 0.997313797 -0.005935481 0.072646089
1695814385.767000 3.308307648 0.530412614 18.837770462 -0.005198896 0.997857869 -0.006728324 0.064865358
1695814385.952000 3.316129684 0.529186130 18.775365829 -0.002197431 0.997883737 -0.007470655 0.064555898
1695814386.135000 3.325646400 0.529735088 18.714431763 -0.001496308 0.997924268 -0.007139268 0.063984498
1695814386.314000 3.331123352 0.530633688 18.656433105 -0.000371037 0.997843266 -0.005547055 0.065405704
1695814386.503000 3.339317322 0.529472828 18.600173950 -0.001693895 0.997847021 -0.003980247 0.065441653
1695814386.679000 3.345767021 0.530773878 18.544692993 -0.000965417 0.997277319 -0.004517444 0.073598228
1695814386.862000 3.350933075 0.530779004 18.489490509 -0.002295798 0.996991932 -0.005953382 0.077242725
1695814387.045000 3.365426064 0.531975627 18.429239273 -0.002454115 0.997065902 -0.006255420 0.076252900
1695814387.238000 3.365224838 0.529927313 18.383281708 -0.002458552 0.996878028 -0.006440372 0.078655452
1695814387.415000 3.381331444 0.532154083 18.318798065 -0.001187428 0.997032106 -0.007688351 0.076592982
1695814387.599000 3.388166428 0.532067955 18.262336731 -0.000926197 0.997019827 -0.005770348 0.076924138
1695814387.775000 3.398057938 0.532523513 18.208124161 -0.001521893 0.997034550 -0.005268543 0.076759480
1695814387.963000 3.402918816 0.531867802 18.152412415 -0.001654221 0.996932209 -0.005814134 0.078035906
1695814388.147000 3.416755676 0.533060431 18.097066879 -0.001192432 0.997057080 -0.009068026 0.076115429
1695814388.329000 3.425364494 0.533360243 18.035737991 -0.000112493 0.997016728 -0.009756675 0.076567732
1695814388.506000 3.435677528 0.532404184 17.974666595 -0.000481477 0.997069836 -0.007304936 0.076145709
1695814388.684000 3.444726944 0.533209324 17.913612366 -0.001583931 0.997083127 -0.005996554 0.076071091
1695814388.865000 3.455581665 0.533121705 17.852657318 -0.002272233 0.997074246 -0.004878683 0.076249227
1695814389.037000 3.463052750 0.533523917 17.790142059 -0.002897631 0.997063875 -0.005745422 0.076304004
1695814389.219000 3.473411560 0.533525467 17.732423782 -0.002875442 0.997028768 -0.007248871 0.076634854
1695814389.401000 3.483838081 0.533793986 17.672430038 -0.002417820 0.997031331 -0.009360337 0.076387934
1695814389.577000 3.493588448 0.533724308 17.606018066 -0.002660639 0.997081637 -0.006081801 0.076053925
1695814389.754000 3.500425339 0.534931004 17.543428421 -0.002262056 0.997037113 -0.005266884 0.076708280
1695814389.928000 3.512694359 0.533163488 17.483131409 -0.001862765 0.997108459 -0.004995544 0.075804852
1695814390.103000 3.522867203 0.533362687 17.424011230 -0.001320943 0.997139633 -0.005856058 0.075343847
1695814390.281000 3.532203674 0.536172271 17.361026764 -0.001789407 0.997105122 -0.007078253 0.075684227
1695814390.453000 3.541680336 0.533736527 17.305757523 -0.000640912 0.997100174 -0.005214233 0.075918958
1695814390.625000 3.551199913 0.534292459 17.251119614 -0.000608216 0.997130215 -0.000335149 0.075702950
1695814390.799000 3.560517311 0.534811914 17.192260742 -0.000713264 0.997117221 -0.001557208 0.075857274
1695814390.971000 3.572151184 0.535336435 17.135044098 -0.001871250 0.997195721 -0.005945303 0.074578434
1695814391.142000 3.578038216 0.535416186 17.080566406 -0.001778928 0.997086883 -0.006162287 0.076004662
1695814391.313000 3.589176178 0.535510302 17.022884369 -0.001752957 0.997205853 -0.004778985 0.074530147
1695814391.482000 3.597352982 0.536127746 16.969554901 -0.001233773 0.997143090 -0.004649065 0.075382456
1695814391.658000 3.607715607 0.536379576 16.913553238 -0.000460557 0.997196436 -0.004754017 0.074676067
1695814391.829000 3.614627838 0.536770940 16.858844757 -0.001566163 0.997129858 -0.005057959 0.075525470
1695814392.000000 3.625477791 0.536198020 16.803724289 -0.000098063 0.997209787 -0.004540437 0.074511573
1695814392.172000 3.634181976 0.538327754 16.750949860 -0.001348820 0.997218013 -0.005315650 0.074338123
1695814392.339000 3.641276360 0.537102103 16.693422318 -0.000488529 0.997174561 -0.005305771 0.074930348
1695814392.508000 3.648922920 0.536667526 16.640785217 -0.000052922 0.997134566 -0.005163585 0.075472005
1695814392.681000 3.657448769 0.537744343 16.589214325 0.001220671 0.997091413 -0.007074994 0.075876437
1695814392.849000 3.666070938 0.538087249 16.533834457 0.000490505 0.997151971 -0.008578039 0.074928023
1695814393.015000 3.674411774 0.537233472 16.479959488 -0.000993954 0.997191668 -0.004554748 0.074746676
1695814393.182000 3.679032326 0.537499249 16.431020737 -0.000768753 0.997124374 -0.003178082 0.075712360
1695814393.362000 3.690792084 0.538425505 16.374547958 -0.001102136 0.997191012 -0.004992997 0.074725688
1695814393.527000 3.697371483 0.538928509 16.326185226 -0.000959694 0.997176468 -0.005986462 0.074848369
1695814393.695000 3.707649231 0.538815677 16.271953583 -0.001166383 0.997218847 -0.005112526 0.074344762
1695814393.860000 3.717093468 0.540562332 16.220394135 -0.001113686 0.997271895 -0.005235680 0.073622473
1695814394.029000 3.725756645 0.539664030 16.170707703 -0.001468314 0.997281075 -0.004584105 0.073534861
1695814394.198000 3.730862617 0.540143967 16.121055603 -0.000761724 0.997228682 -0.005037753 0.074222460
1695814394.364000 3.739178658 0.540534854 16.070476532 -0.001004483 0.997249484 -0.005898377 0.073876143
1695814394.529000 3.747438431 0.541358709 16.020570755 -0.001012566 0.997263730 -0.006451226 0.073637486
1695814394.701000 3.755231857 0.540793359 15.970709801 -0.001021929 0.997287691 -0.005417104 0.073395945
1695814394.861000 3.763187408 0.541517198 15.922123909 -0.001663470 0.997272134 -0.005750456 0.073569767
1695814395.047000 3.770245552 0.541306138 15.871926308 -0.001993081 0.997232497 -0.006042424 0.074074298
1695814395.211000 3.776641846 0.542390645 15.822765350 -0.005118284 0.997207522 -0.007452966 0.074131712
1695814395.379000 3.786352158 0.542805433 15.771767616 -0.004062278 0.997296631 -0.007063624 0.073027618
1695814395.542000 3.795834541 0.541898489 15.723737717 -0.005453338 0.997373044 -0.001285882 0.072218977
1695814395.707000 3.802453041 0.542969167 15.675251007 -0.005914662 0.997349381 -0.003142742 0.072452851
1695814395.873000 3.810626984 0.541857481 15.625171661 -0.005500265 0.997336626 -0.006797357 0.072410256
1695814396.037000 3.818146706 0.543364346 15.578292847 -0.003644950 0.997367024 -0.007616386 0.072025903
1695814396.195000 3.824944496 0.543366671 15.531676292 -0.003173166 0.997370005 -0.006852724 0.072084241
1695814396.411000 3.832990646 0.542470396 15.480424881 0.000393196 0.997388899 -0.010368644 0.071468957
1695814396.571000 3.843140602 0.542761743 15.437283516 0.004228155 0.997420311 -0.010858378 0.070830703
1695814396.739000 3.847174644 0.542531073 15.388490677 0.003203004 0.997440398 -0.004725486 0.071274757
1695814396.902000 3.854190826 0.542753220 15.340804100 0.000275907 0.997412741 0.000289954 0.071887918
1695814397.067000 3.861086845 0.543008924 15.294917107 -0.002900663 0.997389615 -0.003600528 0.072059959
1695814397.238000 3.868470192 0.543496132 15.247345924 -0.005072398 0.997381687 -0.007892894 0.071706086
1695814397.390000 3.875789642 0.543364763 15.204426765 -0.005569544 0.997407019 -0.008854404 0.071203642
1695814397.544000 3.881811142 0.543423414 15.161751747 -0.006212513 0.997394204 -0.006465733 0.071585402
1695814397.702000 3.890701294 0.543868423 15.119709969 -0.005678189 0.997492611 -0.003797752 0.070440449
1695814397.857000 3.896980286 0.545532048 15.074777603 -0.005971513 0.997499883 0.000171972 0.070415236
1695814398.014000 3.904869556 0.544917703 15.031762123 -0.003078219 0.997569263 -0.001778256 0.069591828
1695814398.175000 3.909915924 0.545136809 14.988964081 -0.002255062 0.997526824 -0.008310568 0.069757290
1695814398.329000 3.914796829 0.545390964 14.949332237 -0.004885322 0.997439563 -0.011981125 0.070334151
1695814398.483000 3.920242786 0.544762015 14.906084061 -0.004568036 0.997420847 -0.011180434 0.070752263
1695814398.638000 3.927466869 0.545775890 14.863080025 -0.004939605 0.997505724 -0.004309401 0.070281290
1695814398.793000 3.933818817 0.545715809 14.820727348 -0.004888891 0.997517645 -0.003923161 0.070137963
1695814398.950000 3.941046715 0.546052217 14.776509285 -0.002387754 0.997542679 -0.005903905 0.069771983
1695814399.102000 3.947282314 0.546398520 14.734272003 -0.001805366 0.997546673 -0.008609787 0.069450177
1695814399.257000 3.953034878 0.546493292 14.692344666 -0.000328471 0.997544587 -0.009617964 0.069371074
1695814399.412000 3.960779667 0.546093583 14.649499893 -0.000747444 0.997611225 -0.005432368 0.068860658
1695814399.569000 3.966073036 0.546908081 14.607807159 -0.000501820 0.997588634 -0.003679369 0.069304913
1695814399.719000 3.973096848 0.546358109 14.565043449 -0.001157713 0.997600317 -0.006141413 0.068953097
1695814399.869000 3.979214668 0.546292543 14.522556305 -0.000768994 0.997552156 -0.009378375 0.069290079
1695814400.021000 3.985577583 0.547128320 14.477410316 -0.000665847 0.997583807 -0.008048531 0.069002680
1695814400.173000 3.990474224 0.546880007 14.432849884 -0.000855802 0.997538626 -0.004807835 0.069949061
1695814400.328000 4.001537323 0.547662199 14.388348579 -0.000803959 0.997696102 -0.004474497 0.067688957
1695814400.480000 4.005723953 0.548011243 14.343699455 -0.001178188 0.997643173 -0.005739335 0.068365589
1695814400.629000 4.009347916 0.548639476 14.299919128 -0.000482566 0.997537673 -0.006517938 0.069828264
1695814400.781000 4.015982151 0.548294187 14.256255150 -0.000744322 0.997558415 -0.006055210 0.069571242
1695814400.941000 4.022065163 0.548303843 14.211239815 -0.000523804 0.997583866 -0.006251254 0.069188908
1695814401.090000 4.028212070 0.548147321 14.167649269 -0.001843323 0.997808695 -0.005995138 0.065867372
1695814401.240000 4.031189442 0.548838079 14.126978874 -0.002670123 0.998323083 -0.006537538 0.057456516
1695814401.392000 4.036117077 0.549080551 14.079934120 -0.001635862 0.998462498 -0.001085196 0.055396475
1695814401.545000 4.040265083 0.549152613 14.037625313 -0.001610712 0.998471320 0.001851960 0.055218700
1695814401.695000 4.044545174 0.550236464 13.992512703 -0.000987882 0.998456657 -0.004313566 0.055360328
1695814401.842000 4.048601627 0.551437318 13.954905510 -0.000868873 0.998397946 -0.008334407 0.055958647
1695814401.990000 4.053261757 0.549866259 13.910321236 -0.000919514 0.998416364 -0.007813549 0.055704817
1695814402.143000 4.059738159 0.550665081 13.860652924 -0.001596326 0.998472452 -0.006206733 0.054879196
1695814402.289000 4.061863422 0.550376415 13.818625450 -0.002010911 0.998399317 -0.004569699 0.056337658
1695814402.434000 4.072209835 0.550558150 13.772212029 0.002267966 0.997574806 -0.004605165 0.069413230
1695814402.583000 4.079403877 0.551319838 13.730642319 0.002417829 0.996839404 -0.005894099 0.079187796
1695814402.735000 4.085906029 0.550916255 13.684141159 0.000072855 0.996762216 -0.005516735 0.080216490
1695814402.886000 4.092444420 0.550997019 13.642201424 -0.001191860 0.996731281 -0.005076927 0.080620475
1695814403.044000 4.100092888 0.551020384 13.595235825 -0.001156032 0.996719122 -0.005089839 0.080770150
1695814403.196000 4.107404709 0.551430166 13.554017067 -0.000852792 0.996746063 -0.007020086 0.080295295
1695814403.353000 4.115303993 0.551348686 13.502401352 -0.000205502 0.996675789 -0.009093449 0.080960818
1695814403.506000 4.123046875 0.551438272 13.459175110 -0.000043636 0.996662080 -0.008796659 0.081162199
1695814403.659000 4.131840706 0.551770449 13.405476570 0.000868951 0.996675491 -0.006327837 0.081223704
1695814403.830000 4.138410568 0.551531494 13.358250618 0.000249077 0.996583164 -0.004415753 0.082477272
1695814403.980000 4.149121284 0.551990509 13.308833122 -0.000046641 0.996716797 -0.004531238 0.080839753
1695814404.131000 4.156175613 0.552519560 13.266536713 -0.000689097 0.996666789 -0.004798050 0.081436679
1695814404.278000 4.164937019 0.552727103 13.215323448 -0.000993464 0.996721983 -0.004751778 0.080757976
1695814404.435000 4.170894623 0.552743673 13.171848297 -0.000680076 0.996632695 -0.005319959 0.081820995
1695814404.590000 4.180949211 0.553784251 13.119589806 -0.000460438 0.996816099 -0.005992655 0.079508618
1695814404.737000 4.189654350 0.553392947 13.077363968 -0.000582252 0.996969819 -0.005348040 0.077604234
1695814404.881000 4.194723129 0.554177701 13.036222458 -0.000255187 0.996869504 -0.005491616 0.078873336
1695814405.027000 4.201975822 0.554831922 12.993179321 0.000294641 0.996862769 -0.005754375 0.078940302
1695814405.170000 4.209926605 0.554138184 12.942593575 -0.000138281 0.996904314 -0.005416988 0.078437343
1695814405.315000 4.216917992 0.553887904 12.902253151 0.000210960 0.996921837 -0.004704982 0.078260347
1695814405.462000 4.223968506 0.554557383 12.855463028 0.000127288 0.996880710 -0.005921784 0.078700297
1695814405.610000 4.230602264 0.554607153 12.812923431 -0.000004427 0.996876776 -0.005889638 0.078753211
1695814405.754000 4.238986969 0.554992199 12.764485359 -0.000114783 0.996925950 -0.005984934 0.078120351
1695814405.899000 4.245573997 0.554624617 12.727781296 0.000249151 0.996921778 -0.006076208 0.078166865
1695814406.045000 4.253256798 0.553991139 12.684188843 -0.000305986 0.996953845 -0.006769543 0.077699244
1695814406.188000 4.259512901 0.554965496 12.644797325 -0.000435375 0.996953070 -0.006332928 0.077745132
1695814406.327000 4.269345760 0.555737674 12.603020668 -0.000671646 0.997086644 -0.005001730 0.076110579
1695814406.476000 4.276001930 0.554638267 12.565594673 -0.000495220 0.997076690 -0.003693257 0.076316744
1695814406.620000 4.271729946 0.556304812 12.516852379 -0.006612355 0.997755826 -0.005217128 0.066426910
1695814406.753000 4.281607151 0.555535376 12.484753609 -0.007317807 0.999002814 -0.006502075 0.043560214
1695814406.889000 4.286852360 0.556819677 12.445904732 -0.004495203 0.999134302 -0.006946441 0.040770493
1695814407.025000 4.288721085 0.556205392 12.410904884 -0.001627544 0.999190331 -0.005891352 0.039765831
1695814407.167000 4.294955730 0.555772901 12.371790886 0.000365683 0.999230683 -0.004764496 0.038925949
1695814407.302000 4.296554089 0.556751609 12.336126328 -0.000909144 0.999223828 -0.005632548 0.038977887
1695814407.436000 4.300121307 0.557067871 12.299399376 -0.000599770 0.999208212 -0.006096389 0.039312325
1695814407.567000 4.302182674 0.556764722 12.266902924 -0.001505823 0.999213636 -0.005811276 0.039193027
1695814407.704000 4.307117462 0.557358921 12.231089592 -0.000204410 0.999228656 -0.005918678 0.038820460
1695814407.836000 4.307732105 0.556398392 12.195394516 -0.000312069 0.999212861 -0.005869443 0.039231207
1695814407.969000 4.311214924 0.557660818 12.161209106 -0.000365682 0.999223650 -0.006482018 0.038858663
1695814408.103000 4.313606262 0.557387471 12.125350952 0.000395768 0.999219179 -0.005802295 0.039080266
1695814408.236000 4.314816475 0.556948900 12.093221664 0.000366368 0.999220371 -0.005483717 0.039095134
1695814408.366000 4.318183422 0.557302177 12.058158875 0.001806814 0.999188006 -0.007903995 0.039468218
1695814408.499000 4.321513653 0.557384431 12.022646904 0.000868166 0.999193668 -0.009189472 0.039074633
1695814408.632000 4.324189663 0.557879806 11.989041328 -0.000019743 0.999204695 -0.007569761 0.039150413
1695814408.765000 4.325099945 0.557129025 11.955160141 -0.001142602 0.999186337 -0.005127221 0.039989129
1695814408.901000 4.331462383 0.557204545 11.920855522 -0.001764965 0.999227285 -0.004225120 0.039037086
1695814409.030000 4.333436966 0.557441711 11.887664795 -0.003193812 0.999212682 -0.005311448 0.039187901
1695814409.166000 4.337109089 0.557193995 11.854847908 -0.002622523 0.999222517 -0.006026387 0.038874730
1695814409.302000 4.339457989 0.557201743 11.823527336 -0.002363340 0.999232054 -0.006095536 0.038634948
1695814409.445000 4.343180180 0.557772517 11.780755043 -0.001492240 0.999230206 -0.005549117 0.038808957
1695814409.597000 4.345025063 0.558058023 11.749015808 -0.001287589 0.999216914 -0.005166527 0.039207548
1695814409.736000 4.347242832 0.558429003 11.711528778 -0.001363971 0.999220371 -0.004984572 0.039140511
1695814409.901000 4.349413872 0.559350014 11.671626091 -0.002394311 0.999207973 -0.005736312 0.039305005
1695814410.053000 4.355563164 0.558471441 11.638031960 -0.001082280 0.999233246 -0.005438753 0.038758602
1695814410.181000 4.357193470 0.559100330 11.606328964 -0.000796982 0.999234378 -0.005758405 0.038690608
1695814410.311000 4.357964516 0.558902264 11.578017235 -0.000627542 0.999231815 -0.005172250 0.038841765
1695814410.441000 4.362364292 0.559047699 11.546277046 0.000074683 0.999259830 -0.005009643 0.038141388
1695814410.571000 4.365183353 0.558977544 11.516926765 0.000618681 0.999284267 -0.004766991 0.037520576
1695814410.697000 4.367359638 0.560161948 11.482704163 0.001747796 0.999235451 -0.004954946 0.038742524
1695814410.828000 4.371741772 0.559165776 11.452304840 0.004298639 0.999265134 -0.003168862 0.037956670
1695814410.965000 4.372282505 0.560205460 11.415085793 0.006023284 0.999242008 -0.002540193 0.038377669
1695814411.116000 4.374381542 0.561472178 11.384702682 0.001410981 0.999692559 -0.004323974 0.024373230
1695814411.246000 4.374711990 0.561315000 11.355006218 0.002074845 -0.999974132 0.005034411 0.004705734
1695814411.371000 4.374153614 0.559526980 11.326685905 -0.002162605 -0.999914646 0.004381240 0.012123194
1695814411.494000 4.373629570 0.561684132 11.291115761 -0.007397846 -0.999879956 0.004333404 0.012906582
1695814411.621000 4.373980999 0.562182426 11.263525963 -0.009513291 -0.999855220 0.004856259 0.013251329
1695814411.765000 4.371193409 0.562532485 11.229310989 -0.006572448 -0.999674261 0.005504036 0.024042580
1695814411.918000 4.368686676 0.562710643 11.198120117 0.000990455 -0.998182356 0.004235457 0.060109384
1695814412.054000 4.362778187 0.561527669 11.168594360 0.003844296 -0.995421767 0.003027526 0.095455334
1695814412.189000 4.354275703 0.562967181 11.141963959 0.004204449 -0.991483986 0.003491159 0.130114168
1695814412.334000 4.344002724 0.563772321 11.110662460 0.005366409 -0.985511661 0.003681332 0.169482768
1695814412.458000 4.334654331 0.563593745 11.090066910 0.007863588 -0.980417669 0.002329500 0.196758613
1695814412.575000 4.321717262 0.563783288 11.063795090 0.008779308 -0.973041892 0.002959134 0.230442330
1695814412.701000 4.308953762 0.563816428 11.040934563 0.010123541 -0.965417325 0.004900271 0.260466844
1695814412.813000 4.297974586 0.563293993 11.023014069 0.010334228 -0.962521613 0.007910220 0.270892471
1695814412.916000 4.284592628 0.562285483 11.000699043 0.005732170 -0.962398350 0.010830654 0.271365762
1695814413.029000 4.273336887 0.560232103 10.980719566 0.000352420 -0.962420046 0.013190099 0.271244675
1695814413.144000 4.259906292 0.559841514 10.959673882 0.000945537 -0.962434173 0.013217784 0.271191716
1695814413.260000 4.247679710 0.559378028 10.938534737 0.004045562 -0.962473810 0.011584776 0.271097243
1695814413.371000 4.233958244 0.560225248 10.918357849 0.003759003 -0.962727964 0.010557692 0.270239443
1695814413.486000 4.222208977 0.558795691 10.897941589 0.001398884 -0.962615371 0.008429939 0.270737171
1695814413.600000 4.209480286 0.558866978 10.878414154 -0.000096152 -0.962808251 0.007528546 0.270080864
1695814413.710000 4.197578430 0.561282098 10.857463837 -0.001871029 -0.962823212 0.009803312 0.269947886
1695814413.824000 4.185695648 0.562537849 10.838482857 -0.001775160 -0.962267041 0.010706364 0.271890610
1695814413.937000 4.172512054 0.562979579 10.818462372 0.002347156 -0.957523227 0.009602871 0.288186640
1695814414.056000 4.157886982 0.560996890 10.799740791 0.007341325 -0.951043427 0.004401496 0.308938831
1695814414.163000 4.145337105 0.562033176 10.783513069 0.006218089 -0.950636446 0.003951197 0.310219616
1695814414.267000 4.133056164 0.562237203 10.765725136 0.004466299 -0.950601637 0.002634044 0.310370326
1695814414.370000 4.121176243 0.562376022 10.748949051 0.004490566 -0.950641632 0.001419659 0.310255349
1695814414.476000 4.107655525 0.562195599 10.731266022 0.005152924 -0.950524211 0.000081760 0.310607791
1695814414.584000 4.094187737 0.561810613 10.714692116 0.009054056 -0.947660089 -0.002315291 0.319144398
1695814414.695000 4.080355644 0.562876463 10.697209358 0.011701956 -0.942616701 -0.002927639 0.333659023
1695814414.803000 4.067425728 0.562713742 10.681786537 0.011414269 -0.942207217 -0.003667390 0.334816217
1695814414.908000 4.054431438 0.564271033 10.664607048 0.008180973 -0.942285657 -0.000843768 0.334709227
1695814415.012000 4.040805817 0.564940095 10.648139000 0.006719647 -0.942429125 0.001076280 0.334336728
1695814415.116000 4.028100491 0.564794362 10.632832527 0.005570956 -0.942601681 0.002058980 0.333866507
1695814415.225000 4.014759064 0.565822303 10.615776062 0.006246845 -0.942505717 0.002701219 0.334120840
