1695886941.243000 0.000000000 0.000000000 0.000000000 -0.000000000 -0.000000000 -0.000000000 1.000000000
1695886941.508000 -0.000290904 0.001070799 0.062489644 -0.001408102 -0.000451149 -0.000214463 0.999998927
1695886941.885000 0.000116235 0.002470751 0.154045731 0.001798456 -0.002122001 -0.005272365 0.999982238
1695886942.126000 -0.000553898 0.003087451 0.214638665 -0.000584357 -0.002322617 -0.007137708 0.999971688
1695886942.370000 -0.001406970 0.004355825 0.273718208 -0.005261272 -0.001542091 -0.005002204 0.999972463
1695886942.644000 -0.002766650 0.006369736 0.332989395 -0.003390873 -0.001003932 -0.002357292 0.999991000
1695886942.879000 -0.002751363 0.007552811 0.391405106 -0.001049237 -0.001708840 -0.000241265 0.999997973
1695886943.115000 -0.002907195 0.008305709 0.449739724 -0.001742121 -0.001918267 -0.001312977 0.999995768
1695886943.348000 -0.003383763 0.009706439 0.507926464 -0.003187840 -0.001991717 -0.001234045 0.999992192
1695886943.586000 -0.003846689 0.011147914 0.565112352 -0.001687139 -0.002345487 -0.001065122 0.999995291
1695886943.828000 -0.004270779 0.011854365 0.621718168 -0.001373150 -0.002781224 -0.000659587 0.999994993
1695886944.078000 -0.004710281 0.012724193 0.677925587 -0.001616037 -0.003249658 -0.001153610 0.999992788
1695886944.324000 -0.005431252 0.013811670 0.733369470 -0.002657372 -0.003735640 -0.001181214 0.999988794
1695886944.557000 -0.005682313 0.015053156 0.790812969 0.002130379 -0.003300604 -0.003900946 0.999984682
1695886944.901000 -0.007002041 0.016513815 0.878319144 -0.001564743 -0.003437798 -0.003355785 0.999987245
1695886945.251000 -0.007098468 0.018072583 0.964935124 -0.001853873 -0.003954038 -0.004192460 0.999981701
1695886945.596000 -0.008932013 0.019916369 1.051246405 -0.000669077 -0.004101230 -0.004431956 0.999981582
1695886945.947000 -0.010741889 0.021380432 1.135408163 -0.000982124 -0.003997171 -0.004284577 0.999982357
1695886946.316000 -0.011548865 0.023067605 1.219649673 -0.000935058 -0.004466555 -0.004317281 0.999980271
1695886946.675000 -0.012972079 0.024721652 1.302962899 -0.000838697 -0.004654003 -0.004306953 0.999979556
1695886947.025000 -0.014314116 0.026374245 1.385442376 -0.000669181 -0.004929022 -0.004200631 0.999978781
1695886947.365000 -0.015766390 0.027619829 1.467128158 -0.000264986 -0.005213073 -0.004058665 0.999978125
1695886947.817000 -0.018639766 0.029614689 1.573370218 -0.000158017 -0.005402245 -0.004340931 0.999975979
1695886948.164000 -0.019424973 0.030128481 1.653497100 0.003990192 -0.005894829 -0.004740055 0.999963462
1695886948.638000 -0.021799948 0.031508118 1.760251164 -0.003129839 -0.004417988 -0.005994484 0.999967396
1695886949.095000 -0.023746010 0.033870973 1.865733624 0.000103155 -0.004661854 -0.005017433 0.999976516
1695886949.580000 -0.025306232 0.035010532 1.969858766 -0.000954372 -0.005039343 -0.004873084 0.999974966
1695886950.029000 -0.027473662 0.037300795 2.072056055 -0.000607882 -0.005378944 -0.004486888 0.999975324
1695886950.489000 -0.029809568 0.038425330 2.172850847 -0.000971815 -0.006058721 -0.003936966 0.999973416
1695886950.940000 -0.032345727 0.040181164 2.271123409 -0.000551620 -0.005950367 -0.004100845 0.999973774
1695886951.397000 -0.033890001 0.041332461 2.368472576 -0.000081892 -0.006206741 -0.004737420 0.999969542
1695886951.850000 -0.035247270 0.043008979 2.463717699 -0.004555056 -0.006590191 -0.004860613 0.999956131
1695886952.324000 -0.037123799 0.044933818 2.558798313 -0.001183616 -0.006552183 -0.007368110 0.999950707
1695886952.672000 -0.038001265 0.046208747 2.628423452 -0.000396423 -0.006667966 -0.006361493 0.999957442
1695886953.003000 -0.038979389 0.047828704 2.697039127 -0.001769954 -0.006656508 -0.005240483 0.999962568
1695886953.333000 -0.039962571 0.049010571 2.765098810 -0.001936478 -0.006640188 -0.003616034 0.999969542
1695886953.663000 -0.042374086 0.050114322 2.833714962 0.000523607 -0.006624906 -0.005225126 0.999964297
1695886953.992000 -0.042702422 0.051281277 2.900485992 -0.000522627 -0.006391397 -0.004369926 0.999969900
1695886954.443000 -0.044349749 0.053044148 2.988241911 -0.000071757 -0.006997027 -0.002647457 0.999972045
1695886954.781000 -0.045206524 0.054203026 3.052925110 -0.001803230 -0.007112004 -0.003164250 0.999968052
1695886955.115000 -0.045751605 0.054433241 3.117240667 0.008236237 -0.007147299 -0.004554746 0.999930203
1695886955.441000 -0.047294632 0.055680610 3.179992437 -0.000638473 -0.007712592 -0.002901173 0.999965847
1695886955.783000 -0.048508704 0.056896400 3.242736101 -0.002697154 -0.007605633 -0.003943965 0.999959707
1695886956.226000 -0.054111868 0.058699433 3.326449871 -0.004080127 -0.044851471 -0.001284687 0.998984516
1695886956.557000 -0.066687435 0.060148615 3.388823748 -0.000212115 -0.103080854 -0.000897213 0.994672596
1695886956.882000 -0.080334559 0.061447848 3.447135448 -0.002057557 -0.117016412 -0.008930109 0.993087709
1695886957.301000 -0.099294126 0.063530296 3.524621725 -0.003460985 -0.128610834 -0.007485728 0.991660833
1695886957.614000 -0.120507836 0.064900815 3.579054117 -0.002832197 -0.178850815 -0.007675457 0.983842194
1695886957.950000 -0.147601888 0.065926284 3.632034302 -0.004829156 -0.231951594 -0.003845891 0.972707748
1695886958.264000 -0.177386552 0.068464473 3.680560112 -0.002310429 -0.268371016 -0.003675916 0.963305831
1695886958.602000 -0.212308615 0.069358669 3.733233690 0.001113769 -0.291917115 -0.001265198 0.956442177
1695886958.964000 -0.258110523 0.070364214 3.787134647 0.005024762 -0.352534115 0.000161677 0.935785472
1695886959.418000 -0.319126725 0.071233548 3.845464706 0.003858404 -0.390735656 -0.005006518 0.920481265
1695886960.051000 -0.411241233 0.073823415 3.916913509 -0.006956958 -0.459994972 0.003475121 0.887887478
1695886960.337000 -0.456216812 0.075345837 3.941582441 -0.012876317 -0.500505269 0.005977902 0.865617096
1695886960.652000 -0.507294059 0.076758675 3.963847637 -0.011556767 -0.543184757 0.008918143 0.839486301
1695886960.956000 -0.558552265 0.078200310 3.979914904 -0.011234199 -0.583953738 0.011154317 0.811632574
1695886961.247000 -0.607550621 0.079319581 3.990450382 -0.014480606 -0.620413899 0.010301716 0.784073174
1695886961.665000 -0.677644253 0.080209196 3.997480392 -0.007561297 -0.667755902 0.015597842 0.744178474
1695886962.265000 -0.770444870 0.081144005 4.005487442 -0.012612281 -0.670948744 0.009469708 0.741335988
1695886962.545000 -0.813739061 0.082565390 4.007391930 -0.016175753 -0.687999725 0.008577397 0.725479960
1695886963.269000 -0.924827576 0.084385380 4.008684635 -0.007873130 -0.700833678 0.015252291 0.713118255
1695886963.652000 -0.989842892 0.085364550 4.009537697 -0.011923584 -0.701104522 0.010963879 0.712874472
1695886964.067000 -1.065453291 0.086352378 4.010832310 -0.009137947 -0.701337337 0.014715417 0.712619007
1695886964.370000 -1.128736019 0.087395273 4.011500359 -0.010348352 -0.701641440 0.013352949 0.712329865
1695886964.647000 -1.195340633 0.088740900 4.012887001 -0.010292904 -0.702016592 0.013341060 0.711961269
1695886964.957000 -1.270142794 0.089633115 4.013996601 -0.012086222 -0.702438831 0.011564523 0.711547494
1695886965.259000 -1.344267845 0.090031207 4.014080048 -0.011378396 -0.702460587 0.011802961 0.711533844
1695886965.569000 -1.418066740 0.091448188 4.014931202 -0.011333020 -0.702841580 0.011505448 0.711163044
1695886965.867000 -1.478965282 0.092353545 4.015167236 -0.011370511 -0.703146338 0.011575332 0.710860074
1695886966.178000 -1.551045179 0.093221806 4.014861584 -0.011441464 -0.703164935 0.011308550 0.710844755
1695886966.488000 -1.622673512 0.094299704 4.015089035 -0.010722964 -0.703415573 0.011415605 0.710606337
1695886966.883000 -1.715431213 0.095145896 4.014699459 -0.008302808 -0.703955650 0.013303001 0.710070789
1695886967.279000 -1.803706646 0.095846429 4.014477730 -0.011212934 -0.703825057 0.011519004 0.710191429
1695886967.702000 -1.897770166 0.097463898 4.013829708 -0.011936340 -0.703918278 0.012822731 0.710064948
1695886968.192000 -2.004777908 0.099123910 4.014488220 -0.012095880 -0.704403341 0.012606956 0.709584892
1695886968.578000 -2.087335348 0.100303449 4.014655590 -0.012307728 -0.704836369 0.012777602 0.709148049
1695886968.897000 -2.149759769 0.101770028 4.016274452 -0.012001170 -0.705610394 0.012627687 0.708385825
1695886969.285000 -2.227469921 0.103377044 4.018273354 -0.011778439 -0.706265926 0.012449613 0.707739234
1695886969.697000 -2.308031559 0.104505703 4.020690918 -0.011717073 -0.706623018 0.011840535 0.707394123
1695886970.084000 -2.384828329 0.106220894 4.023569107 -0.011078588 -0.707164168 0.011630817 0.706866920
1695886970.497000 -2.465078592 0.107500561 4.025424957 -0.010480634 -0.707537353 0.010953362 0.706513345
1695886970.885000 -2.544421196 0.109396242 4.027014732 -0.005417490 -0.707599699 0.012786569 0.706477046
1695886971.292000 -2.635454178 0.110198349 4.022940636 -0.011573367 -0.707375824 0.012184754 0.706637859
1695886971.682000 -2.717972279 0.110869050 4.021672249 -0.011295244 -0.707595527 0.012496917 0.706416905
1695886972.181000 -2.814272642 0.112633899 4.024696827 -0.011076380 -0.708205283 0.011859445 0.705820084
1695886972.583000 -2.896444798 0.113521002 4.023405075 -0.010734553 -0.708385825 0.012191032 0.705638587
1695886973.088000 -2.999174118 0.115251005 4.023680210 -0.010809591 -0.708862185 0.011174746 0.705175638
1695886973.583000 -3.102267742 0.116435304 4.022758484 -0.009557140 -0.708925724 0.011590908 0.705123127
1695886974.070000 -3.204715014 0.117734164 4.022521496 -0.009928958 -0.709262967 0.010551251 0.704795122
1695886974.596000 -3.314039469 0.120343976 4.024754524 -0.011206190 -0.709972501 0.008069259 0.704094112
1695886975.095000 -3.416809559 0.121042915 4.024645805 -0.008208152 -0.710366666 0.011395831 0.703691661
1695886975.582000 -3.517138004 0.122917354 4.025944233 -0.009089690 -0.711205304 0.010237654 0.702851057
1695886975.970000 -3.597720623 0.123790242 4.025000572 -0.008254251 -0.711460710 0.010286608 0.702602208
1695886976.384000 -3.685479641 0.125606090 4.023829460 -0.008578697 -0.711638451 0.009292825 0.702432036
1695886976.870000 -3.786780119 0.127258062 4.022736549 -0.008043757 -0.712058604 0.009218059 0.702013433
1695886977.288000 -3.870145321 0.128914237 4.021211624 -0.007423325 -0.712323070 0.008999523 0.701754808
1695886977.592000 -3.932318211 0.129514083 4.020308495 -0.007597456 -0.712510586 0.008985864 0.701562762
1695886978.174000 -4.046357155 0.131628439 4.018895149 -0.006808229 -0.712787211 0.010112555 0.701274395
1695886978.675000 -4.141524792 0.132430360 4.011405468 -0.011510625 -0.738920748 0.016329868 0.673496068
1695886979.075000 -4.213831902 0.127800882 3.995082855 -0.008452263 -0.768599689 0.009502526 0.639603615
1695886979.382000 -4.268246174 0.131710291 3.984276295 -0.010292137 -0.774623215 0.008972335 0.632275641
1695886979.770000 -4.335227013 0.132361889 3.962592840 -0.006433982 -0.814651370 0.010910807 0.579812646
1695886980.069000 -4.381385803 0.132587761 3.938187599 -0.007381697 -0.842836142 0.007175004 0.538071871
1695886980.483000 -4.443330288 0.132825151 3.897226334 -0.005692168 -0.878132105 0.009574558 0.478288502
1695886980.767000 -4.481741905 0.128998876 3.866570473 -0.009485457 -0.899339437 0.005434976 0.437114507
1695886981.069000 -4.518319607 0.133320555 3.828282356 -0.008359299 -0.919689775 0.008561681 0.392463475
1695886981.365000 -4.551510334 0.133330792 3.788535118 -0.003978117 -0.937210083 0.015886160 0.348380655
1695886981.674000 -4.580398560 0.133170918 3.744334936 -0.004138651 -0.953103065 0.017906973 0.302087456
1695886981.957000 -4.601568222 0.132348716 3.704849958 -0.002087018 -0.965164483 0.018395053 0.260988116
1695886982.265000 -4.618872166 0.131590009 3.659400463 -0.002847941 -0.976050258 0.015790768 0.216952816
1695886982.753000 -4.650084972 0.129334837 3.590880871 0.000538226 -0.976931632 0.015906146 0.212958321
1695886982.964000 -4.660432339 0.128924206 3.560865879 -0.004253091 -0.982008219 0.018520128 0.187879696
1695886983.258000 -4.671342850 0.128077447 3.517291069 -0.002690468 -0.988959849 0.016356979 0.147253901
1695886983.456000 -4.676777840 0.127593547 3.488128662 -0.002637412 -0.992659271 0.016186588 0.119827799
1695886983.651000 -4.679664612 0.127463788 3.459931850 -0.002648299 -0.995384276 0.016995411 0.094415493
1695886983.856000 -4.684803963 0.127160937 3.431343794 0.001722860 -0.995749295 0.016481623 0.090602472
1695886984.055000 -4.689852715 0.126490414 3.403637886 0.001013868 -0.995778322 0.014122779 0.090691879
1695886984.346000 -4.695347786 0.125717327 3.363246441 -0.003497536 -0.996943116 0.016122760 0.076369271
1695886984.545000 -4.695706844 0.125692740 3.335520983 -0.003107697 -0.998538435 0.016557679 0.051353034
1695886984.848000 -4.698942661 0.125046894 3.295126677 0.001078618 -0.998703778 0.017395940 0.047822561
1695886985.151000 -4.702504158 0.124422647 3.251569033 -0.000109296 -0.998678267 0.018138960 0.048091363
1695886985.451000 -4.706304073 0.124167353 3.205132484 0.000134684 -0.998665571 0.018141022 0.048352312
1695886985.660000 -4.708089828 0.123307638 3.173341990 -0.002228476 -0.999058783 0.019233735 0.038816091
1695886985.947000 -4.710912704 0.122951344 3.130764246 0.000093853 -0.999209702 0.018207291 0.035333812
1695886986.258000 -4.713820934 0.122262247 3.081591368 0.000231365 -0.999196768 0.018564383 0.035512328
1695886986.552000 -4.716838360 0.121186264 3.030042887 -0.000242690 -0.999234259 0.016140489 0.035641082
1695886986.741000 -4.719375610 0.120555624 2.995700359 -0.000251549 -0.999260485 0.014924826 0.035435658
1695886987.058000 -4.723265648 0.119697109 2.933563709 -0.000026335 -0.999154150 0.020709516 0.035527345
1695886987.355000 -4.727823257 0.118733495 2.871060848 0.000184710 -0.999215782 0.017763866 0.035387110
1695886987.649000 -4.731673717 0.116967827 2.809503317 0.000608027 -0.999223351 0.016629469 0.035717711
1695886988.047000 -4.737680912 0.116105370 2.722960711 0.000709714 -0.999189436 0.018759392 0.035609681
1695886988.446000 -4.741810322 0.114087857 2.636745214 0.000966651 -0.999223471 0.015736576 0.036109917
1695886988.851000 -4.747792721 0.112114765 2.550946236 0.000921089 -0.999235570 0.014926620 0.036120187
1695886989.243000 -4.753092766 0.111373469 2.465496540 -0.002037416 -0.999189079 0.017455954 0.036225952
1695886989.647000 -4.758205891 0.109703295 2.378735542 -0.004600415 -0.999369502 0.015882252 0.031420030
1695886990.044000 -4.761538506 0.108241521 2.292353392 -0.002631652 -0.999394238 0.017160717 0.030161867
1695886990.445000 -4.766468048 0.106350183 2.206483364 -0.002796428 -0.999401212 0.016846946 0.030093120
1695886990.955000 -4.771964073 0.104451664 2.100078106 -0.003036197 -0.999397099 0.016711392 0.030281335
1695886991.247000 -4.776405334 0.103579059 2.038861036 -0.003016116 -0.999402881 0.016803171 0.030039750
1695886991.742000 -4.781299591 0.101435281 1.937639117 -0.003171962 -0.999376774 0.017829018 0.030300472
1695886992.142000 -4.786417007 0.099951416 1.857311010 -0.004828658 -0.999401569 0.016232023 0.030161142
1695886992.449000 -4.790894032 0.098618738 1.797140121 -0.002891494 -0.999321699 0.021366114 0.029853895
1695886992.850000 -4.795319557 0.096908927 1.719095588 -0.002055938 -0.999440253 0.015123107 0.029769916
1695886993.250000 -4.798455238 0.096630104 1.642469764 -0.002634047 -0.999422848 0.015421306 0.030154267
1695886993.745000 -4.802324772 0.094367549 1.549645662 -0.002592917 -0.999383628 0.017084153 0.030558493
1695886994.242000 -4.808883667 0.093243107 1.456374407 -0.002271669 -0.999394894 0.016879007 0.030329803
1695886994.939000 -4.817621708 0.091278642 1.329559088 -0.002653628 -0.999402106 0.017005382 0.029986683
1695886995.237000 -4.819774151 0.088983506 1.276193023 -0.002730335 -0.999403775 0.016479803 0.030217178
1695886995.641000 -4.823505878 0.088188492 1.205206156 -0.002637506 -0.999383926 0.017415296 0.030358084
1695886996.048000 -4.829220772 0.087471396 1.139286637 -0.003315324 -0.999328375 0.017124349 0.032227464
1695886996.442000 -4.839239597 0.085879385 1.075286627 -0.002680748 -0.996998549 0.015982434 0.075705364
1695886996.844000 -4.849697590 0.084258959 1.009517193 -0.004304167 -0.996656358 0.019475214 0.079236105
1695886997.443000 -4.877145290 0.080392294 0.925305247 -0.003609441 -0.985497594 0.015506127 0.168940991
1695886997.946000 -4.912340641 0.082072347 0.858811378 -0.007899111 -0.969940364 0.011270870 0.242953107
1695886998.456000 -4.955682755 0.081912205 0.799952984 -0.010435386 -0.948915839 0.010671220 0.315176100
1695886998.963000 -5.007274151 0.082289584 0.746606350 -0.011422605 -0.922586203 0.013000060 0.385402709
1695886999.369000 -5.053526402 0.082466647 0.710777760 -0.011387301 -0.898356020 0.009330752 0.439021289
1695886999.656000 -5.088509083 0.082750306 0.689334869 -0.010213074 -0.879582822 0.007908929 0.475570381
1695886999.971000 -5.128208160 0.082330815 0.666410923 -0.011906323 -0.865542531 0.007221183 0.500641823
1695887000.170000 -5.153521061 0.083578289 0.652062893 -0.011742477 -0.865724742 0.008245979 0.500314713
1695887000.572000 -5.203617096 0.083275869 0.622961044 -0.009724146 -0.865854442 0.013052163 0.500031173
1695887000.870000 -5.241063118 0.083618343 0.603579521 -0.005623613 -0.855011463 0.013636776 0.518399417
1695887001.056000 -5.264133453 0.084267855 0.594455719 -0.006741199 -0.841819882 0.012718195 0.539566576
1695887001.274000 -5.291759014 0.084419385 0.584657192 -0.008727805 -0.825574517 0.011931967 0.564099491
1695887001.562000 -5.328736782 0.084456690 0.573777199 -0.010327707 -0.802826524 0.014110820 0.595956206
1695887001.874000 -5.368502617 0.084745392 0.566440582 -0.009198924 -0.778037131 0.012021009 0.628035903
1695887002.268000 -5.419094086 0.084776767 0.557223797 -0.012023840 -0.770743549 0.015813556 0.636835814
1695887002.565000 -5.456680775 0.085318394 0.550514221 -0.009221877 -0.766463459 0.013611330 0.642077506
1695887002.863000 -5.492847443 0.085654125 0.548117638 -0.007028969 -0.743009567 0.008391566 0.669191360
1695887003.065000 -5.517400265 0.085910901 0.547980309 -0.011037280 -0.726736128 0.008967809 0.686769485
1695887003.270000 -5.541755676 0.086373195 0.548475266 -0.010861541 -0.711371839 0.011344569 0.702640414
1695887003.582000 -5.578984737 0.086896107 0.548129559 -0.006145291 -0.710370183 0.012683865 0.703687191
1695887003.870000 -5.613037586 0.087307453 0.547634602 -0.006610045 -0.710532486 0.011386277 0.703541219
1695887004.161000 -5.650894165 0.087566525 0.546936035 -0.006224656 -0.710715175 0.013314924 0.703326344
1695887004.470000 -5.695422173 0.088069737 0.546536922 -0.008428674 -0.711078227 0.007708390 0.703020215
1695887004.779000 -5.739509583 0.088784359 0.545464039 -0.008139598 -0.710887015 0.008896923 0.703202844
1695887005.063000 -5.781805515 0.089561619 0.545113087 -0.006156305 -0.711178839 0.010449079 0.702906549
1695887005.378000 -5.835418701 0.090029024 0.543808937 -0.006088327 -0.711298108 0.010429168 0.702786744
1695887005.764000 -5.903155804 0.090787873 0.542609215 -0.007860207 -0.711420894 0.008501378 0.702670813
1695887005.974000 -5.942090988 0.091449052 0.542775154 -0.006427370 -0.711759210 0.010224625 0.702319682
1695887006.281000 -6.004278183 0.092178285 0.540705204 -0.005586182 -0.711595774 0.010936043 0.702481806
1695887006.576000 -6.070163250 0.092973962 0.539229393 -0.007451674 -0.711742759 0.008845194 0.702345073
1695887006.979000 -6.158923149 0.093926594 0.539537430 -0.006152506 -0.701976359 0.007028836 0.712139010
1695887007.362000 -6.241979122 0.094999038 0.539603233 -0.007372215 -0.701444566 0.009092161 0.712627888
1695887007.776000 -6.330046177 0.096357204 0.541956425 -0.007306149 -0.694803357 0.008110792 0.719116986
1695887008.178000 -6.415858269 0.097836703 0.544940472 -0.009557453 -0.695174098 0.005666480 0.718755543
1695887008.478000 -6.479655266 0.099090040 0.547275066 -0.006653006 -0.689629495 0.007364557 0.724094450
1695887008.880000 -6.563348293 0.100536034 0.550559044 -0.007868472 -0.688735604 0.007337271 0.724932790
1695887009.366000 -6.662971497 0.102548324 0.555599213 -0.006838545 -0.685563922 0.008341546 0.727932513
1695887009.775000 -6.746011734 0.103980333 0.559829235 -0.007581836 -0.685839355 0.008411130 0.727664888
1695887010.161000 -6.822501183 0.105234601 0.562794209 -0.007413648 -0.685571015 0.008686360 0.727916181
1695887010.666000 -6.921401501 0.106305778 0.568243504 -0.008056049 -0.685858786 0.008926119 0.727635324
1695887011.077000 -7.000497818 0.108005241 0.572063446 -0.007352012 -0.685760021 0.009156925 0.727732956
1695887011.580000 -7.096565247 0.108826712 0.575615883 -0.008326915 -0.692628264 0.010239570 0.721174061
1695887011.973000 -7.169717312 0.109942906 0.577864170 -0.010481780 -0.692707300 0.009006557 0.721086502
1695887012.358000 -7.240670681 0.111029059 0.580583096 -0.009809570 -0.692990422 0.009153490 0.720822036
1695887012.679000 -7.299942017 0.112128064 0.582089424 -0.007047293 -0.692924201 0.011541340 0.720883608
1695887012.874000 -7.339960575 0.112682648 0.583635330 -0.007749805 -0.692939997 0.009547999 0.720890403
1695887013.164000 -7.398133278 0.113521308 0.585565090 -0.008602070 -0.693078697 0.008855741 0.720756233
1695887013.574000 -7.479897499 0.114330105 0.588154793 -0.007260993 -0.692978740 0.009732326 0.720855772
1695887014.079000 -7.580839157 0.115528896 0.591876984 -0.008199193 -0.693194151 0.008931384 0.720648944
1695887014.464000 -7.657760620 0.116475672 0.592900276 -0.008502278 -0.698504090 0.009568295 0.715491593
1695887014.770000 -7.717327595 0.117373981 0.593877316 -0.007853400 -0.698495805 0.008811555 0.715516806
1695887015.058000 -7.772704601 0.118213676 0.595464706 -0.007640178 -0.698937178 0.009113193 0.715084195
1695887015.363000 -7.830146313 0.118993238 0.595345020 -0.007461509 -0.698601127 0.009615399 0.715407908
1695887015.760000 -7.904638290 0.119652458 0.595934391 -0.008330956 -0.698524237 0.009753545 0.715471506
1695887016.156000 -7.978992939 0.120615862 0.595678329 -0.009525505 -0.706021190 0.010378913 0.708050609
1695887016.569000 -8.054178238 0.121690847 0.596263885 -0.009761340 -0.706597805 0.009548487 0.707483709
1695887016.867000 -8.108169556 0.122306004 0.595191956 -0.008872722 -0.706536412 0.009465674 0.707557738
1695887017.256000 -8.180629730 0.123590685 0.594564438 -0.007828224 -0.706592858 0.010098374 0.707504988
1695887017.576000 -8.241714478 0.124709815 0.595324516 -0.008355532 -0.707005799 0.008822336 0.707103372
1695887017.965000 -8.313179970 0.125349537 0.594526291 -0.008168704 -0.706905007 0.009240426 0.707201004
1695887018.262000 -8.367197037 0.126116008 0.593716621 -0.008465506 -0.706744373 0.008898450 0.707362473
1695887018.661000 -8.439968109 0.127612263 0.594219208 -0.008226560 -0.707226992 0.009231954 0.706878424
1695887018.973000 -8.494832993 0.127849877 0.593641281 -0.008255211 -0.707177520 0.008818671 0.706932843
1695887019.355000 -8.561909676 0.128898606 0.593267441 -0.008345752 -0.707379639 0.009102988 0.706725955
1695887019.763000 -8.632750511 0.129979402 0.592815399 -0.007699719 -0.707372844 0.009421292 0.706735909
1695887020.169000 -8.702519417 0.131096378 0.592794418 -0.008212741 -0.707806647 0.009768771 0.706290901
1695887020.573000 -8.769407272 0.131648466 0.591564178 -0.005233441 -0.707473814 0.011826335 0.706621230
1695887020.867000 -8.818802834 0.132036120 0.591783524 -0.004487026 -0.707830191 0.014466932 0.706220210
1695887021.268000 -8.882156372 0.132226363 0.591161728 -0.011321544 -0.708278418 0.008195604 0.705794930
1695887021.560000 -8.928597450 0.133299410 0.590945244 -0.008748363 -0.708431244 0.009296569 0.705664396
1695887021.872000 -8.976186752 0.133976430 0.590472221 -0.008320363 -0.708468676 0.009301199 0.705631912
1695887022.269000 -9.036973000 0.134681851 0.589688301 -0.007652805 -0.708447576 0.009338970 0.705660164
1695887022.661000 -9.098847389 0.135471255 0.589181900 -0.008255034 -0.708584368 0.008839815 0.705522537
1695887022.967000 -9.146962166 0.136273831 0.588457108 -0.008185524 -0.708605230 0.008824919 0.705502570
1695887023.365000 -9.206778526 0.136812270 0.587213516 -0.008410796 -0.708752751 0.009022671 0.705349147
1695887023.761000 -9.265351295 0.137392104 0.585822105 -0.008431358 -0.708566368 0.008795339 0.705538988
1695887024.053000 -9.308965683 0.138021737 0.585701942 -0.008290312 -0.708771348 0.008669058 0.705336273
1695887024.363000 -9.354511261 0.138555512 0.585093498 -0.008481367 -0.708819687 0.008677554 0.705285370
1695887024.664000 -9.398958206 0.139557138 0.584821701 -0.007631551 -0.709025145 0.008852561 0.705086350
1695887025.055000 -9.453948021 0.140337169 0.584573746 -0.007365858 -0.709308386 0.009147967 0.704800487
1695887025.365000 -9.496565819 0.140580952 0.583552361 -0.007680516 -0.709265888 0.009081964 0.704840720
1695887025.809000 -9.549360275 0.141527653 0.582552910 -0.007552834 -0.709252000 0.008176540 0.704867244
1695887026.053000 -9.585716248 0.142501175 0.582451820 -0.010420737 -0.709448576 0.004984408 0.704662502
1695887026.463000 -9.647811890 0.143879637 0.581240654 -0.008318684 -0.709383190 0.011161123 0.704685569
1695887026.766000 -9.702420235 0.145491615 0.580827713 -0.007299952 -0.709524453 0.010918250 0.704558432
1695887027.064000 -9.762100220 0.146775097 0.579487801 -0.009521258 -0.709415436 0.010589655 0.704646766
1695887027.470000 -9.843904495 0.147290587 0.579588890 -0.010599208 -0.709644735 0.009196782 0.704419911
1695887027.965000 -9.943126678 0.148941606 0.577198982 -0.008299291 -0.709669173 0.010414755 0.704409242
1695887028.370000 -10.024230957 0.149271056 0.575863838 -0.004213205 -0.709602833 0.017523808 0.704371333
1695887028.766000 -10.106874466 0.150679454 0.574810028 -0.012752085 -0.710070014 0.011430634 0.703922808
1695887029.165000 -10.188590050 0.151784107 0.573749542 -0.009504908 -0.710681915 0.009111715 0.703390241
1695887029.453000 -10.246381760 0.152261466 0.572341919 -0.007964741 -0.710519612 0.010246526 0.703557730
1695887029.960000 -10.346178055 0.153463215 0.571390152 -0.003423302 -0.710642338 0.006689346 0.703513324
1695887030.356000 -10.422856331 0.154386073 0.570785522 -0.005627866 -0.711061239 0.003235377 0.703100204
1695887030.758000 -10.498529434 0.156267270 0.570590019 -0.009545704 -0.705311120 0.003112795 0.708826780
1695887031.151000 -10.573436737 0.157429799 0.570155144 -0.008960822 -0.704937696 0.009462267 0.709149480
1695887031.456000 -10.630756378 0.158586532 0.569855690 -0.008897834 -0.704959154 0.010200852 0.709118724
1695887031.869000 -10.706391335 0.159529597 0.571392059 -0.009507845 -0.697391391 0.010544861 0.716549873
1695887032.258000 -10.776332855 0.160503760 0.573095322 -0.006030931 -0.697299004 0.011617982 0.716660857
1695887032.767000 -10.865160942 0.161938369 0.575460434 -0.008171532 -0.697348058 0.006237411 0.716658890
1695887033.264000 -10.950937271 0.162746117 0.579068184 -0.007163947 -0.691394746 0.006430704 0.722413063
1695887033.665000 -11.018122673 0.163947046 0.581406593 -0.009050560 -0.691592753 0.007862385 0.722188175
1695887034.152000 -11.107348442 0.164834067 0.585231781 -0.004657464 -0.691769838 0.008391163 0.722054362
1695887034.754000 -11.234300613 0.167591959 0.589962006 -0.006037690 -0.691992640 0.007840372 0.721836746
1695887035.355000 -11.373839378 0.169134781 0.595433235 -0.007923683 -0.692079663 0.007266234 0.721741080
1695887035.860000 -11.489136696 0.171397686 0.598822594 -0.006192784 -0.691744447 0.007281713 0.722079098
1695887036.361000 -11.603147507 0.171893373 0.604376793 -0.006806612 -0.692433953 0.008340690 0.721401036
1695887036.959000 -11.741839409 0.173923880 0.609375000 -0.011527511 -0.692695796 0.006565320 0.721107900
1695887037.552000 -11.878434181 0.176769838 0.613360405 -0.007733922 -0.692518234 0.008408185 0.721309960
1695887038.060000 -11.993384361 0.177948609 0.616157532 -0.009392470 -0.703620970 0.010128143 0.710441232
1695887038.647000 -12.123526573 0.179784104 0.617055893 -0.007253052 -0.704067945 0.007704427 0.710053802
1695887039.265000 -12.259449959 0.182325944 0.617751122 -0.007755188 -0.704454839 0.008669432 0.709653497
1695887039.851000 -12.382619858 0.183058575 0.617718697 -0.007661125 -0.704570353 0.009334625 0.709531426
1695887040.262000 -12.469750404 0.184321016 0.617770195 -0.003882315 -0.704626322 0.011454723 0.709475458
1695887040.765000 -12.578632355 0.185438752 0.617877960 -0.010967108 -0.705179334 0.008504502 0.708893239
1695887041.250000 -12.684053421 0.186994940 0.617956161 -0.006764339 -0.705478489 0.009964322 0.708629072
1695887041.850000 -12.821606636 0.188564777 0.617321014 -0.008940805 -0.705661297 0.008272213 0.708444655
1695887042.248000 -12.912254333 0.190296292 0.617003441 -0.008353410 -0.705701649 0.008852286 0.708404660
1695887042.463000 -12.961046219 0.190727800 0.616590500 -0.008526602 -0.705619216 0.008564827 0.708488166
1695887042.856000 -13.048471451 0.192608148 0.616392136 -0.008023044 -0.705845416 0.009069677 0.708262384
1695887043.051000 -13.091733932 0.192827940 0.615959167 -0.008030237 -0.705904007 0.009222350 0.708202004
1695887043.349000 -13.156705856 0.193742916 0.615685463 -0.008140642 -0.706007659 0.009344714 0.708095729
1695887043.559000 -13.201700211 0.194485784 0.614962578 -0.008269486 -0.705871046 0.008561601 0.708240330
1695887043.856000 -13.265367508 0.195576191 0.614988327 -0.007764722 -0.706114531 0.009155112 0.707995892
1695887044.247000 -13.346795082 0.196828678 0.614478111 -0.008219922 -0.706088483 0.008228219 0.708028197
1695887044.547000 -13.409198761 0.197271958 0.613986015 -0.007821872 -0.706092417 0.007784120 0.708033681
1695887044.845000 -13.470631599 0.198132142 0.613210678 -0.007172624 -0.706193686 0.008313870 0.707933605
1695887045.158000 -13.535385132 0.198785111 0.612245560 -0.007368230 -0.706156969 0.008561143 0.707965195
1695887045.453000 -13.597867966 0.200053185 0.611245155 -0.007821476 -0.706051052 0.008261873 0.708069503
1695887045.856000 -13.681479454 0.201325536 0.611317635 -0.007553384 -0.706344187 0.008554495 0.707776546
1695887046.157000 -13.743331909 0.201525003 0.610627174 -0.007662098 -0.706339359 0.008143666 0.707785070
1695887046.450000 -13.802966118 0.202387094 0.609837532 -0.007642615 -0.706384003 0.008498997 0.707736492
1695887046.955000 -13.905310631 0.202965409 0.609789848 -0.006643727 -0.706627309 0.009828884 0.707486510
1695887047.344000 -13.987030983 0.203994170 0.609410286 -0.008548687 -0.706811190 0.007316547 0.707312763
1695887047.653000 -14.050312042 0.205073819 0.607760429 -0.007295504 -0.706564844 0.007709450 0.707568705
1695887048.060000 -14.133146286 0.206183076 0.607501030 -0.007902058 -0.706802785 0.007847250 0.707323074
1695887048.352000 -14.194916725 0.207412452 0.606793404 -0.006693306 -0.706853271 0.008955179 0.707271874
1695887048.746000 -14.278255463 0.208693236 0.605355263 -0.007716564 -0.706765056 0.008351032 0.707356930
1695887049.148000 -14.362068176 0.209721461 0.604198456 -0.008329460 -0.706744790 0.008936826 0.707363069
1695887049.550000 -14.444278717 0.211247951 0.603644371 -0.008112207 -0.706914246 0.008803889 0.707198024
1695887049.948000 -14.524708748 0.211944565 0.602468491 -0.008234446 -0.706903577 0.008790447 0.707207322
1695887050.246000 -14.584775925 0.212986603 0.602085114 -0.007410503 -0.707021356 0.009787658 0.707085609
1695887050.649000 -14.668272018 0.214450821 0.602098465 -0.007462141 -0.707150996 0.008593634 0.706971049
1695887051.041000 -14.745830536 0.215701103 0.601250648 -0.010352008 -0.707065403 0.009130614 0.707013428
1695887051.456000 -14.828181267 0.217696816 0.602685928 -0.007986394 -0.707449019 0.010115529 0.706646860
1695887051.843000 -14.903057098 0.218744889 0.602828979 -0.011802538 -0.707682848 0.009776672 0.706364095
1695887052.347000 -14.998753548 0.220438644 0.601675034 -0.009724560 -0.707606792 0.011335877 0.706448674
1695887052.760000 -15.076081276 0.221687913 0.598641396 -0.014698468 -0.721439898 0.012961499 0.692199707
1695887053.052000 -15.130663872 0.222523496 0.590545654 -0.010720277 -0.751637936 0.009450840 0.659421086
1695887053.351000 -15.185462952 0.223537937 0.582889557 -0.005946889 -0.752399564 0.008948749 0.658619463
1695887053.652000 -15.238983154 0.224530712 0.570240021 -0.010161429 -0.779738784 0.011389954 0.625918984
1695887053.945000 -15.289861679 0.224399537 0.552808762 -0.008070323 -0.811901331 0.011476280 0.583626091
1695887054.251000 -15.338516235 0.225260407 0.533452988 0.000817778 -0.823621750 0.003897210 0.567125499
1695887054.646000 -15.399557114 0.225473568 0.503683090 -0.005490520 -0.848743975 0.012128580 0.528636396
1695887055.054000 -15.458473206 0.225679010 0.468538284 0.001713263 -0.865383148 0.004128620 0.501090884
1695887055.453000 -15.512940407 0.226063594 0.429409027 -0.007513327 -0.890608549 0.012765274 0.454529494
1695887055.853000 -15.559868813 0.225578249 0.389913559 0.001757082 -0.900445819 0.017602388 0.434608340
1695887056.153000 -15.594266891 0.225461751 0.356678009 -0.002533235 -0.915243626 0.015793895 0.402583182
1695887056.453000 -15.624403000 0.225324243 0.321176529 -0.008859711 -0.933188677 0.014791595 0.358972937
1695887056.645000 -15.641284943 0.225533426 0.296997070 -0.008016310 -0.943320394 0.014681355 0.331461817
1695887056.947000 -15.665555000 0.225812763 0.257090569 -0.012558199 -0.957567036 0.017684929 0.287393510
1695887057.149000 -15.678584099 0.225534260 0.230647087 -0.016055092 -0.965665936 0.019852597 0.258529335
1695887057.349000 -15.690176010 0.225119025 0.203043938 -0.014413961 -0.972875357 0.021224596 0.229902685
1695887057.543000 -15.699417114 0.224700630 0.177114487 -0.014943372 -0.979139268 0.020240871 0.201626539
1695887057.847000 -15.711614609 0.223930225 0.135674477 -0.015350054 -0.987181604 0.014673664 0.158182085
1695887058.145000 -15.719882011 0.223183081 0.094172478 -0.015168573 -0.993012369 0.015764076 0.115965128
1695887058.445000 -15.724617958 0.222377285 0.053495407 -0.012453060 -0.996299863 0.013798717 0.083911762
1695887058.744000 -15.731270790 0.221785188 0.013286114 -0.012206458 -0.996319771 0.013702275 0.083727106
1695887059.039000 -15.734543800 0.221210018 -0.026446104 -0.016054131 -0.998104095 0.016457692 0.057093855
1695887059.438000 -15.734715462 0.220127732 -0.079548597 -0.012008103 -0.999626637 0.017538033 0.017171137
1695887059.743000 -15.735772133 0.219642460 -0.119392276 -0.011451354 -0.999632239 0.017415147 0.017350264
1695887060.035000 -15.736156464 0.218872473 -0.157189071 -0.014207629 -0.999725163 0.017699627 0.005874437
1695887060.336000 -15.734220505 0.218105078 -0.194320455 0.010706341 0.999735594 -0.018053167 0.009395452
1695887060.638000 -15.733157158 0.217281193 -0.234222248 0.011112352 0.999690056 -0.020211877 0.009371243
1695887061.041000 -15.731586456 0.216093719 -0.293253303 0.010948855 0.999738216 -0.017699571 0.009507942
1695887061.337000 -15.730498314 0.215226859 -0.336984813 0.010697955 0.999738097 -0.017855380 0.009513407
1695887061.635000 -15.729309082 0.214384258 -0.381420970 0.010445436 0.999713123 -0.019326534 0.009547723
1695887062.041000 -15.727177620 0.212864622 -0.443831950 0.010129043 0.999745071 -0.017833708 0.009447181
1695887062.348000 -15.725396156 0.212158054 -0.492464066 0.010012197 0.999701381 -0.020216998 0.009395342
1695887062.739000 -15.724231720 0.210562244 -0.559050560 0.010189516 0.999725640 -0.018603634 0.009937205
1695887063.243000 -15.721164703 0.208395988 -0.643609881 0.009609705 0.999738097 -0.018565200 0.009314530
1695887063.636000 -15.719438553 0.206905842 -0.707160890 0.009508410 0.999737620 -0.018495649 0.009605278
1695887064.043000 -15.718356133 0.205725342 -0.771933854 0.009416329 0.999737024 -0.018346146 0.010037610
1695887064.437000 -15.716526031 0.204328567 -0.833845913 0.009118735 0.999755263 -0.017534673 0.009943341
1695887064.941000 -15.713531494 0.202564389 -0.911954582 0.009038621 0.999631584 -0.018162230 0.018033167
1695887065.241000 -15.710916519 0.201698929 -0.957556009 0.007817755 0.999642551 -0.018341195 0.017814673
1695887065.648000 -15.704030991 0.199995577 -1.018757343 0.008417221 0.998865962 -0.018322125 0.043130029
1695887066.043000 -15.698488235 0.198622882 -1.076853037 0.007321461 0.998874962 -0.018069312 0.043228585
1695887066.548000 -15.691660881 0.197028518 -1.148951530 0.007697911 0.998866856 -0.018095775 0.043339822
1695887066.943000 -15.686642647 0.195706412 -1.204058886 0.007740485 0.998867095 -0.018020542 0.043357614
1695887067.439000 -15.679633141 0.194432646 -1.272341490 0.007939769 0.998857856 -0.018619003 0.043281641
1695887067.843000 -15.674113274 0.193200856 -1.326978087 0.006732638 0.998864412 -0.018482242 0.043393720
1695887068.235000 -15.664264679 0.191859812 -1.378035545 0.009393821 0.996179044 -0.016719876 0.085202701
1695887068.648000 -15.654210091 0.191097736 -1.430618048 0.004958459 0.996012032 -0.016025456 0.087627850
1695887069.041000 -15.644526482 0.190135106 -1.481948614 0.004056696 0.996000946 -0.017760873 0.087466016
1695887069.439000 -15.634071350 0.188767359 -1.536411524 0.003050812 0.996046007 -0.016132098 0.087309062
1695887069.838000 -15.623298645 0.187681571 -1.593542814 0.001530321 0.995991707 -0.019358957 0.087312147
1695887070.241000 -15.613202095 0.186391324 -1.650562167 -0.002117554 0.996463239 -0.018825034 0.081866547
1695887070.736000 -15.601228714 0.184899673 -1.719669700 -0.002302501 0.996596992 -0.018285211 0.080342285
1695887071.242000 -15.592689514 0.183061182 -1.787833452 -0.005241381 0.998101473 -0.018116606 0.058633234
1695887071.736000 -15.582716942 0.182244003 -1.854860306 -0.002703737 0.998089492 -0.020673422 0.058161058
1695887072.141000 -15.578273773 0.181211829 -1.906493902 -0.003266130 0.998921037 -0.017225327 0.043003887
1695887072.437000 -15.575138092 0.180355966 -1.944011450 -0.004998967 0.999190092 -0.018038033 0.035620801
1695887072.845000 -15.575290680 0.179256812 -1.994665504 -0.002645871 0.999750555 -0.019501993 0.010563441
1695887073.237000 -15.573599815 0.178290784 -2.043066502 -0.003547483 0.999758363 -0.019108869 0.010272820
1695887073.637000 -15.571208000 0.177448943 -2.092076778 -0.002525957 0.999635577 -0.017660253 0.020261275
1695887074.241000 -15.565056801 0.176483616 -2.169660568 0.000698385 0.999214590 -0.013468513 0.037260085
1695887074.743000 -15.553279877 0.175962090 -2.234280348 -0.002108021 0.997326076 -0.019612011 0.070367597
1695887075.139000 -15.542683601 0.175060883 -2.282263994 0.004638074 0.995135009 -0.018503862 0.096656360
1695887075.538000 -15.527311325 0.173038989 -2.329706192 0.006759718 0.988843441 -0.017998781 0.147712648
1695887076.242000 -15.498547554 0.171409726 -2.418271542 0.006604549 0.988314211 -0.021579005 0.150750786
1695887076.735000 -15.469510078 0.169577688 -2.488570213 0.013135508 0.979093969 -0.018611925 0.202128947
1695887077.038000 -15.445845604 0.168386430 -2.527979851 0.011201492 0.968725026 -0.018863712 0.247164935
1695887077.444000 -15.410039902 0.166427046 -2.575597763 0.009602062 0.951808333 -0.024447693 0.305566847
1695887077.642000 -15.390896797 0.165571809 -2.596620560 0.006391337 0.942610025 -0.025958685 0.332823753
1695887077.851000 -15.369878769 0.164731562 -2.617357254 -0.000493002 0.932205558 -0.025507646 0.361028999
1695887078.156000 -15.338169098 0.163855135 -2.644472122 0.002458965 0.915887892 -0.021021809 0.400875807
1695887078.360000 -15.316226959 0.162838608 -2.660284042 0.002650177 0.904428720 -0.020916592 0.426103473
1695887078.661000 -15.282498360 0.162510306 -2.681535721 0.002825631 0.886287868 -0.023859404 0.462511152
1695887078.980000 -15.246117592 0.161829144 -2.701221466 0.006286914 0.865705311 -0.018535655 0.500171304
1695887079.275000 -15.211593628 0.160689741 -2.714998245 0.007381921 0.846023679 -0.015965810 0.532855213
1695887079.591000 -15.173732758 0.159385443 -2.728006363 0.010339454 0.823121488 -0.018557210 0.567467928
1695887079.900000 -15.136837959 0.158915967 -2.737873077 0.008902472 0.799588859 -0.017722612 0.600220144
1695887080.116000 -15.111268997 0.158002377 -2.741256714 0.011088185 0.782727540 -0.012910703 0.622131705
1695887080.305000 -15.089096069 0.157419011 -2.744369507 0.006649773 0.768028200 -0.013455595 0.640240252
1695887080.620000 -15.052061081 0.157137096 -2.747615814 0.004195701 0.748680592 -0.017668650 0.662682116
1695887081.033000 -15.005302429 0.156602859 -2.752294540 0.004672115 0.742932975 -0.009073744 0.669288039
1695887081.339000 -14.970682144 0.155920431 -2.752263069 0.002936755 0.718790531 -0.011013148 0.695133269
1695887081.566000 -14.945323944 0.155646950 -2.750576973 0.003223852 0.700017810 -0.013903016 0.713982761
1695887081.940000 -14.905576706 0.155566588 -2.748531342 0.005367806 0.691049457 -0.016652636 0.722595692
1695887082.275000 -14.870906830 0.155086309 -2.746955872 0.003621092 0.691249371 -0.016944399 0.722408533
1695887082.570000 -14.838080406 0.154506683 -2.745388985 0.003754807 0.691585839 -0.020877790 0.721982718
1695887082.946000 -14.788431168 0.153545439 -2.743006706 0.007313940 0.691108704 -0.019224701 0.722458065
1695887083.277000 -14.744211197 0.152842343 -2.740879059 0.001732545 0.692394078 -0.021167744 0.721206903
1695887083.610000 -14.701171875 0.152146280 -2.739161491 0.001197205 0.692452192 -0.017448636 0.721251726
1695887083.982000 -14.648231506 0.151673973 -2.736869812 0.002519910 0.692076683 -0.020841930 0.721518636
1695887084.238000 -14.611293793 0.151101112 -2.735056877 -0.000760241 0.692093790 -0.018858649 0.721560776
1695887084.597000 -14.559576035 0.150886983 -2.732510567 0.000093123 0.692156315 -0.019401299 0.721486807
1695887084.928000 -14.510136604 0.150435925 -2.729779243 0.000533638 0.692401886 -0.019335175 0.721252739
1695887085.255000 -14.462522507 0.149941027 -2.727638245 0.000166469 0.692420959 -0.019113252 0.721240520
1695887085.600000 -14.415620804 0.149339765 -2.725027084 0.000521542 0.692563117 -0.019089922 0.721104443
1695887085.968000 -14.368285179 0.148578942 -2.724472046 -0.000614591 0.706429660 -0.020174282 0.707495511
1695887086.322000 -14.317301750 0.147937745 -2.723895073 0.000939751 0.708133161 -0.018629240 0.705832481
1695887086.630000 -14.273643494 0.147140071 -2.724144936 0.000413169 0.711486578 -0.019078655 0.702440500
1695887086.979000 -14.220214844 0.146805733 -2.724447250 0.003672980 0.711882949 -0.021056918 0.701972783
1695887087.289000 -14.165655136 0.146177471 -2.724905968 0.003473553 0.711991847 -0.020374367 0.701883495
1695887087.640000 -14.100379944 0.145421639 -2.725132942 0.001287810 0.712202311 -0.013666370 0.701840043
1695887087.944000 -14.042691231 0.144734502 -2.725707054 0.000329639 0.712077975 -0.016754923 0.701900363
1695887088.298000 -13.973873138 0.143814027 -2.726329803 0.002324557 0.712034822 -0.019975718 0.701856136
1695887088.755000 -13.883068085 0.143122017 -2.727231026 0.000167000 0.712133646 -0.019240210 0.701780200
1695887089.073000 -13.819601059 0.142281532 -2.728108406 0.001394329 0.711892426 -0.020532971 0.701986909
1695887089.432000 -13.748712540 0.141109303 -2.728031158 0.000347133 0.712255776 -0.019513473 0.701648653
1695887089.747000 -13.686819077 0.140338197 -2.728675842 0.000853239 0.712290704 -0.019710002 0.701607227
1695887090.078000 -13.621060371 0.139513433 -2.730240822 0.000969312 0.711942554 -0.019143369 0.701976120
1695887090.374000 -13.562778473 0.138137773 -2.728993416 0.000997250 0.712278426 -0.018767422 0.701645374
1695887090.707000 -13.499125481 0.137713388 -2.730708122 0.001409877 0.716439247 -0.019437199 0.697377264
1695887091.001000 -13.441169739 0.136927664 -2.731382370 0.002617732 0.716830492 -0.020330887 0.696946084
1695887091.333000 -13.373586655 0.136260465 -2.732141495 0.001803634 0.717209637 -0.018880399 0.696599364
1695887091.629000 -13.312690735 0.135200977 -2.734429359 0.001593866 0.717041969 -0.019680727 0.696750283
1695887092.039000 -13.228845596 0.133729964 -2.735953331 -0.000066070 0.717962265 -0.019009599 0.695822477
1695887092.349000 -13.169700623 0.133015528 -2.738731384 0.000565979 0.725049257 -0.019634372 0.688416839
1695887092.681000 -13.105361938 0.132415622 -2.741139412 0.001414299 0.725487471 -0.019750385 0.687950552
1695887092.968000 -13.050567627 0.131560266 -2.743448257 0.001424371 0.725728750 -0.019664999 0.687698364
1695887093.293000 -12.985487938 0.130336642 -2.746562004 0.002610548 0.725664973 -0.020864232 0.687726915
1695887093.583000 -12.924981117 0.129660606 -2.748826981 0.000834368 0.726170599 -0.018571654 0.687263191
1695887093.903000 -12.856500626 0.128946215 -2.751815796 0.002886913 0.726351798 -0.020266177 0.687018216
1695887094.103000 -12.814031601 0.128249645 -2.754690170 0.001591327 0.726042926 -0.018951746 0.687386334
1695887094.304000 -12.771437645 0.127691135 -2.756093979 0.001907014 0.726316512 -0.019160977 0.687090635
1695887094.507000 -12.728123665 0.127268136 -2.757921219 0.002547259 0.726505220 -0.019688023 0.686874092
1695887094.707000 -12.686691284 0.126557261 -2.760079384 0.002280139 0.726613164 -0.019144621 0.686776280
1695887094.984000 -12.629284859 0.124892026 -2.763614655 0.003708916 0.726446807 -0.020297050 0.686912894
1695887095.303000 -12.565625191 0.124537185 -2.764114380 0.002459192 0.727801621 -0.019618347 0.685502648
1695887095.624000 -12.501104355 0.123495027 -2.767215729 0.000411097 0.728026450 -0.018751105 0.685292423
1695887095.907000 -12.444490433 0.122512802 -2.771106720 0.001167870 0.727771521 -0.019832097 0.685531855
1695887096.221000 -12.380755424 0.121843219 -2.774561882 0.002504345 0.727723956 -0.021521267 0.685527861
1695887096.649000 -12.294178009 0.120275557 -2.778955460 0.000483180 0.728099465 -0.019994112 0.685179651
1695887096.959000 -12.231307983 0.118643999 -2.782325745 0.000601921 0.728248358 -0.020069461 0.685019135
1695887097.152000 -12.190865517 0.118209332 -2.783519745 0.000574983 0.728473842 -0.020044336 0.684780180
1695887097.467000 -12.128856659 0.117461398 -2.786159515 0.000785537 0.728846312 -0.020013068 0.684384406
1695887097.664000 -12.089792252 0.116680801 -2.789415359 0.000947265 0.728575826 -0.020215806 0.684666157
1695887097.859000 -12.050695419 0.116300136 -2.791352272 0.001281495 0.728703737 -0.020580731 0.684518576
1695887098.168000 -11.990787506 0.115312859 -2.794590950 0.001370713 0.728853345 -0.019672496 0.684385836
1695887098.397000 -11.946721077 0.114546761 -2.797288895 0.001761668 0.728968859 -0.019160660 0.684276462
1695887098.700000 -11.888367653 0.113391995 -2.801038742 0.001481973 0.728762805 -0.020049743 0.684471011
1695887099.003000 -11.831465721 0.112882555 -2.804290771 0.000357922 0.728755653 -0.020266779 0.684473872
1695887099.310000 -11.773819923 0.111997291 -2.806904793 -0.001183520 0.728947580 -0.021114055 0.684242904
1695887099.616000 -11.717049599 0.110994771 -2.809864044 -0.000418212 0.729150116 -0.021400278 0.684019089
1695887099.926000 -11.660863876 0.109939829 -2.810839653 0.002773397 0.708273709 -0.017147943 0.705724180
1695887100.359000 -11.584546089 0.109608591 -2.801471710 -0.000231538 0.664302707 -0.019355481 0.747213006
1695887100.583000 -11.545520782 0.109169036 -2.796810150 -0.001544209 0.663269877 -0.020199904 0.748106062
1695887101.040000 -11.468966484 0.108808994 -2.787199974 -0.002158830 0.663220644 -0.020489808 0.748140275
1695887101.488000 -11.396469116 0.108040318 -2.779839516 -0.002901530 0.674612045 -0.022167522 0.737833798
1695887101.791000 -11.345461845 0.107771635 -2.774318695 -0.003519921 0.675125778 -0.023388768 0.737323403
1695887102.130000 -11.289584160 0.107340276 -2.769081116 -0.004595612 0.675405920 -0.024761155 0.737016022
1695887102.427000 -11.240432739 0.107082307 -2.764067650 -0.005007606 0.675600171 -0.024793306 0.736834168
1695887102.786000 -11.185547829 0.106412321 -2.759269714 -0.005057306 0.674821973 -0.025027281 0.737538695
1695887103.095000 -11.135374069 0.106343478 -2.749631882 -0.002430676 0.644064128 -0.020659881 0.764688611
1695887103.464000 -11.080565453 0.106352970 -2.738649368 -0.005648291 0.636217415 -0.021744724 0.771182656
1695887103.804000 -11.031930923 0.106834933 -2.725564957 -0.003312700 0.608918071 -0.017014341 0.793043733
1695887104.156000 -10.989073753 0.106975041 -2.710021973 0.002440778 0.567391753 -0.016820608 0.823272586
1695887104.508000 -10.947846413 0.107202791 -2.688221931 0.002517304 0.524204254 -0.015148184 0.851454139
1695887104.893000 -10.909002304 0.107386008 -2.663012505 0.003057176 0.479528785 -0.014164086 0.877406478
1695887105.173000 -10.885017395 0.107466705 -2.644524574 0.001645547 0.449548066 -0.012569481 0.893166184
1695887105.459000 -10.862811089 0.107400492 -2.624737501 0.001092112 0.420107573 -0.015577986 0.907339990
1695887105.889000 -10.832044601 0.107436121 -2.592618227 0.004237868 0.374272376 -0.017135639 0.927150786
1695887106.173000 -10.813853264 0.107619904 -2.570066929 0.002907865 0.343856335 -0.019001521 0.938825548
1695887106.607000 -10.790165901 0.108925700 -2.535122633 -0.005352077 0.298466384 -0.022076627 0.954149783
1695887107.030000 -10.771955490 0.109831408 -2.499192715 -0.005189842 0.254703671 -0.015578263 0.966879785
1695887107.486000 -10.755742073 0.110674158 -2.461380005 -0.000646325 0.211183086 -0.019969936 0.977242291
1695887107.912000 -10.743276596 0.111274391 -2.423187494 -0.001378102 0.167089581 -0.012238546 0.985864818
1695887108.450000 -10.728292465 0.111583576 -2.373878479 -0.000032419 0.150993690 -0.018489579 0.988361835
1695887108.987000 -10.714054108 0.112697355 -2.325319529 -0.000271331 0.147439674 -0.013208761 0.988982856
1695887109.548000 -10.705551147 0.113155834 -2.277480125 -0.003501617 0.098570041 -0.010836965 0.995064974
1695887110.075000 -10.698577881 0.114648700 -2.230673075 -0.004993069 0.089893550 -0.013295578 0.995850146
1695887110.619000 -10.691740990 0.115495689 -2.183518648 -0.005151204 0.066605933 -0.009218897 0.997723460
1695887111.249000 -10.686062813 0.116450608 -2.128366470 -0.004085308 0.059962321 -0.009556293 0.998146534
1695887111.783000 -10.683948517 0.117787883 -2.084650755 -0.002986757 0.038082182 -0.011493902 0.999204040
1695887112.166000 -10.681869507 0.118427940 -2.052742720 -0.004856053 0.033891447 -0.008439467 0.999378085
1695887113.014000 -10.681361198 0.120187022 -1.977602124 -0.001200690 0.011759011 -0.012412191 0.999853134
1695887113.370000 -10.680660248 0.121005930 -1.945587277 -0.005093404 0.011100677 -0.010117621 0.999874234
1695887113.996000 -10.679762840 0.122083277 -1.890608311 -0.003215956 0.011125633 -0.011463429 0.999867260
1695887114.604000 -10.678922653 0.123380899 -1.835550904 -0.004821317 0.012696503 -0.009473243 0.999862909
1695887114.976000 -10.677242279 0.124350950 -1.803753018 -0.005134796 0.024618980 -0.008472497 0.999647796
1695887115.338000 -10.675392151 0.124782383 -1.772223234 -0.004413962 0.025093721 -0.007504635 0.999647200
1695887115.701000 -10.673914909 0.125650451 -1.740670681 -0.003015869 0.024921278 -0.009051899 0.999643922
1695887116.124000 -10.672747612 0.126784757 -1.708236575 -0.005251991 0.024161261 -0.008375992 0.999659181
1695887116.483000 -10.671330452 0.127776444 -1.676423430 -0.012005140 0.023686808 -0.008461826 0.999611557
1695887116.958000 -10.669099808 0.128607616 -1.633706212 -0.009106426 0.024005428 -0.011786929 0.999600887
1695887117.429000 -10.667394638 0.129718974 -1.592118263 -0.002027072 0.023762845 -0.010321622 0.999662280
1695887117.784000 -10.666482925 0.130391493 -1.561663985 -0.005105418 0.023725701 -0.011168272 0.999643087
1695887118.268000 -10.664448738 0.131597742 -1.516661406 -0.004474391 0.023424938 -0.012228171 0.999640822
1695887118.781000 -10.663077354 0.132706508 -1.471663117 -0.004102407 0.023767101 -0.012716886 0.999628246
1695887119.279000 -10.660987854 0.133950979 -1.423959970 -0.004843977 0.023824880 -0.012505767 0.999626219
1695887119.751000 -10.659155846 0.134888113 -1.376960754 -0.004609704 0.024021041 -0.012438064 0.999623477
1695887120.346000 -10.657147408 0.136603534 -1.319583535 -0.004572440 0.024330005 -0.012063745 0.999620795
1695887120.961000 -10.654636383 0.137992352 -1.263832092 -0.004633357 0.024320439 -0.011753773 0.999624431
1695887121.570000 -10.652605057 0.139409259 -1.208819032 -0.004764660 0.024560506 -0.011518688 0.999620676
1695887122.287000 -10.649551392 0.141173288 -1.145272732 -0.003916969 0.027910165 -0.012468047 0.999525011
1695887122.875000 -10.646457672 0.142050743 -1.093843341 -0.003464817 0.030738197 -0.011246465 0.999458194
1695887123.636000 -10.643130302 0.143392712 -1.025173068 -0.003107936 0.030256679 -0.009523012 0.999491990
1695887124.355000 -10.639064789 0.145017684 -0.953679264 -0.001329723 0.030254936 -0.010453886 0.999486685
1695887125.055000 -10.634656906 0.146452114 -0.879021287 -0.001493010 0.029472869 -0.011586342 0.999497294
1695887125.772000 -10.630632401 0.148632437 -0.788878083 -0.003619452 0.029797249 -0.013166120 0.999462724
1695887126.506000 -10.625205994 0.150688007 -0.688233256 -0.005312710 0.030183900 -0.012774009 0.999448657
1695887127.107000 -10.621598244 0.152494714 -0.607456386 -0.004726929 0.030317549 -0.012105372 0.999455869
1695887127.690000 -10.616700172 0.154910415 -0.525514066 -0.003363118 0.030389344 -0.011967164 0.999460876
1695887128.388000 -10.610788345 0.157879874 -0.418089807 -0.004691354 0.030491525 -0.011205983 0.999461234
1695887128.992000 -10.605702400 0.160538599 -0.329881579 -0.004011185 0.030748162 -0.012295795 0.999443531
1695887129.810000 -10.598649025 0.163307846 -0.208763957 -0.004680601 0.030347204 -0.013147676 0.999441981
1695887130.274000 -10.594537735 0.164536089 -0.141159728 -0.001729099 0.030434029 -0.011294197 0.999471486
1695887130.620000 -10.591527939 0.165679991 -0.090632491 -0.005308450 0.030692905 -0.012642396 0.999434829
1695887131.101000 -10.588576317 0.167721301 -0.024728131 -0.006876291 0.030600898 -0.012360603 0.999431610
1695887131.454000 -10.585714340 0.169032633 0.028194206 0.000676938 0.030104758 -0.011807727 0.999476790
1695887131.795000 -10.582520485 0.169891164 0.083287448 -0.004290459 0.029825050 -0.011934557 0.999474704
1695887132.255000 -10.578563690 0.171478853 0.156382322 0.000454328 0.030482482 -0.010914870 0.999475598
1695887132.596000 -10.575514793 0.172723949 0.213993177 -0.001906505 0.031103408 -0.010607994 0.999458075
1695887132.939000 -10.572435379 0.174253732 0.271142542 -0.007242396 0.031357046 -0.009534329 0.999436557
1695887133.301000 -10.568815231 0.175328821 0.328683287 -0.002729752 0.030995658 -0.006843764 0.999492407
1695887133.642000 -10.565531731 0.177007407 0.385236651 -0.007038879 0.030137284 -0.006986237 0.999496579
1695887133.983000 -10.562278748 0.178243592 0.444569290 -0.000272320 0.030100565 -0.007611980 0.999517858
1695887134.441000 -10.557037354 0.179986432 0.527013421 -0.004277733 0.030136352 -0.008826243 0.999497712
1695887134.801000 -10.552848816 0.181701362 0.588839889 -0.004605083 0.030028528 -0.007798806 0.999508023
1695887135.137000 -10.551146507 0.183260441 0.647243857 -0.006369752 0.030412795 -0.010183841 0.999465227
1695887135.588000 -10.547322273 0.185157925 0.729585648 -0.000534161 0.031064205 -0.012176520 0.999443114
1695887136.038000 -10.542991638 0.187157899 0.812669814 -0.004881869 0.031227412 -0.009587879 0.999454439
1695887136.487000 -10.539252281 0.189169109 0.894526362 -0.001968507 0.031574138 -0.012595092 0.999420106
1695887136.954000 -10.535984039 0.191008821 0.975729704 -0.004139700 0.032248471 -0.011744036 0.999402344
1695887137.286000 -10.532358170 0.192342371 1.038211226 -0.002435387 0.032213796 -0.009307992 0.999434710
1695887137.619000 -10.528874397 0.193749085 1.103197813 -0.002734247 0.032175921 -0.011772974 0.999409139
1695887138.061000 -10.524237633 0.195720628 1.187084794 -0.006221312 0.032372393 -0.012448004 0.999379039
1695887138.512000 -10.519071579 0.197515219 1.271659136 -0.003451682 0.032226089 -0.013457540 0.999384105
1695887138.979000 -10.512977600 0.199248388 1.354826093 -0.004340389 0.031648096 -0.014948123 0.999377906
1695887139.429000 -10.507701874 0.200373873 1.436153769 -0.004531804 0.031455707 -0.014442243 0.999390543
1695887139.760000 -10.503569603 0.202147990 1.500332832 -0.001807967 0.031428717 -0.014107093 0.999404788
1695887140.090000 -10.500749588 0.203528687 1.565362334 -0.005289865 0.032059748 -0.014289120 0.999369800
1695887140.420000 -10.497531891 0.205260068 1.630364299 -0.003262767 0.032257520 -0.014251460 0.999372661
1695887140.750000 -10.494322777 0.206595734 1.695646644 -0.003925581 0.032978937 -0.013560569 0.999356329
1695887141.096000 -10.490285873 0.208200246 1.759886146 -0.005094694 0.032908354 -0.012618246 0.999365747
1695887141.313000 -10.487693787 0.209347382 1.802042723 -0.005470363 0.033007994 -0.012076034 0.999367177
1695887141.529000 -10.485167503 0.210164204 1.843740106 -0.003712904 0.032922216 -0.012452971 0.999373436
1695887141.862000 -10.481206894 0.211708114 1.905811310 -0.003256146 0.032637410 -0.014272336 0.999360085
1695887142.210000 -10.477218628 0.213056281 1.968042970 -0.004318273 0.032448832 -0.015691467 0.999340892
1695887142.552000 -10.473489761 0.214256793 2.031325579 -0.003884268 0.032521844 -0.015870363 0.999337494
1695887142.872000 -10.469102859 0.215907842 2.093583584 -0.004369313 0.032393642 -0.015472497 0.999345899
1695887143.201000 -10.465472221 0.217197418 2.154754877 -0.004229740 0.032614838 -0.015276616 0.999342322
1695887143.416000 -10.462860107 0.218253881 2.195459366 -0.004235955 0.032536726 -0.015522812 0.999341011
1695887143.738000 -10.459093094 0.219642401 2.256082058 -0.003408237 0.032651763 -0.015615637 0.999338984
1695887144.058000 -10.455087662 0.220990896 2.316534758 -0.004061443 0.032673620 -0.014664350 0.999350250
1695887144.387000 -10.451573372 0.222208917 2.375247717 -0.004395798 0.032745305 -0.014152474 0.999353886
1695887144.718000 -10.448364258 0.223013014 2.434091568 0.000140992 0.033005230 -0.013327349 0.999366343
1695887145.038000 -10.444909096 0.224328652 2.491276503 -0.004574081 0.033052202 -0.013239479 0.999355495
1695887145.458000 -10.439870834 0.226192966 2.565496922 -0.002946094 0.032494251 -0.016055681 0.999338627
1695887145.778000 -10.436379433 0.227055833 2.620053291 -0.004199638 0.032513365 -0.017301874 0.999312699
1695887146.244000 -10.432050705 0.228817746 2.693176746 -0.003965605 0.032820612 -0.016901555 0.999310493
1695887146.581000 -10.428165436 0.230120927 2.747099161 -0.004004899 0.032713447 -0.017185831 0.999309003
1695887147.007000 -10.423932076 0.231484473 2.820553780 -0.002795650 0.032950934 -0.017257124 0.999304056
1695887147.340000 -10.419878006 0.232993871 2.876060009 -0.004509686 0.032758150 -0.017357599 0.999302387
1695887147.776000 -10.415721893 0.234841570 2.950361490 -0.003453885 0.033250052 -0.016512100 0.999304712
1695887148.089000 -10.412116051 0.236067012 3.004117727 -0.004301746 0.033224016 -0.015838435 0.999313176
1695887148.409000 -10.408358574 0.237266749 3.057703495 -0.004077279 0.033035200 -0.015513662 0.999325454
1695887148.732000 -10.405660629 0.238601208 3.112051964 -0.001336259 0.033292413 -0.015573722 0.999323428
1695887149.164000 -10.401400566 0.240110874 3.183768272 -0.004035175 0.033229806 -0.017091438 0.999293447
1695887149.499000 -10.398641586 0.241308033 3.236266613 -0.003791283 0.033985302 -0.018334107 0.999246955
1695887149.805000 -10.395330429 0.242547482 3.287754059 -0.003826767 0.034009509 -0.018388378 0.999244988
1695887150.111000 -10.392107010 0.243613079 3.338732958 -0.003859093 0.033899862 -0.017706979 0.999260962
1695887150.523000 -10.387945175 0.244923100 3.405357838 -0.004023308 0.033644728 -0.017583106 0.999271095
1695887151.052000 -10.382293701 0.246992096 3.488725662 -0.003896076 0.033160206 -0.016986912 0.999298096
1695887151.790000 -10.378395081 0.249889389 3.603673458 -0.003877113 0.033565722 -0.015516073 0.999308586
1695887152.197000 -10.373513222 0.252687722 3.668546200 -0.005399779 0.014213931 -0.012395058 0.999807537
1695887152.906000 -10.368759155 0.249897987 3.774778366 -0.005032880 0.048492867 -0.018643752 0.998636842
1695887153.341000 -10.359173775 0.253790319 3.832078695 -0.000402269 0.125451386 -0.016427547 0.991963685
1695887153.800000 -10.338581085 0.254618943 3.886061192 -0.003542673 0.201905757 -0.015600746 0.979274273
1695887154.153000 -10.317133904 0.255171597 3.923957586 0.000349443 0.258718938 -0.017497966 0.965794086
1695887154.514000 -10.292554855 0.256678164 3.959811211 -0.001962167 0.314971894 -0.017479604 0.948938012
1695887154.760000 -10.274572372 0.255930871 3.970993280 -0.003634127 0.349621564 -0.021877289 0.936628520
1695887155.120000 -10.244078636 0.256019056 4.004427433 0.000567421 0.402904719 -0.025121810 0.914896905
1695887155.377000 -10.221714020 0.255176246 4.023428917 0.001074726 0.437386483 -0.028155157 0.898832142
1695887155.607000 -10.198480606 0.254537761 4.042413712 0.000984387 0.471624553 -0.028587773 0.881335378
1695887155.859000 -10.173118591 0.254660994 4.057467461 0.002746061 0.504300058 -0.027987629 0.863070488
1695887156.188000 -10.135446548 0.252832294 4.074318886 0.005806427 0.550870299 -0.029179767 0.834060371
1695887156.613000 -10.086915970 0.251181394 4.095010281 0.011050533 0.568274975 -0.024253985 0.822406948
1695887156.924000 -10.049964905 0.250154644 4.105812073 0.010960628 0.585940361 -0.025664531 0.809873581
1695887157.235000 -10.014358521 0.249067321 4.113561153 0.009322193 0.623548806 -0.026612191 0.781275749
1695887157.432000 -9.990741730 0.248122633 4.118145466 0.009702064 0.636972010 -0.022010896 0.770511568
1695887157.886000 -9.938634872 0.246911645 4.128623962 0.009554056 0.638338089 -0.020923747 0.769412458
1695887158.218000 -9.897796631 0.245745957 4.133612633 0.009583016 0.652414918 -0.023596581 0.757433951
1695887158.416000 -9.874862671 0.244758904 4.136071682 0.008660443 0.673840761 -0.024276955 0.738426924
1695887158.748000 -9.836302757 0.243964449 4.138906002 0.010727035 0.680641294 -0.020888058 0.732240438
1695887159.077000 -9.796407700 0.242836237 4.142285824 0.010768050 0.680522799 -0.022310432 0.732308030
1695887159.384000 -9.759284973 0.241750032 4.143746376 0.009664575 0.696413636 -0.024340276 0.717162609
1695887159.729000 -9.719020844 0.240357712 4.145564556 0.012264694 0.699572802 -0.022097833 0.714114249
1695887159.948000 -9.694375992 0.239856094 4.146684647 0.012329889 0.699515939 -0.022502182 0.714156210
1695887160.189000 -9.667910576 0.238679662 4.147693634 0.012751421 0.699461162 -0.022341024 0.714207590
1695887160.509000 -9.627015114 0.237118289 4.149019241 0.014797030 0.699293315 -0.023862049 0.714283288
1695887160.856000 -9.578044891 0.235799357 4.149857998 0.012417568 0.698955894 -0.021745916 0.714726329
1695887161.158000 -9.533326149 0.234143063 4.151287079 0.012784956 0.698688805 -0.021789923 0.714979529
1695887161.585000 -9.473455429 0.231957301 4.154039860 0.013225931 0.698619485 -0.022362920 0.715021551
1695887162.015000 -9.409626007 0.229551256 4.156127930 0.010540150 0.698383331 -0.018954048 0.715395331
1695887162.437000 -9.347054482 0.227790937 4.158313751 0.011928647 0.698146105 -0.020330667 0.715567172
1695887162.779000 -9.297494888 0.226153150 4.159741879 0.012230752 0.697896242 -0.021130916 0.715782583
1695887163.083000 -9.252447128 0.224651188 4.161305428 0.011748618 0.697628260 -0.020538921 0.716069162
1695887163.420000 -9.204521179 0.223270118 4.162893772 0.011069315 0.697242379 -0.020590601 0.716454148
1695887163.848000 -9.143968582 0.221366987 4.164656162 0.012087686 0.697089195 -0.021321744 0.716565371
1695887164.273000 -9.085090637 0.219325125 4.166689873 0.012533540 0.696939945 -0.021373430 0.716701329
1695887164.714000 -9.026042938 0.217400283 4.168936729 0.013024507 0.696641743 -0.021076865 0.716991186
1695887165.211000 -8.959291458 0.215146020 4.171224594 0.013100510 0.696247518 -0.020933433 0.717376888
1695887165.749000 -8.889455795 0.212801099 4.173958778 0.012916530 0.696001410 -0.021054134 0.717615485
1695887166.165000 -8.835927010 0.211034551 4.176484108 0.012063486 0.695887566 -0.019957576 0.717772007
1695887166.790000 -8.757014275 0.208979949 4.179320812 0.011943103 0.695513129 -0.019206211 0.718157351
1695887167.285000 -8.695604324 0.206835508 4.181979179 0.016822414 0.695017099 -0.024693176 0.718372107
1695887167.824000 -8.626043320 0.204309821 4.184653759 0.011236952 0.694790840 -0.019633889 0.718855977
1695887168.319000 -8.556594849 0.202283382 4.187074184 0.014287782 0.694295526 -0.022551654 0.719194710
1695887168.938000 -8.459127426 0.199161738 4.190614700 0.013708591 0.693869412 -0.021203140 0.719658077
1695887169.485000 -8.363275528 0.195957422 4.193975449 0.014048506 0.693331361 -0.021462759 0.720162213
1695887170.168000 -8.228456497 0.191517711 4.200040817 0.013223350 0.692968488 -0.020014806 0.720568717
1695887170.767000 -8.113214493 0.188548341 4.205804348 0.012316684 0.692785680 -0.018982755 0.720788419
