1695436614.672000 0.000000000 0.000000000 0.000000000 -0.000000000 -0.000000000 -0.000000000 1.000000000
1695436616.821000 -0.013471540 0.001060883 0.092132740 0.000911963 -0.042454202 0.004047458 0.999089777
1695436616.970000 -0.016424645 0.001497130 0.113493375 0.001129707 -0.046412725 0.002016413 0.998919666
1695436617.045000 -0.017742030 0.001374250 0.124260537 0.001315076 -0.046585720 0.001955276 0.998911560
1695436617.121000 -0.018611593 0.001835608 0.136038661 0.000949140 -0.046826500 0.002494686 0.998899460
1695436617.197000 -0.019932833 0.002044743 0.148624107 0.000867774 -0.046754468 0.002950841 0.998901665
1695436617.276000 -0.021181537 0.002274688 0.161548316 0.000741600 -0.046747260 0.003472622 0.998900473
1695436617.360000 -0.022679262 0.002487103 0.175300822 0.001092226 -0.046652894 0.003605463 0.998904109
1695436617.561000 -0.026470739 0.002949050 0.208963722 0.000437675 -0.047848046 0.004157687 0.998845935
1695436617.739000 -0.034346815 0.003504563 0.249245167 0.000405210 -0.063133501 0.005713682 0.997988701
1695436617.891000 -0.039752569 0.004264794 0.284409314 0.000134590 -0.065256104 0.004295142 0.997859299
1695436618.039000 -0.044839595 0.004891825 0.319837451 0.000908053 -0.065724112 0.003980529 0.997829497
1695436618.189000 -0.050366040 0.005695001 0.357046783 0.001021779 -0.065947697 0.004014754 0.997814476
1695436618.336000 -0.058963869 0.006037792 0.395625204 0.000959416 -0.077746995 0.006551525 0.996951163
1695436618.480000 -0.070037358 0.006810883 0.434938163 0.000306829 -0.096463107 0.007173583 0.995310664
1695436618.621000 -0.078544833 0.007461417 0.476396471 0.001041734 -0.099010184 0.006202306 0.995066583
1695436618.761000 -0.087049291 0.008323539 0.517217040 0.001102132 -0.099394597 0.004998875 0.995034933
1695436618.901000 -0.096306875 0.008961393 0.561102986 0.001649985 -0.099469572 0.005026216 0.995026529
1695436619.040000 -0.105848983 0.009971037 0.605623543 0.001160451 -0.099453010 0.005304141 0.995027423
1695436619.180000 -0.115217835 0.010989124 0.652768672 0.001012941 -0.099917799 0.006014408 0.994977057
1695436619.321000 -0.125327334 0.011855903 0.702269256 0.000289010 -0.100200482 0.005611223 0.994951427
1695436619.460000 -0.135698304 0.012321801 0.752436638 0.000596651 -0.100512221 0.005509717 0.994920433
1695436619.666000 -0.156644776 0.013830501 0.830250978 0.000330053 -0.119163021 0.008547758 0.992837846
1695436619.875000 -0.179092467 0.015438060 0.912561238 0.000986549 -0.125836402 0.007263352 0.992023945
1695436620.013000 -0.193819210 0.016115895 0.966710329 0.001368453 -0.126194477 0.005712979 0.991988122
1695436620.217000 -0.217778936 0.017736638 1.054686427 0.001083495 -0.126239255 0.004498750 0.991989076
1695436620.353000 -0.233625948 0.018598607 1.113326311 0.001216202 -0.126291260 0.004418533 0.991982639
1695436620.556000 -0.258268654 0.020218996 1.204835892 0.001641889 -0.126454413 0.005011775 0.991958380
1695436620.761000 -0.282553077 0.021372864 1.303136468 0.001282076 -0.127124339 0.005311368 0.991871774
1695436621.058000 -0.320225179 0.022643631 1.449695230 0.001206366 -0.127893656 0.005902060 0.991769612
1695436621.189000 -0.339150667 0.023210980 1.516733289 0.001388391 -0.127780750 0.005398129 0.991786778
1695436621.450000 -0.376492471 0.025917474 1.655603766 0.002125822 -0.128281862 0.006473241 0.991714358
1695436621.711000 -0.415172607 0.027406104 1.799392581 -0.000825253 -0.129168659 0.006368831 0.991601884
1695436621.969000 -0.454976499 0.032273643 1.948403120 -0.004986617 -0.129792094 0.002197329 0.991526246
1695436622.165000 -0.487051934 0.031473346 2.061154366 0.010530625 -0.129413486 0.002807270 0.991530836
1695436622.419000 -0.528165102 0.034627426 2.218262672 0.002759736 -0.130349174 0.003137041 0.991459370
1695436622.671000 -0.567352772 0.038264744 2.370163202 -0.008421119 -0.131787136 -0.004600391 0.991231620
1695436622.861000 -0.598215401 0.041430864 2.484539986 -0.004951546 -0.131622046 0.001373998 0.991286635
1695436623.118000 -0.640543342 0.041505966 2.637100935 0.002472941 -0.131363079 0.008336036 0.991296232
1695436623.246000 -0.660528541 0.043002989 2.710492373 -0.001996903 -0.131670162 0.009378900 0.991247237
1695436623.372000 -0.681642771 0.045220464 2.786857605 -0.003724314 -0.132132560 0.007906641 0.991193533
1695436623.497000 -0.702992558 0.046065696 2.858780146 -0.003068812 -0.132003948 0.005575846 0.991228759
1695436623.682000 -0.732586443 0.048378423 2.967021704 -0.001188087 -0.132645652 0.004736953 0.991151512
1695436623.806000 -0.752057612 0.049435068 3.037454605 -0.002395852 -0.132946908 0.003872585 0.991112709
1695436623.929000 -0.771936417 0.050923884 3.109432697 -0.001832939 -0.133306772 0.003692903 0.991066277
1695436624.052000 -0.790647924 0.052206423 3.178964615 -0.001058761 -0.133685544 0.003793935 0.991016030
1695436624.174000 -0.810647845 0.053767227 3.248142004 -0.001131683 -0.133606821 0.004236287 0.991024733
1695436624.297000 -0.829725266 0.055939998 3.316698074 -0.000866558 -0.133737117 0.003712560 0.991009533
1695436624.481000 -0.859008908 0.057169028 3.421323776 -0.001344976 -0.133971259 0.002561778 0.990981042
1695436624.664000 -0.889199376 0.058306668 3.522736311 -0.001445073 -0.133129865 0.001750299 0.991096020
1695436624.843000 -0.916521370 0.060404252 3.621410370 -0.000538158 -0.133365020 0.000905413 0.991066456
1695436625.023000 -0.943856776 0.062012717 3.722199917 -0.000913883 -0.133728713 0.000571660 0.991017401
1695436625.142000 -0.961342573 0.062867098 3.787195206 0.000836590 -0.134237677 0.000281339 0.990948796
1695436625.261000 -0.980204999 0.063006923 3.850681067 0.002456841 -0.133831009 0.000301365 0.991001070
1695436625.440000 -1.007428050 0.065376855 3.946524382 0.001138938 -0.134042129 -0.001031788 0.990974426
1695436625.558000 -1.025411963 0.067000866 4.009952068 -0.000609516 -0.134021372 -0.002454261 0.990975261
1695436625.676000 -1.043225288 0.067708664 4.072229385 -0.001609879 -0.133982912 -0.003270860 0.990976930
1695436625.792000 -1.060799003 0.069307908 4.134317875 -0.000045445 -0.134090871 -0.003310011 0.990963519
1695436625.908000 -1.077405453 0.069922641 4.195543766 0.000609263 -0.134374097 -0.003485033 0.990924358
1695436625.966000 -1.085749626 0.070196442 4.225588799 0.000831431 -0.134503841 -0.003782434 0.990905523
1695436626.083000 -1.103446841 0.071149074 4.287267685 0.000788731 -0.134568363 -0.004135869 0.990895391
1695436626.199000 -1.121494293 0.072393969 4.347455978 0.000374529 -0.134385079 -0.004581609 0.990918517
1695436626.316000 -1.139013767 0.073435664 4.409816742 0.000864677 -0.134694651 -0.003478389 0.990880668
1695436626.433000 -1.156788230 0.074319310 4.473001480 0.002047198 -0.134788096 -0.002410637 0.990869403
1695436626.550000 -1.174296498 0.075164855 4.535375118 0.002425177 -0.135037541 -0.001364933 0.990836561
1695436626.667000 -1.192911386 0.075525016 4.600748539 0.002872291 -0.135011867 -0.000835497 0.990839481
1695436626.785000 -1.212660193 0.076595083 4.665608883 0.002151435 -0.134766638 -0.001582615 0.990873754
1695436626.903000 -1.231088519 0.078589231 4.730487347 0.000474686 -0.135019720 -0.002987664 0.990838289
1695436627.020000 -1.249680758 0.080004424 4.794999123 -0.000673707 -0.135054260 -0.004702849 0.990826786
1695436627.195000 -1.277710438 0.081597477 4.890380859 -0.000204915 -0.134758368 -0.004562542 0.990867972
1695436627.369000 -1.303242922 0.082865581 4.985363483 0.000823507 -0.128289357 -0.005309529 0.991722226
1695436627.543000 -1.328151107 0.084556140 5.079291344 0.000845446 -0.124687634 -0.005647147 0.992179632
1695436627.660000 -1.344342351 0.085344583 5.141718864 0.000373202 -0.124231726 -0.004397910 0.992243409
1695436627.833000 -1.368687034 0.087069333 5.234841347 0.000355885 -0.123864949 -0.002597692 0.992295623
1695436627.945000 -1.384620428 0.088068500 5.295403004 0.000695538 -0.123632886 -0.001102704 0.992327154
1695436628.115000 -1.408082843 0.089063093 5.385876656 0.002344891 -0.123831429 -0.000528503 0.992300332
1695436628.228000 -1.424059868 0.089932568 5.445941448 0.001897606 -0.123919211 -0.001568950 0.992289245
1695436628.342000 -1.439078212 0.091192096 5.505684853 0.000164729 -0.124079593 -0.003436332 0.992266297
1695436628.455000 -1.455092311 0.092072882 5.566663742 0.000493814 -0.124073729 -0.004158553 0.992264211
1695436628.571000 -1.472331285 0.093352623 5.630243301 0.001607863 -0.123793781 -0.003938495 0.992298841
1695436628.686000 -1.486841559 0.094067566 5.690221786 0.001405096 -0.124036431 -0.003452992 0.992270708
1695436628.800000 -1.503380418 0.095648363 5.751746655 0.000689479 -0.123962723 -0.003140984 0.992281735
1695436628.918000 -1.519183397 0.096532814 5.813565731 0.000098276 -0.124015145 -0.002808686 0.992276371
1695436629.034000 -1.534094810 0.098018236 5.873610973 0.000318002 -0.124164268 -0.002846961 0.992257535
1695436629.204000 -1.559267998 0.100199908 5.964659691 0.001435191 -0.123792157 -0.002338097 0.992304385
1695436629.376000 -1.581582427 0.099949971 6.054928303 0.003622274 -0.123929329 -0.004011886 0.992276311
1695436629.489000 -1.597835302 0.101478592 6.114526272 0.006189002 -0.123587534 -0.004094284 0.992305934
1695436629.660000 -1.622707009 0.102451026 6.207054615 0.004132691 -0.122838899 -0.005078950 0.992405057
1695436629.773000 -1.639062524 0.103443533 6.269965172 0.003801363 -0.122685544 -0.003942873 0.992430508
1695436629.988000 -1.671956539 0.106069781 6.397575378 0.001471457 -0.122625135 -0.003701373 0.992445052
1695436630.161000 -1.696119428 0.107764632 6.494402885 0.003440027 -0.123089366 -0.003663963 0.992382884
1695436630.271000 -1.713531256 0.107815683 6.559055328 0.004855376 -0.122772716 -0.003179448 0.992417872
1695436630.437000 -1.738955855 0.108234614 6.657490730 0.009267902 -0.122840926 -0.000297493 0.992383063
1695436630.604000 -1.765504241 0.107872173 6.760016441 0.011638394 -0.122743800 0.001445383 0.992369115
1695436630.768000 -1.791810989 0.111312956 6.862665653 -0.002547885 -0.123086497 -0.002064112 0.992390573
1695436630.934000 -1.819384933 0.115627423 6.968150616 -0.009950330 -0.123026893 -0.002324169 0.992350757
1695436631.042000 -1.836674571 0.117830530 7.037753582 -0.005170811 -0.123208322 -0.001142390 0.992366731
1695436631.205000 -1.865695953 0.117893487 7.140852451 0.004709296 -0.122359864 0.000434014 0.992474556
1695436631.368000 -1.891465306 0.117432334 7.245820045 0.009939451 -0.123078875 -0.002875744 0.992342949
1695436631.529000 -1.919311643 0.119404741 7.347455502 -0.000327368 -0.122444347 -0.006144057 0.992456317
1695436631.693000 -1.946548939 0.122274369 7.452336788 -0.003726877 -0.122078635 -0.004954858 0.992501080
1695436631.857000 -1.972409606 0.122940302 7.554042816 0.002612066 -0.121829741 -0.002066877 0.992545426
1695436631.967000 -1.989859104 0.123440161 7.623199463 0.004851947 -0.121758908 -0.000526021 0.992547691
1695436632.188000 -2.023892164 0.125559047 7.758526325 0.001880160 -0.122071274 0.001136064 0.992518902
1695436632.346000 -2.049745321 0.126760826 7.857336044 0.000161958 -0.122178957 0.000803666 0.992507756
1695436632.511000 -2.074956656 0.128040493 7.956968784 0.002754455 -0.122671515 0.001184064 0.992442787
1695436632.622000 -2.093053102 0.128229722 8.026279449 0.004459272 -0.122483492 0.001579398 0.992459297
1695436632.776000 -2.119903326 0.129609779 8.125898361 0.004651446 -0.122517161 0.000694544 0.992455244
1695436632.935000 -2.148634434 0.132029399 8.228218079 0.000020388 -0.122081228 -0.001141291 0.992519438
1695436633.093000 -2.174203396 0.134620130 8.330309868 -0.000371327 -0.122676052 -0.000597687 0.992446542
1695436633.197000 -2.191970110 0.135189086 8.398575783 0.002073570 -0.122630261 0.000605814 0.992450118
1695436633.355000 -2.220633268 0.136514857 8.503173828 0.005396656 -0.122359335 0.002491503 0.992468059
1695436633.462000 -2.239589691 0.136995956 8.575464249 0.005829920 -0.122381471 0.002931352 0.992461741
1695436633.564000 -2.258901358 0.138418838 8.648550034 0.004149058 -0.122215182 0.002010713 0.992492914
1695436633.668000 -2.278230667 0.139380753 8.720398903 0.003410590 -0.121924259 0.001813934 0.992531896
1695436633.773000 -2.296907187 0.140454262 8.791895866 0.002637934 -0.121951021 0.001515161 0.992531478
1695436633.878000 -2.316636801 0.141375169 8.867534637 0.003239190 -0.121976070 0.001159610 0.992527068
1695436633.980000 -2.335968494 0.142396972 8.942413330 0.003127445 -0.122172773 0.000477732 0.992503822
1695436634.136000 -2.365481138 0.142680794 9.054459572 0.005937317 -0.122154146 0.000772193 0.992493153
1695436634.240000 -2.386152267 0.143686071 9.128218651 0.005478398 -0.121720903 0.001211765 0.992548525
1695436634.345000 -2.407544374 0.144484192 9.204392433 0.004570012 -0.121353500 0.001812709 0.992597163
1695436634.448000 -2.428858757 0.146320462 9.279664993 0.003214609 -0.121148020 0.002636852 0.992625773
1695436634.769000 -2.405886173 0.140547454 9.359609604 -0.001423441 -0.125590637 0.000934618 0.992080688
1695436634.871000 -2.429172754 0.142993659 9.427765846 -0.000743675 -0.124551155 0.000189298 0.992212892
1695436635.122000 -2.481110573 0.146848693 9.615655899 -0.000401543 -0.123447761 -0.000428738 0.992350876
1695436635.274000 -2.510659933 0.147968605 9.727426529 0.000142335 -0.123526886 0.000557822 0.992341042
1695436635.445000 -2.544286728 0.150405034 9.851822853 0.000569530 -0.123125106 0.001013722 0.992390513
1695436635.593000 -2.572762251 0.152089089 9.960054398 0.000490997 -0.123114236 0.000673503 0.992392182
1695436635.692000 -2.591225386 0.153552815 10.031084061 0.000431764 -0.123295426 0.000828076 0.992369592
1695436635.813000 -2.614631414 0.155117124 10.117282867 0.000308606 -0.122981213 0.001037735 0.992408395
1695436636.030000 -2.656289577 0.156826138 10.271531105 0.004966778 -0.121883690 -0.000925954 0.992531538
1695436636.129000 -2.674135208 0.157471269 10.339694023 0.006846204 -0.121420436 -0.000430316 0.992577493
1695436636.297000 -2.704171658 0.159206331 10.455898285 0.001752940 -0.121181376 0.000323544 0.992628813
1695436636.345000 -2.713136673 0.160079241 10.489654541 0.000475380 -0.120918989 0.000933426 0.992661893
1695436636.463000 -2.733126402 0.161055714 10.567961693 -0.001648941 -0.120759942 0.000830022 0.992680013
1695436636.561000 -2.750225782 0.162270576 10.635074615 -0.000560442 -0.120873533 0.001231990 0.992667019
1695436636.727000 -2.781457901 0.164225608 10.748958588 0.001469375 -0.119994365 0.001822110 0.992771804
1695436636.824000 -2.797411919 0.165311113 10.814516068 0.001930421 -0.120094351 0.001619718 0.992759287
1695436636.942000 -2.816880941 0.166272327 10.894898415 0.000955642 -0.120128579 0.001598552 0.992756605
1695436637.107000 -2.845217466 0.168390855 11.005393028 -0.000540693 -0.120099008 0.000288976 0.992761731
1695436637.225000 -2.865782499 0.169756487 11.084171295 0.000547364 -0.119896881 -0.001442582 0.992785156
1695436637.387000 -2.894201040 0.171352848 11.192501068 0.003904444 -0.119477488 -0.002780750 0.992825329
1695436637.483000 -2.908714294 0.170371741 11.255501747 0.004760633 -0.119977705 -0.001891124 0.992763400
1695436637.597000 -2.929478884 0.171902373 11.332153320 0.004380346 -0.118855633 0.000193543 0.992901862
1695436637.716000 -2.945629120 0.173065901 11.409582138 0.002198816 -0.109271005 -0.003373991 0.994003892
1695436637.883000 -2.965534925 0.175255671 11.519785881 0.001632630 -0.082434304 -0.011773469 0.996525645
1695436637.978000 -2.976742029 0.175826430 11.581689835 0.001580941 -0.076607630 -0.013590345 0.996967435
1695436638.094000 -2.989268541 0.177136779 11.658308029 0.003469287 -0.072603673 -0.008187959 0.997321248
1695436638.211000 -3.000749350 0.176523328 11.733389854 0.008629909 -0.068937972 -0.009034119 0.997542739
1695436638.307000 -3.010243893 0.176703095 11.796452522 0.008434557 -0.071996264 -0.001602475 0.997367978
1695436638.423000 -3.025376797 0.178072736 11.870578766 0.002205732 -0.088428371 0.008359977 0.996045053
1695436638.540000 -3.040101051 0.179893643 11.946335793 -0.001774737 -0.095557600 0.013547006 0.995330155
1695436638.654000 -3.054051638 0.181467459 12.018270493 -0.002582068 -0.098947972 0.013112030 0.995002866
1695436638.926000 -3.080235243 0.182300612 12.144997597 0.003719395 -0.101500966 0.008388246 0.994793117
1695436638.972000 -3.086122513 0.182699800 12.173649788 0.003374459 -0.101851486 0.007766210 0.994763613
1695436639.086000 -3.102116108 0.182891160 12.244282722 0.000859464 -0.101738974 0.006533457 0.994789302
1695436639.201000 -3.116992712 0.184851855 12.316929817 -0.001220924 -0.102326937 0.006608040 0.994728148
1695436639.314000 -3.131849051 0.185678437 12.386137962 -0.001574207 -0.102255769 0.006523358 0.994735479
1695436639.429000 -3.147476435 0.186933815 12.457476616 -0.000011969 -0.102141030 0.006700355 0.994747400
1695436639.542000 -3.162690878 0.187220156 12.527274132 0.002522493 -0.102243014 0.007331531 0.994729221
1695436639.656000 -3.178565741 0.187743589 12.597261429 0.004604338 -0.105780520 0.009065096 0.994337559
1695436639.832000 -3.204694986 0.189530492 12.709405899 0.004393221 -0.107208654 0.010299967 0.994173467
1695436639.941000 -3.219653606 0.190487534 12.779720306 0.002842546 -0.108265184 0.009691396 0.994070768
1695436640.093000 -3.242824316 0.191735715 12.878805161 0.003468885 -0.108250260 0.008337223 0.994082689
1695436640.204000 -3.259969473 0.192197651 12.951436043 0.003578536 -0.108986884 0.006639507 0.994014621
1695436640.311000 -3.277276278 0.192801386 13.024271011 0.003362152 -0.119453013 0.008394660 0.992798686
1695436640.484000 -3.308701277 0.194366217 13.139502525 0.002793858 -0.127012551 0.011636720 0.991828918
1695436640.593000 -3.329590082 0.195506006 13.213371277 0.002715127 -0.128827646 0.011954027 0.991591275
1695436640.700000 -3.349390030 0.196434423 13.284996986 0.003639265 -0.130280152 0.011839702 0.991399884
1695436640.849000 -3.378975868 0.198156759 13.391074181 0.004188775 -0.132078141 0.009958195 0.991180480
1695436640.959000 -3.402458191 0.198779762 13.466406822 0.004407695 -0.131546095 0.009771491 0.991252124
1695436641.228000 -3.464312792 0.202074274 13.668469429 0.001864941 -0.132505983 0.009525248 0.991134703
1695436641.333000 -3.483219385 0.200546816 13.739045143 -0.000823257 -0.132653072 0.004160936 0.991153479
1695436641.543000 -3.516892910 0.201199844 13.862070084 0.000062084 -0.131993383 0.006308591 0.991230547
1695436641.858000 -3.564682961 0.201227859 14.045937538 0.002244518 -0.132034868 0.006764724 0.991219461
1695436642.129000 -3.609151363 0.204259723 14.202241898 0.001304240 -0.132281184 0.005561281 0.991195798
1695436642.273000 -3.632256269 0.204631940 14.282915115 0.001112216 -0.132391974 0.003953803 0.991188943
1695436642.579000 -3.681277990 0.207531556 14.454479218 0.002304464 -0.132071078 0.004638619 0.991226733
1695436642.784000 -3.712361336 0.208721638 14.568380356 0.002475308 -0.132617638 0.005556191 0.991148651
1695436642.887000 -3.729158878 0.208848998 14.626579285 0.001851865 -0.132440075 0.005707760 0.991172850
1695436643.053000 -3.755235195 0.210057467 14.718387604 0.001805145 -0.132182911 0.005884487 0.991206229
1695436643.197000 -3.777419806 0.211110801 14.799865723 0.001715179 -0.132904112 0.004866812 0.991115510
1695436643.357000 -3.802800894 0.212214231 14.887216568 0.001613891 -0.132731840 0.002522387 0.991147459
1695436643.652000 -3.849503994 0.212926075 15.051301003 0.005616591 -0.132495806 0.004240251 0.991158605
1695436643.752000 -3.865525961 0.213490754 15.107206345 0.005351702 -0.132477939 0.004790278 0.991159976
1695436643.911000 -3.891679287 0.214494377 15.197816849 0.003282094 -0.132301658 0.003885790 0.991196454
1695436644.011000 -3.907681227 0.215296760 15.252935410 0.002320823 -0.132209733 0.003480207 0.991212964
1695436644.113000 -3.924855709 0.216169506 15.310528755 0.002157704 -0.131776184 0.002862361 0.991272986
1695436644.210000 -3.939624786 0.216360882 15.364474297 0.002184602 -0.131718501 0.001648405 0.991283357
1695436644.308000 -3.953623772 0.216800019 15.418255806 0.001722200 -0.132126138 0.000831587 0.991231084
1695436644.405000 -3.969005585 0.217839241 15.471918106 0.001255686 -0.128837138 -0.001004329 0.991664469
1695436644.559000 -3.989590883 0.219603106 15.556946754 0.000697639 -0.116466083 -0.006766002 0.993171394
1695436644.715000 -4.011036873 0.219685093 15.642569542 0.006119341 -0.111710042 -0.009674409 0.993674934
1695436644.875000 -4.031233788 0.220054463 15.728504181 0.007838994 -0.109516717 -0.008478624 0.993917882
1695436644.972000 -4.043089867 0.220947132 15.781263351 0.002902345 -0.108988889 -0.005071199 0.994025826
1695436645.071000 -4.056090832 0.221981421 15.833977699 0.001099506 -0.107983336 -0.003910148 0.994144440
1695436645.183000 -4.070304871 0.222760499 15.895592690 0.001810119 -0.107573815 -0.002988579 0.994190991
1695436645.280000 -4.081401825 0.222994685 15.946714401 0.004345637 -0.107757203 -0.001839083 0.994166017
1695436645.433000 -4.100709438 0.223454610 16.030378342 0.002493988 -0.107395180 -0.002470464 0.994210243
1695436645.584000 -4.119381428 0.223431572 16.113063812 0.007673375 -0.106988527 0.000974303 0.994230151
1695436645.738000 -4.137942314 0.224145919 16.196397781 0.006217515 -0.106412947 0.006563689 0.994280934
1695436645.833000 -4.149313927 0.224905178 16.247438431 0.000488280 -0.106755622 0.006697843 0.994262636
1695436645.987000 -4.169780254 0.225706935 16.328842163 -0.000247412 -0.106096588 0.000962545 0.994355321
1695436646.195000 -4.194086075 0.226370126 16.439531326 0.006154652 -0.105998419 -0.004533392 0.994336963
1695436646.387000 -4.216653347 0.226692945 16.541362762 0.006234131 -0.105731845 0.000796129 0.994374812
1695436646.486000 -4.229162216 0.227921262 16.591022491 0.004979328 -0.109953925 0.003689960 0.993917406
1695436646.636000 -4.249153614 0.228552982 16.671167374 0.002353772 -0.119627565 0.004567476 0.992805541
1695436646.785000 -4.268292904 0.229558244 16.745861053 -0.001071369 -0.122541592 0.004388120 0.992453098
1695436646.982000 -4.295066833 0.230110377 16.845027924 0.007081416 -0.123678982 0.000777380 0.992296755
1695436647.132000 -4.315711975 0.231036305 16.919111252 0.005175377 -0.123368137 0.001283161 0.992346644
1695436647.294000 -4.337174892 0.232161343 16.999185562 0.000691861 -0.123342104 0.003255477 0.992358625
1695436647.495000 -4.363658428 0.233353898 17.098926544 0.003318269 -0.123727202 0.002380975 0.992307842
1695436647.641000 -4.382870197 0.233623073 17.169446945 0.005064532 -0.123443581 0.002174207 0.992336273
1695436647.839000 -4.408151150 0.234444380 17.265691757 0.004449740 -0.123342238 0.002810038 0.992350221
1695436647.929000 -4.419774532 0.234710634 17.309453964 0.004040883 -0.123215154 0.002937209 0.992367446
1695436648.036000 -4.433565140 0.235201389 17.360807419 0.004275491 -0.123134539 0.003365161 0.992375076
1695436648.196000 -4.453277588 0.234279484 17.436546326 0.012273121 -0.123198248 0.004037060 0.992298007
1695436648.340000 -4.471619129 0.234534621 17.503904343 0.010909400 -0.122639917 0.003250335 0.992385924
1695436648.485000 -4.489731312 0.236002758 17.572484970 0.003480519 -0.122647434 0.001724406 0.992442727
1695436648.589000 -4.502734661 0.236682147 17.621530533 0.001663643 -0.122275516 0.001393804 0.992493868
1695436648.785000 -4.526321888 0.237440869 17.711341858 0.004252233 -0.121890001 0.001903700 0.992532670
1695436648.946000 -4.545176506 0.237178937 17.783962250 0.005411247 -0.121700995 0.001602159 0.992550790
1695436649.086000 -4.561913490 0.237960815 17.849100113 0.005398738 -0.121767059 0.002005107 0.992542028
1695436649.280000 -4.584797859 0.238476500 17.935474396 0.005110341 -0.121354975 0.001231492 0.992595255
1695436649.385000 -4.596956253 0.238723814 17.982572556 0.005422365 -0.121225432 0.001109434 0.992609620
1695436649.523000 -4.612979889 0.239453956 18.043937683 0.003468761 -0.120466448 -0.003257270 0.992706001
1695436649.666000 -4.629355431 0.239548475 18.106775284 0.002192752 -0.119546145 -0.002827341 0.992822230
1695436649.770000 -4.641229630 0.239716724 18.152881622 0.003596673 -0.119249843 -0.000669324 0.992857516
1695436649.924000 -4.658085823 0.240394890 18.220344543 0.006038300 -0.119051091 0.001204355 0.992869079
1695436650.061000 -4.672811985 0.240554616 18.280155182 0.006396726 -0.119133912 0.001266170 0.992856801
1695436650.216000 -4.691325188 0.241009608 18.346309662 0.005115784 -0.126490489 0.002772598 0.991950750
1695436650.319000 -4.703301430 0.241279110 18.390998840 0.004560136 -0.129243404 0.003324558 0.991596878
1695436650.424000 -4.715321541 0.241408959 18.434823990 0.004922005 -0.130188957 0.002658422 0.991473436
1695436650.578000 -4.734357834 0.241694674 18.500371933 0.005995474 -0.130268395 0.000954069 0.991460204
1695436650.768000 -4.755969524 0.241773292 18.578567505 0.005909504 -0.130661502 -0.000393469 0.991409361
1695436650.922000 -4.774054050 0.242312044 18.641975403 0.004873427 -0.130372107 -0.000835029 0.991452813
1695436651.025000 -4.785707951 0.242739305 18.684572220 0.005059401 -0.130311772 -0.000539893 0.991460025
1695436651.166000 -4.801774025 0.243002474 18.741725922 0.005947317 -0.130207554 -0.000451376 0.991468847
1695436651.325000 -4.818182945 0.242824137 18.806421280 0.006441501 -0.122482836 -0.002649446 0.992446184
1695436651.516000 -4.837591648 0.243193105 18.884183884 0.006708465 -0.113565557 -0.004707179 0.993496716
1695436651.687000 -4.854672432 0.243562698 18.953540802 0.006274095 -0.111777306 -0.003806725 0.993706167
1695436651.841000 -4.868826389 0.243559092 19.015203476 0.006540295 -0.111393720 -0.002545215 0.993751585
1695436652.041000 -4.885225773 0.243467838 19.093307495 0.005899478 -0.098914444 -0.005065522 0.995065570
1695436652.196000 -4.888430595 0.243446976 19.156562805 0.005329510 -0.050006535 -0.016357763 0.998600721
1695436652.338000 -4.885640144 0.244239807 19.210727692 0.005444124 0.006357960 -0.025605770 0.999637127
1695436652.482000 -4.876794338 0.244390473 19.267189026 0.004878880 0.064929038 -0.025691405 0.997547209
1695436652.645000 -4.866747856 0.244672820 19.327472687 0.003111974 0.102863401 -0.019096071 0.994507313
1695436652.735000 -4.859618664 0.245294884 19.361392975 0.002291456 0.115811251 -0.018479388 0.993096709
1695436652.844000 -4.850179672 0.246010751 19.401685715 0.001376999 0.123193830 -0.015571048 0.992259502
1695436652.899000 -4.845559597 0.246485054 19.421415329 0.001073706 0.125312105 -0.011036177 0.992055416
1695436652.991000 -4.836896896 0.246932492 19.455736160 0.000745540 0.124405719 -0.002375693 0.992228329
1695436653.100000 -4.829741478 0.247375786 19.496549606 0.001018795 0.106212333 0.015121949 0.994227946
1695436653.190000 -4.824216366 0.248078272 19.530786514 0.001243881 0.091968805 0.023277963 0.995489001
1695436653.294000 -4.817203522 0.248987108 19.570947647 0.002539233 0.086203702 0.022576045 0.996018469
1695436653.385000 -4.811394691 0.249242723 19.604143143 0.003110049 0.084017083 0.017073389 0.996313214
1695436653.493000 -4.805025578 0.250180781 19.643953323 0.001712042 0.082707688 0.008516372 0.996536016
1695436653.744000 -4.792067528 0.247900084 19.729181290 0.022473194 0.089565814 -0.027569307 0.995345652
1695436653.891000 -4.788767815 0.240596741 19.713699341 0.062091783 0.162850991 -0.023881124 0.984405339
1695436654.209000 -4.787106037 0.247583181 19.683340073 0.014021841 0.247737512 -0.023259444 0.968446434
1695436654.421000 -4.795561790 0.249152631 19.669399261 0.003193674 0.243714839 -0.030853683 0.969350815
1695436654.940000 -4.813332558 0.250359297 19.632860184 -0.003712228 0.244041234 0.007331440 0.969730079
1695436655.354000 -4.831600189 0.249100178 19.598331451 -0.003525914 0.243428081 0.006081059 0.969893515
1695436655.597000 -4.842943668 0.248450264 19.577383041 -0.001559308 0.243591800 0.004766533 0.969864905
1695436655.902000 -4.856311321 0.247336552 19.551651001 0.001052125 0.243433446 0.006225031 0.969897091
1695436656.206000 -4.867489815 0.246633559 19.525720596 0.002088534 0.256383568 0.002737588 0.966569006
1695436656.651000 -4.878320694 0.245861501 19.491970062 0.007065628 0.300616801 0.001859888 0.953716993
1695436658.035000 -4.894470215 0.245257542 19.470478058 0.006578190 0.299532652 -0.001008356 0.954062879
1695436658.981000 -4.879639149 0.246151164 19.522335052 0.005842410 0.223822370 0.003805456 0.974605024
1695436659.945000 -4.849389076 0.249393895 19.617450714 -0.004163967 0.182088718 0.010687861 0.983215213
1695436660.093000 -4.845860004 0.249648124 19.632843018 -0.003727562 0.168463856 0.015956514 0.985571623
1695436660.290000 -4.843984127 0.249594674 19.653820038 -0.001369855 0.139708266 0.011777640 0.990121722
1695436660.449000 -4.842980385 0.249643177 19.671676636 0.001799461 0.119545519 0.009703342 0.992779672
1695436660.749000 -4.836126328 0.249899909 19.702186584 0.003598477 0.118140571 0.007174472 0.992964447
1695436660.942000 -4.831695557 0.250173301 19.721174240 0.002973945 0.117984779 0.006315085 0.992990911
1695436661.102000 -4.827996254 0.249979630 19.736883163 0.005261411 0.118008457 0.007756375 0.992968380
1695436661.497000 -4.820324898 0.247649521 19.775110245 0.020341935 0.115861833 -0.021093281 0.992832959
1695436661.693000 -4.816628456 0.247454256 19.793088913 0.021751761 0.114951499 -0.026717322 0.992773473
1695436661.905000 -4.811235428 0.248367727 19.812538147 0.015536935 0.117537208 -0.019439522 0.992756665
1695436662.102000 -4.804035187 0.248782009 19.828863144 0.002423989 0.142056108 -0.037594266 0.989141524
1695436662.248000 -4.800424576 0.249630824 19.841291428 -0.007897869 0.145227015 -0.044636015 0.988359451
1695436662.497000 -4.793461323 0.251517147 19.862440109 -0.013718273 0.146971732 -0.023930434 0.988756061
1695436662.696000 -4.786696434 0.252088189 19.878730774 -0.012774304 0.157945350 -0.016827989 0.987221837
1695436662.897000 -4.777612686 0.251897544 19.893363953 -0.012388739 0.183945999 -0.019542782 0.982663989
1695436663.145000 -4.765005112 0.251744986 19.910076141 -0.006719590 0.215726331 -0.011622750 0.976361573
1695436663.500000 -4.750463009 0.251191080 19.936857224 0.008766461 0.224040866 0.002426101 0.974537313
1695436663.713000 -4.741007805 0.251060724 19.951547623 0.006851800 0.234203771 -0.002977766 0.972158849
1695436663.954000 -4.728219032 0.250673890 19.966831207 0.009259677 0.262087882 -0.001909690 0.964997709
1695436664.226000 -4.712787628 0.250459880 19.982023239 0.011679535 0.291892976 -0.001016988 0.956379175
1695436664.490000 -4.697247505 0.250930339 19.996253967 0.010305096 0.319805652 0.000651395 0.947426915
1695436664.779000 -4.679985046 0.251439422 20.009920120 0.007103511 0.348907977 0.003541978 0.937123418
1695436664.982000 -4.667650700 0.251722306 20.018936157 0.005794900 0.369031966 0.003995701 0.929390073
1695436665.246000 -4.651475906 0.251873523 20.029243469 0.005083625 0.394002467 0.001706050 0.919093788
1695436665.524000 -4.634359360 0.251671374 20.038919449 0.005721887 0.419586867 0.002106315 0.907694697
1695436665.823000 -4.615617275 0.252269685 20.048511505 0.001832094 0.445636928 -0.000481718 0.895211816
1695436666.191000 -4.594765186 0.252809852 20.063493729 -0.000732527 0.448685884 -0.000682901 0.893688977
1695436666.518000 -4.575330734 0.252912581 20.072540283 -0.001036623 0.471874833 -0.000212289 0.881664932
1695436666.807000 -4.557988167 0.252785534 20.078887939 -0.000163703 0.495055437 -0.005148536 0.868846118
1695436667.195000 -4.534664154 0.253160238 20.087627411 0.001050725 0.514849782 -0.004633969 0.857267320
1695436667.673000 -4.507154465 0.253911257 20.099899292 -0.004280799 0.530710876 -0.007960243 0.847504735
1695436668.116000 -4.481499672 0.254078299 20.106531143 -0.002692044 0.553494334 -0.002703869 0.832844198
1695436668.644000 -4.448093414 0.254206896 20.121002197 -0.002360914 0.554138005 -0.010184899 0.832359135
1695436669.160000 -4.417276382 0.254541010 20.131122589 -0.001475701 0.567731023 -0.009505191 0.823157966
1695436669.549000 -4.389900208 0.255134642 20.134344101 -0.004150746 0.598335624 -0.006012186 0.801212311
1695436670.042000 -4.357897758 0.254919440 20.143518448 -0.001818275 0.601615310 -0.009110820 0.798731983
1695436670.433000 -4.332512856 0.255129457 20.151325226 0.001506703 0.601810932 -0.007575157 0.798601329
1695436670.928000 -4.291876793 0.255828619 20.163629532 -0.002411990 0.602329493 -0.006343217 0.798218787
1695436671.324000 -4.249222755 0.255956173 20.176088333 0.000278938 0.602218747 -0.008926228 0.798281193
1695436671.725000 -4.197504044 0.256472409 20.191471100 -0.001369027 0.602515101 -0.009660120 0.798047781
1695436672.117000 -4.137404442 0.257194132 20.209066391 -0.002427515 0.602841973 -0.008760549 0.797808826
1695436672.724000 -4.030571938 0.258583754 20.237745285 -0.003980368 0.613502324 -0.009820521 0.789621830
1695436673.233000 -3.938080788 0.259416521 20.262681961 -0.003980326 0.614646077 -0.006932374 0.788762510
1695436673.770000 -3.845912933 0.260205239 20.280992508 -0.007369014 0.643420219 -0.012954088 0.765368164
1695436674.461000 -3.734249115 0.261159241 20.291080475 -0.001829232 0.667886138 -0.006398023 0.744233727
1695436674.922000 -3.659587860 0.262015253 20.298830032 -0.000778162 0.667970717 -0.005755499 0.744164884
1695436675.499000 -3.567247391 0.262720138 20.308530807 -0.000144035 0.666780770 -0.003927798 0.745243549
1695436675.834000 -3.513671875 0.263126314 20.316585541 0.001556189 0.659669995 -0.004201865 0.751542032
1695436676.282000 -3.443861008 0.264299810 20.330213547 0.000775589 0.642441869 -0.002134927 0.766331077
1695436676.815000 -3.358442307 0.265331835 20.347084045 -0.001002554 0.639263153 -0.005257823 0.768969417
1695436677.238000 -3.291761398 0.266216427 20.360309601 -0.000893282 0.639543831 -0.005012391 0.768737793
1695436677.772000 -3.209745407 0.267251164 20.376861572 -0.000566079 0.639993846 -0.004235123 0.768368185
1695436678.403000 -3.111602783 0.269024521 20.395259857 -0.000117887 0.641830087 -0.005099400 0.766829908
1695436678.620000 -3.080007553 0.269646525 20.396699905 -0.001910194 0.664794683 -0.007609931 0.746984959
1695436678.845000 -3.048187256 0.269997746 20.399080276 0.000174389 0.675074577 -0.005047379 0.737732172
1695436679.072000 -3.016321182 0.270496041 20.402990341 0.000037574 0.677267134 -0.004354381 0.735724330
1695436679.572000 -2.954977036 0.270708561 20.396062851 0.003638593 0.722288966 -0.007864012 0.691537082
1695436679.827000 -2.925626755 0.270756185 20.392515182 0.004215350 0.731868207 0.002598960 0.681428313
1695436680.083000 -2.895526886 0.271100789 20.390092850 0.003176714 0.732901514 0.003112428 0.680320263
1695436680.469000 -2.850419998 0.272664189 20.385807037 0.001871884 0.741667807 0.000508050 0.670764565
1695436680.743000 -2.822801590 0.273175091 20.376312256 -0.001256334 0.765910923 0.000535905 0.642945349
1695436681.034000 -2.796586990 0.273176283 20.365348816 -0.002248335 0.791935802 -0.002757938 0.610594034
1695436681.490000 -2.758808136 0.273560017 20.344257355 -0.002971773 0.827996075 -0.009227358 0.560650051
1695436681.805000 -2.735542297 0.273856670 20.327865601 -0.002526311 0.850102663 -0.009471546 0.526525736
1695436682.283000 -2.701848984 0.276253700 20.300348282 0.001277042 0.880778074 -0.007517582 0.473467916
1695436682.809000 -2.673603058 0.276467264 20.268941879 0.002654399 0.907344520 -0.008257920 0.420298398
1695436683.127000 -2.657703400 0.275940955 20.246835709 0.006620502 0.923013270 -0.010803133 0.384559572
1695436683.444000 -2.641386032 0.275596946 20.223291397 0.004036020 0.937445223 -0.014152917 0.347821712
1695436683.753000 -2.634441376 0.275306970 20.201866150 0.007665027 0.949610829 -0.011212665 0.313136995
1695436684.196000 -2.619118690 0.274675429 20.165164948 0.008043719 0.965953410 -0.010626369 0.258372515
1695436684.475000 -2.611008644 0.274535984 20.140804291 0.007380618 0.974153936 -0.009938348 0.225545719
1695436685.024000 -2.589612007 0.273294181 20.093820572 0.011532982 0.975185752 -0.015259495 0.220560297
1695436685.302000 -2.578516960 0.272734046 20.071342468 0.012045994 0.975194395 -0.017678829 0.220314190
1695436685.573000 -2.570509911 0.273056179 20.047811508 0.006763575 0.978853583 -0.014942850 0.203903541
1695436685.845000 -2.564710617 0.273258150 20.024129868 0.008093321 0.983538389 -0.007605143 0.180357844
1695436686.117000 -2.556531906 0.273236156 20.001461029 0.009181010 0.984064162 -0.007555652 0.177415743
1695436686.616000 -2.546802521 0.272216141 19.956205368 0.005962625 0.990291774 -0.011418482 0.138406202
1695436686.977000 -2.543392658 0.272250921 19.921722412 0.007297123 0.994328439 -0.009585167 0.105668321
1695436687.328000 -2.536448479 0.272148192 19.888364792 0.007838478 0.994446099 -0.008565101 0.104604706
1695436687.560000 -2.531167030 0.271917582 19.864536285 0.007863918 0.994457185 -0.010366572 0.104334116
1695436687.910000 -2.522420883 0.272565275 19.825117111 0.006680943 0.994388282 -0.005527138 0.105436489
1695436688.146000 -2.516151667 0.272436321 19.795940399 0.006128408 0.994310617 -0.005110370 0.106220484
1695436688.496000 -2.505227089 0.271798015 19.747451782 0.005696450 0.994234085 -0.013340423 0.106245957
1695436688.842000 -2.492427111 0.271408439 19.693319321 0.006420115 0.994283080 -0.010357087 0.106078871
1695436689.073000 -2.484065294 0.271251798 19.654123306 0.006900619 0.994229317 -0.010132690 0.106573246
1695436689.538000 -2.465636015 0.270955741 19.568052292 0.007278414 0.994126320 -0.010441127 0.107475162
1695436689.892000 -2.449128866 0.270386040 19.497327805 0.007682439 0.994140267 -0.010366678 0.107325420
1695436690.239000 -2.432085991 0.270206273 19.420415878 0.008128311 0.994004250 -0.010443507 0.108537808
1695436690.589000 -2.412597656 0.269754767 19.337478638 0.008393125 0.993341088 -0.010331589 0.114439145
1695436690.941000 -2.391219139 0.268409044 19.249418259 0.007829380 0.993275344 -0.011206528 0.114966042
1695436691.401000 -2.360934258 0.267953277 19.122236252 0.008806478 0.993271172 -0.009885732 0.115052611
1695436691.634000 -2.344955444 0.267740697 19.055160522 0.009091930 0.993239045 -0.009553561 0.115335383
1695436691.986000 -2.319024563 0.267432094 18.951215744 0.008379259 0.993275881 -0.010469972 0.114992365
1695436692.332000 -2.293314457 0.266611516 18.841766357 0.007485368 0.993225753 -0.010242369 0.115506418
1695436692.672000 -2.265877247 0.266006857 18.728174210 0.006883461 0.993229210 -0.010464721 0.115494207
1695436692.899000 -2.247944832 0.265281677 18.649316788 0.006854094 0.993123174 -0.011986706 0.116256967
1695436693.125000 -2.229187012 0.264786124 18.568857193 0.008435210 0.993032873 -0.010440506 0.117070965
1695436693.238000 -2.218492508 0.264512599 18.528692245 0.008784733 0.993052781 -0.011236141 0.116802081
1695436693.462000 -2.198133945 0.264145672 18.446685791 0.008660018 0.993042111 -0.009604850 0.117047459
1695436693.574000 -2.188079357 0.263061494 18.404968262 0.008319445 0.993007541 -0.009442648 0.117378362
1695436693.796000 -2.167315483 0.263131320 18.320840836 0.007471996 0.993016362 -0.010111257 0.117305063
1695436694.134000 -2.136477470 0.261514783 18.191247940 0.006690288 0.992895961 -0.009963962 0.118379116
1695436694.465000 -2.102891922 0.260877579 18.059835434 0.008373889 0.992957771 -0.008842670 0.117841341
1695436694.686000 -2.081189156 0.260862619 17.974296570 0.008802953 0.992937207 -0.006843774 0.118116178
1695436694.905000 -2.059983730 0.260710269 17.888853073 0.008396314 0.992893040 -0.008136595 0.118434809
1695436695.126000 -2.037979603 0.260268897 17.804580688 0.007959867 0.992907226 -0.008229775 0.118339561
1695436695.344000 -2.016572475 0.259967029 17.720548630 0.007904522 0.992904246 -0.007972785 0.118385471
1695436695.561000 -1.995473862 0.259503573 17.636312485 0.008162415 0.992858648 -0.005719070 0.118879825
1695436695.779000 -1.974414349 0.259153068 17.552724838 0.009215758 0.992729783 -0.007608952 0.119769670
1695436695.998000 -1.951995373 0.258583307 17.471658707 0.010110063 0.992761493 -0.008812206 0.119351462
1695436696.318000 -1.922987461 0.258774698 17.349559784 0.009079793 0.992642283 -0.007933229 0.120482087
1695436696.639000 -1.892591953 0.256545186 17.229999542 0.009516001 0.992605925 -0.006540095 0.120831132
1695436696.953000 -1.861864090 0.256808579 17.111553192 0.010536270 0.992637575 -0.007184575 0.120449573
1695436697.164000 -1.842047691 0.256544143 17.033199310 0.011218463 0.992577136 -0.009495031 0.120725445
1695436697.380000 -1.822494030 0.256646693 16.955698013 0.011213755 0.992533505 -0.006392773 0.121287800
1695436697.592000 -1.802000999 0.256273776 16.878053665 0.008497417 0.992482662 -0.009336447 0.121732727
1695436697.801000 -1.781610966 0.255505234 16.803878784 0.005456595 0.992503047 -0.011066371 0.121595509
1695436698.008000 -1.763021946 0.255450606 16.727336884 0.009243576 0.992451847 -0.005606988 0.122157454
1695436698.218000 -1.745019436 0.255356818 16.653551102 0.010241216 0.992409766 -0.004124068 0.122478485
1695436698.424000 -1.725199223 0.254392207 16.580598831 0.010932464 0.992456496 -0.006178673 0.121952429
1695436698.630000 -1.706863403 0.253941983 16.507223129 0.010516007 0.992386341 -0.007950063 0.122456245
1695436698.902000 -1.689126015 0.253968865 16.435718536 0.011698992 0.992267013 -0.011713197 0.123012751
1695436699.105000 -1.671236515 0.253659606 16.365354538 0.011025400 0.992256224 -0.008450794 0.123428360
1695436699.308000 -1.653642178 0.252863467 16.295591354 0.011060137 0.992222607 -0.007012628 0.123785667
1695436699.509000 -1.635887623 0.252384812 16.226123810 0.009662178 0.992166698 -0.007904497 0.124295935
1695436699.816000 -1.609227657 0.252298474 16.119899750 0.007317733 0.992056191 -0.009483038 0.125223994
1695436700.018000 -1.590313435 0.252268821 16.052188873 0.007706671 0.992147505 -0.007597142 0.124604106
1695436700.315000 -1.563321114 0.251584977 15.950832367 0.007861196 0.992084265 -0.008433404 0.125043899
1695436700.514000 -1.546503067 0.251199424 15.885564804 0.007612645 0.992058873 -0.008439137 0.125259906
1695436700.811000 -1.521233559 0.250609100 15.788126945 0.007880691 0.991986275 -0.007606157 0.125870362
1695436701.004000 -1.504885674 0.250494182 15.724111557 0.007819266 0.991986215 -0.008488408 0.125818059
1695436701.457000 -1.463296890 0.249665231 15.571182251 0.006272829 0.991978347 -0.006496757 0.126084879
1695436701.674000 -1.446734428 0.249528438 15.511114120 0.005725831 0.991981268 -0.007448415 0.126035482
1695436701.967000 -1.422258854 0.249354333 15.419271469 0.004557176 0.991961062 -0.009179194 0.126128182
1695436702.162000 -1.405881405 0.248766169 15.358853340 0.004642450 0.991984427 -0.008159458 0.126011014
1695436702.452000 -1.382437706 0.248699978 15.268794060 0.004696660 0.991945267 -0.007864708 0.126335591
1695436702.646000 -1.366998672 0.248265564 15.209855080 0.005067721 0.991884172 -0.009412914 0.126695007
1695436702.932000 -1.343834877 0.247711405 15.121970177 0.003125314 0.991831124 -0.008817661 0.127214387
1695436703.122000 -1.328570843 0.247760981 15.064524651 0.002381668 0.991842031 -0.008392575 0.127174094
1695436703.409000 -1.305609226 0.247149169 14.979317665 0.002275265 0.991848350 -0.008689584 0.127106711
1695436703.598000 -1.290783405 0.247160360 14.923985481 0.001984969 0.991784394 -0.008715468 0.127608150
1695436703.880000 -1.268115520 0.246971950 14.841440201 0.003203289 0.991788507 -0.008428068 0.127570614
1695436703.973000 -1.260899067 0.247581601 14.814412117 0.003403311 0.991832554 -0.003596684 0.127451047
1695436704.162000 -1.246451378 0.247789711 14.760325432 0.006677967 0.991779983 -0.003175856 0.127741009
1695436704.348000 -1.231986523 0.246605158 14.706198692 0.006245284 0.991673708 -0.012131186 0.128051534
1695436704.534000 -1.217131138 0.246586367 14.653477669 0.000955604 0.991732478 -0.010153689 0.127916813
1695436704.720000 -1.202853203 0.246890411 14.600667000 0.000654074 0.991765141 -0.007071907 0.127873003
1695436704.996000 -1.182020187 0.246304482 14.522777557 0.002137374 0.991767347 -0.009067055 0.127713814
1695436705.278000 -1.161164284 0.246201977 14.445637703 0.001778624 0.991774261 -0.008524614 0.127702698
1695436705.555000 -1.140837669 0.245218143 14.366872787 0.003587637 0.991736591 -0.010018300 0.127848566
1695436705.832000 -1.119264126 0.244048342 14.284862518 0.005418280 0.991675079 -0.012865690 0.128006682
1695436706.018000 -1.103584290 0.244910434 14.229225159 0.002524552 0.991723299 -0.009837319 0.127991363
1695436706.294000 -1.079517841 0.244501770 14.142145157 0.001392376 0.991741359 -0.009772474 0.127873868
1695436706.567000 -1.055159569 0.244269848 14.052329063 0.002267662 0.991732240 -0.010070866 0.127908662
1695436706.931000 -1.022243023 0.243842334 13.931510925 0.002471826 0.991791844 -0.007742391 0.127604827
1695436707.201000 -0.998490334 0.242952809 13.843437195 0.000827624 0.991831660 -0.011762899 0.127007663
1695436707.467000 -0.975620270 0.243181810 13.756515503 0.003945402 0.991839945 -0.006944318 0.127239078
1695436707.644000 -0.959823608 0.243409485 13.699468613 0.005433964 0.991696358 -0.007003264 0.128295600
1695436707.911000 -0.936455727 0.242787004 13.614967346 -0.000040937 0.991602838 -0.010079281 0.128927305
1695436708.176000 -0.915008545 0.242306888 13.532040596 0.008429274 0.991561472 -0.010317278 0.128950775
1695436708.443000 -0.891578674 0.242004752 13.448676109 0.003594577 0.991618454 -0.007517975 0.128931746
1695436708.617000 -0.876975536 0.242206186 13.394914627 0.001407523 0.991595745 -0.008999426 0.129054144
1695436708.882000 -0.854319096 0.242024720 13.314269066 0.000608702 0.991682172 -0.005878340 0.128575206
1695436709.146000 -0.832301140 0.241632119 13.234291077 0.000730932 0.991623938 -0.011773789 0.128619060
1695436709.494000 -0.802135468 0.240494475 13.123166084 -0.005006785 0.991655469 -0.012579243 0.128203765
1695436709.752000 -0.778913021 0.240979731 13.036612511 0.003507021 0.991723776 -0.009684714 0.127976283
1695436710.013000 -0.754119396 0.240227118 12.947937012 0.003146872 0.991617560 -0.008491154 0.128889933
1695436710.182000 -0.738254547 0.240391612 12.889912605 0.000355880 0.991584301 -0.008103319 0.129208446
1695436710.441000 -0.714369297 0.239848003 12.802021980 0.000894585 0.991573453 -0.008656519 0.129253328
1695436710.697000 -0.690788269 0.240178749 12.715293884 0.001423996 0.991562009 -0.008858881 0.129322410
1695436710.869000 -0.674932957 0.239811555 12.658107758 0.000928137 0.991594434 -0.008824555 0.129080728
1695436711.123000 -0.651067257 0.240707308 12.572925568 0.003538528 0.991684854 -0.004715862 0.128555223
1695436711.371000 -0.628624439 0.240790278 12.491384506 0.001847034 0.991644084 -0.009959373 0.128606126
1695436711.622000 -0.605605125 0.239865661 12.408113480 0.000494150 0.991645038 -0.011618017 0.128471375
1695436711.871000 -0.581741333 0.239299789 12.322096825 0.000993239 0.991733551 -0.010105642 0.127912030
1695436712.039000 -0.564835072 0.239128262 12.264154434 0.001264764 0.991738498 -0.010519951 0.127837583
1695436712.364000 -0.549526215 0.234985784 12.181591988 -0.002140681 0.991647303 -0.010247442 0.128553674
1695436712.522000 -0.518332005 0.238265038 12.092134476 -0.000979541 0.991820097 -0.010441031 0.127212048
1695436712.686000 -0.502486229 0.237732112 12.033730507 0.000128616 0.991821289 -0.009432849 0.127285361
1695436713.090000 -0.463560581 0.237291887 11.885881424 -0.001063960 0.991797328 -0.011260180 0.127319112
1695436713.332000 -0.437105656 0.236363932 11.794367790 -0.001114444 0.991908431 -0.010581313 0.126509160
1695436713.492000 -0.436756134 0.235261768 11.757946968 -0.001187322 0.991564751 -0.011378010 0.129106596
1695436713.732000 -0.398677826 0.234642804 11.643871307 -0.000379079 0.991863847 -0.009866315 0.126919582
1695436713.967000 -0.376108170 0.234947726 11.545538902 -0.003014479 0.993429005 -0.010216436 0.113953568
1695436714.201000 -0.351939201 0.234498248 11.445716858 -0.004188968 0.993911088 -0.012059783 0.109443232
1695436714.357000 -0.336524963 0.234909743 11.379208565 -0.001450327 0.994076550 -0.009533937 0.108253777
1695436714.512000 -0.321979046 0.234809577 11.313361168 -0.001048265 0.994124234 -0.009804925 0.107795611
1695436714.662000 -0.308596611 0.234394014 11.250088692 0.003141105 0.994050860 -0.006141890 0.108698346
1695436714.810000 -0.293575764 0.234586895 11.187288284 0.002211273 0.994024634 -0.006415089 0.108945049
1695436715.033000 -0.272148609 0.234471142 11.093496323 0.000586692 0.993988216 -0.009417946 0.109079815
1695436715.258000 -0.248345375 0.233696491 11.002241135 0.006025746 0.991678655 -0.008131497 0.128339410
1695436715.488000 -0.222769260 0.233549386 10.910169601 0.006114613 0.990566373 -0.007233992 0.136706069
1695436715.643000 -0.204169273 0.233453006 10.848575592 0.001852982 0.990346432 -0.006020040 0.138471216
1695436715.797000 -0.185079098 0.233607128 10.787032127 -0.003484106 0.990385652 -0.010744543 0.137872055
1695436715.949000 -0.169020653 0.232809767 10.726603508 -0.003988145 0.991621494 -0.011761104 0.128579065
1695436716.100000 -0.152793884 0.233100817 10.666948318 -0.002444074 0.992085278 -0.010636913 0.125091165
1695436716.249000 -0.136762142 0.232500076 10.608277321 0.004932781 0.992336810 -0.012217879 0.122857779
1695436716.395000 -0.122067451 0.231545538 10.550946236 0.009008195 0.992337823 -0.015426531 0.122255892
1695436716.539000 -0.107589245 0.230924830 10.494170189 0.009121886 0.992385626 -0.010919451 0.122345179
1695436716.756000 -0.085764408 0.232937887 10.411338806 0.006596297 0.992434025 0.005125765 0.122494541
1695436716.972000 -0.062658310 0.233541384 10.328466415 0.000953544 0.992451251 -0.006986861 0.122437008
1695436717.259000 -0.033971786 0.233086139 10.221525192 -0.004294733 0.992506444 -0.010187631 0.121691316
1695436717.475000 -0.013861656 0.233855441 10.141900063 -0.002895143 0.992616594 -0.004518197 0.121175662
1695436717.689000 0.005424500 0.233310238 10.065030098 -0.001240066 0.992573857 -0.012428745 0.121000923
1695436717.902000 0.022640228 0.232793882 9.986925125 -0.006480032 0.994569242 -0.010697881 0.103322551
1695436718.039000 0.033215523 0.232883513 9.936923981 -0.007651597 0.994986117 -0.007763551 0.099417381
1695436718.312000 0.053936005 0.233112395 9.837725639 -0.004747585 0.995312750 -0.009914196 0.096082017
1695436718.449000 0.063761711 0.232724681 9.789062500 -0.004198677 0.995347559 -0.009956772 0.095741630
1695436718.654000 0.078443527 0.233175993 9.716993332 -0.002285361 0.995471179 -0.007961866 0.094702438
1695436718.857000 0.093065262 0.232419461 9.643264771 -0.001555512 0.995454490 -0.010681374 0.094624728
1695436719.062000 0.108025551 0.232008532 9.567098618 -0.000277403 0.995314181 -0.011787207 0.095972657
1695436719.267000 0.128530979 0.232142553 9.491171837 0.006769368 0.992151678 -0.009352609 0.124506161
1695436719.476000 0.150587559 0.231811404 9.412002563 0.006123929 0.990978181 -0.009764986 0.133526549
1695436719.687000 0.174130917 0.231450379 9.329666138 0.001762263 0.990573823 -0.009821935 0.136616126
1695436719.896000 0.199164391 0.230867133 9.246881485 0.000254274 0.990521491 -0.012606027 0.136778355
1695436720.106000 0.221210957 0.230985150 9.162927628 -0.005468523 0.992488027 -0.012785111 0.121549144
1695436720.306000 0.244091988 0.231511429 9.078693390 -0.007595650 0.993523002 -0.012013949 0.112738952
1695436720.629000 0.242777348 0.231421068 9.053530693 -0.004549897 0.993598461 -0.010275205 0.112409160
1695436720.886000 0.262362003 0.229599282 8.978013039 0.001558259 0.993809342 -0.005738118 0.110940129
1695436721.076000 0.278040886 0.228367135 8.919129372 0.002911577 0.993823946 -0.008183639 0.110627942
1695436721.326000 0.299623489 0.228566945 8.835956573 0.005092106 0.993920982 -0.008241057 0.109669179
1695436721.451000 0.309748173 0.228466496 8.792299271 0.006483130 0.993953586 -0.007031999 0.109383874
1695436721.639000 0.325059891 0.228861988 8.724710464 0.008176004 0.993944943 -0.004688961 0.109474339
1695436721.891000 0.345939636 0.228796437 8.635122299 0.003337214 0.993956268 -0.010250090 0.109246150
1695436722.079000 0.360134602 0.228688806 8.569618225 0.006276592 0.993939519 -0.008412445 0.109426513
1695436722.266000 0.375391245 0.229822159 8.503353119 0.007727364 0.994016469 -0.001853681 0.108941041
1695436722.453000 0.389787197 0.228924707 8.439276695 0.008253003 0.994031668 -0.004517465 0.108685620
1695436722.634000 0.404471874 0.229043528 8.380024910 0.013611928 0.994145215 -0.004335766 0.107103929
1695436722.757000 0.412522554 0.229140311 8.342231750 0.009488097 0.994157672 -0.002465588 0.107491583
1695436722.876000 0.421296120 0.229627743 8.304633141 0.006074276 0.994174421 -0.002646386 0.107579686
1695436722.994000 0.429172993 0.229492068 8.269086838 0.007156273 0.994176209 -0.004573445 0.107431486
1695436723.116000 0.437564850 0.229806393 8.233287811 0.009313063 0.994208217 -0.004977714 0.106950961
1695436723.236000 0.445585489 0.229668662 8.197547913 0.009323146 0.994199336 -0.004071114 0.107071310
1695436723.355000 0.453728437 0.229621500 8.162494659 0.008177049 0.994231164 -0.003841046 0.106877469
1695436723.474000 0.461656332 0.229704306 8.129052162 0.006978026 0.994305849 -0.001936549 0.106317960
1695436723.592000 0.468515396 0.229927108 8.096881866 0.007639905 0.994293928 -0.002788568 0.106364921
1695436723.710000 0.475323200 0.230157286 8.064752579 0.009565870 0.994274557 -0.000396594 0.106425695
1695436723.830000 0.482412815 0.230413929 8.033340454 0.011542032 0.994293630 -0.000459692 0.106050536
1695436723.947000 0.489375830 0.230507866 8.002143860 0.011792216 0.994312346 -0.002535057 0.105818018
1695436724.123000 0.499439716 0.230677933 7.956950665 0.011321913 0.994334996 -0.004270951 0.105601020
1695436724.242000 0.505780220 0.230634004 7.927650452 0.010948378 0.994315743 -0.004008227 0.105831258
1695436724.417000 0.515489578 0.230840713 7.884277821 0.011225194 0.994335473 -0.003014813 0.105649695
1695436724.594000 0.525050163 0.230936795 7.842330456 0.010909885 0.994368792 -0.002997856 0.105369098
1695436724.769000 0.534014225 0.230969772 7.802175999 0.012013190 0.994354129 -0.003673309 0.105366498
1695436724.942000 0.542134523 0.230744600 7.763549805 0.012933302 0.994351268 -0.007485548 0.105082467
1695436725.116000 0.550109386 0.230550826 7.724538803 0.012503830 0.994317532 -0.007517176 0.105450250
1695436725.288000 0.558590412 0.230809629 7.686010361 0.009855333 0.994318783 -0.004431936 0.105893262
1695436725.401000 0.564283848 0.230917662 7.660481453 0.009414642 0.994334579 -0.003951859 0.105804138
1695436725.514000 0.569846630 0.231072843 7.635807514 0.009607582 0.994354546 -0.004653364 0.105570488
1695436725.684000 0.577950716 0.231141105 7.598239899 0.010717462 0.994318128 -0.006349092 0.105718233
1695436725.912000 0.588884115 0.231179759 7.549838066 0.010366549 0.994356871 -0.004177823 0.105496518
1695436726.080000 0.596529961 0.231327891 7.515440464 0.010371204 0.994367778 -0.002820421 0.105438612
1695436726.252000 0.603802919 0.231331587 7.481176376 0.011933774 0.994331717 -0.003673137 0.105586894
1695436726.421000 0.611001253 0.231236115 7.448605537 0.012668916 0.994340241 -0.005130434 0.105359942
1695436726.589000 0.617882729 0.231157646 7.417555809 0.011169510 0.994330049 -0.004723079 0.105644606
1695436726.757000 0.624516487 0.231218621 7.387360096 0.008869690 0.994338334 -0.004796499 0.105780758
1695436726.921000 0.631413698 0.231162354 7.358450890 0.008342688 0.994388640 -0.006036832 0.105286673
1695436727.087000 0.637962818 0.231119588 7.329468727 0.009357085 0.994381130 -0.006532891 0.105242573
1695436727.311000 0.646630526 0.231258586 7.290361881 0.009863884 0.994397104 -0.005764154 0.105089664
1695436727.483000 0.653279781 0.231383294 7.261422634 0.009700458 0.994402230 -0.005832019 0.105052762
1695436727.648000 0.659579277 0.231261402 7.232532501 0.010544596 0.994407296 -0.005951866 0.104916871
1695436727.866000 0.667706251 0.231394008 7.194406509 0.011325111 0.994379401 -0.004314483 0.105179891
1695436728.031000 0.674357176 0.231333449 7.167554379 0.011083328 0.994440973 -0.002658681 0.104677200
1695436728.244000 0.681916475 0.230960205 7.131696701 0.010797913 0.994427741 -0.006613927 0.104657434
1695436728.460000 0.689869165 0.230977178 7.096204758 0.010351815 0.994435787 -0.006709504 0.104620084
1695436728.933000 0.704782009 0.231416255 7.029842377 0.011571175 0.994432449 -0.005588158 0.104589641
1695436729.257000 0.714659214 0.231783420 6.980043411 0.011812096 0.994358957 -0.003255159 0.105357483
1695436729.468000 0.721777201 0.231793955 6.948669434 0.012661322 0.994359195 -0.003333793 0.105253935
1695436729.679000 0.728166819 0.231846198 6.919064999 0.014744887 0.994317234 -0.006724269 0.105217047
1695436729.942000 0.735751867 0.231435761 6.885125160 0.018718878 0.994210780 -0.007966190 0.105504163
1695436730.152000 0.741586208 0.231715053 6.858827591 0.017712463 0.994226277 -0.002457703 0.105803564
1695436730.312000 0.745620012 0.231703416 6.839263439 0.018360475 0.994148135 -0.003886627 0.106382594
1695436730.530000 0.752047062 0.231713817 6.810822010 0.017509155 0.994169414 -0.005231963 0.106269509
1695436730.700000 0.756146431 0.231873289 6.791682720 0.017169729 0.994150758 -0.004126719 0.106547683
1695436730.910000 0.761875629 0.231999189 6.766401291 0.018486438 0.994113922 -0.004303472 0.106664717
1695436731.118000 0.767476559 0.231633693 6.741595268 0.015094679 0.994109333 -0.009261220 0.106925517
1695436731.328000 0.773328781 0.231237859 6.716817856 0.011491054 0.993780971 -0.014237581 0.109839290
1695436731.460000 0.778462410 0.231488138 6.701780319 0.012666523 0.991702795 -0.008048087 0.127672926
1695436731.675000 0.785542965 0.232286185 6.677374840 0.010144603 0.991307557 0.003019001 0.131138504
1695436731.942000 0.794069290 0.232364520 6.646728516 0.014014049 0.991288722 -0.003311437 0.130917341
1695436732.208000 0.801985741 0.231669843 6.616870880 0.018550601 0.991138637 -0.012349109 0.130949140
1695436732.478000 0.810347557 0.231865451 6.586372852 0.017529849 0.991195858 -0.004035996 0.131176427
1695436732.816000 0.820666313 0.232092410 6.548775196 0.016787933 0.991149306 -0.004822679 0.131597728
1695436733.078000 0.828329086 0.231836557 6.520270348 0.017504182 0.991074979 -0.007898577 0.131915301
1695436733.344000 0.836243629 0.231489092 6.491530418 0.016838135 0.991064370 -0.008857920 0.132020459
1695436733.556000 0.842504501 0.231770769 6.468603134 0.014673914 0.991083264 -0.006288798 0.132284299
1695436733.817000 0.850186825 0.231671333 6.440924168 0.013079444 0.991080821 -0.007962372 0.132379457
1695436734.342000 0.865425587 0.231416330 6.385941505 0.012050025 0.991070092 -0.005894063 0.132665768
1695436734.657000 0.873968124 0.231499583 6.353958130 0.011727222 0.991026282 -0.006716698 0.132982209
1695436735.017000 0.884231567 0.231167614 6.317070007 0.010987362 0.991028249 -0.006298369 0.133051455
1695436735.331000 0.893368721 0.231249377 6.285370350 0.010323027 0.991035461 -0.006621385 0.133035481
1695436735.666000 0.902584076 0.231196627 6.251504898 0.010607789 0.991002083 -0.006798645 0.133252442
1695436735.926000 0.909850121 0.231026500 6.226695061 0.011084205 0.990993977 -0.006150452 0.133305326
1695436736.233000 0.918614864 0.231238976 6.196061134 0.010145384 0.991001546 -0.001004658 0.133461773
1695436736.538000 0.926026106 0.230855733 6.166798115 0.010016187 0.991872609 -0.010549383 0.126400948
1695436736.788000 0.932380438 0.230853096 6.142805099 0.009104014 0.991916060 -0.006291026 0.126412585
1695436737.110000 0.939228773 0.231239900 6.111636639 0.004984647 0.993692756 -0.006566666 0.111833662
1695436737.361000 0.944566250 0.231111258 6.088067532 0.008647635 0.993922651 -0.006770993 0.109531574
1695436737.697000 0.951848745 0.231272966 6.056207657 0.009616248 0.993895590 -0.005931812 0.109744839
1695436737.911000 0.956520319 0.231164336 6.036501884 0.009403515 0.993895769 -0.006051972 0.109755211
1695436738.127000 0.961254358 0.231213406 6.016703606 0.010021712 0.993887186 -0.006284585 0.109764881
1695436738.364000 0.966074705 0.231169164 5.994877815 0.010560124 0.993861079 -0.006150981 0.109958105
1695436738.746000 0.974165916 0.231171250 5.959546089 0.011639593 0.993836343 -0.005558000 0.110104650
1695436738.961000 0.978590965 0.231147543 5.940156460 0.011848493 0.993810177 -0.006616101 0.110259809
1695436739.244000 0.984734058 0.230983764 5.914496899 0.013800180 0.993748546 -0.007957251 0.110499457
1695436739.526000 0.990720272 0.231057093 5.889661312 0.012451397 0.993748605 -0.006127233 0.110775314
1695436739.739000 0.995190620 0.230778113 5.871117592 0.011977581 0.993749797 -0.005891218 0.110829622
1695436739.975000 0.999960661 0.230857760 5.850317478 0.012005979 0.993745327 -0.005628503 0.110880509
1695436740.288000 1.005647659 0.230883554 5.823359966 0.012828049 0.993680298 -0.005734477 0.111364335
1695436740.688000 1.014045954 0.230916381 5.789305210 0.013237211 0.993693411 -0.005599492 0.111206494
1695436740.852000 1.017385960 0.230919614 5.775260448 0.013080151 0.993698299 -0.005525562 0.111184746
1695436741.063000 1.021432638 0.230830371 5.757553577 0.013296933 0.993685782 -0.005442200 0.111275040
1695436741.465000 1.029545069 0.231082082 5.723624706 0.014241584 0.993666232 -0.007022229 0.111244187
1695436741.795000 1.036095381 0.231431022 5.695538521 0.014324801 0.993668556 -0.005085323 0.111318022
1695436742.057000 1.041293383 0.231316730 5.673422337 0.016447270 0.993610144 -0.006970601 0.111444175
1695436742.342000 1.046249628 0.231294334 5.649312019 0.015001553 0.994497597 -0.009375035 0.103255004
1695436742.617000 1.045371652 0.231519476 5.626434326 0.008844648 0.999038517 -0.003146686 0.042824276
1695436742.934000 1.044806719 0.231624156 5.600359917 0.020448973 0.999615848 -0.005775742 0.017797245
1695436743.201000 1.042588234 0.231738046 5.578686237 -0.012059941 -0.999814510 0.005610354 0.013931981
1695436743.399000 1.039025426 0.232015148 5.563250542 -0.004855221 -0.998307228 0.001042448 0.057948727
1695436743.696000 1.030463219 0.232220203 5.542213440 -0.004448103 -0.992514133 0.001861864 0.122034982
1695436743.953000 1.020618677 0.232464522 5.524528027 0.000425592 -0.984140873 0.003393088 0.177355751
1695436744.205000 1.009578466 0.232823178 5.508851051 -0.001121726 -0.973208249 0.001500140 0.229917750
1695436744.454000 0.997106552 0.232942581 5.494787693 -0.003976901 -0.959768772 0.001925717 0.280756891
1695436744.597000 0.989634514 0.232857883 5.487550735 -0.003428974 -0.950814307 0.003114753 0.309726804
1695436744.840000 0.975443363 0.233092174 5.475904465 -0.004356136 -0.933928788 0.005246569 0.357394189
1695436745.094000 0.960006714 0.233261958 5.466067314 -0.001385804 -0.914248645 0.003802050 0.405133337
1695436745.295000 0.946858883 0.232875496 5.458348751 -0.000357344 -0.897089064 0.004382288 0.441827983
1695436745.495000 0.933209419 0.232924908 5.452167988 0.001397233 -0.878900707 0.003961192 0.476986259
1695436745.744000 0.916323662 0.233259708 5.447045326 0.000703253 -0.854396641 0.002861930 0.519613028
1695436745.940000 0.902699947 0.233487606 5.444088459 -0.000151558 -0.833963096 0.002911684 0.551812530
1695436746.142000 0.889109135 0.233868912 5.440783501 -0.003203377 -0.820726454 0.002887789 0.571305096
1695436746.520000 0.864228249 0.234432161 5.431349754 -0.007019902 -0.820692837 0.003168969 0.571317852
