1695733774.037000 0.000000000 0.000000000 0.000000000 -0.000000000 -0.000000000 -0.000000000 1.000000000
1695733774.158000 0.000555447 0.000271393 0.019342665 0.001471240 -0.000631204 -0.000013246 0.999998748
1695733774.398000 -0.000071962 0.001280954 0.057865173 -0.001188732 0.000326260 -0.000976476 0.999998748
1695733774.521000 0.000181275 0.001413273 0.076664373 -0.002125541 -0.000265787 -0.001846573 0.999996006
1695733774.638000 -0.000118406 0.001675226 0.095360607 -0.003054118 0.000539321 -0.003604853 0.999988675
1695733774.758000 0.000544998 0.002399180 0.114220582 -0.001524230 0.000056701 -0.004146201 0.999990284
1695733774.878000 0.000571729 0.002539810 0.132784188 0.000274304 -0.000042885 -0.003476600 0.999993920
1695733775.113000 0.000714246 0.002488835 0.168837473 0.001870922 -0.000176619 -0.001971969 0.999996305
1695733775.349000 0.000407538 0.003020098 0.206325740 -0.001422623 0.000055751 -0.000946433 0.999998569
1695733775.585000 0.001055489 0.003063752 0.242682934 -0.002049559 0.000179365 -0.001966095 0.999995947
1695733775.822000 0.000808633 0.004329239 0.280016363 -0.000140628 0.000144759 -0.001251741 0.999999225
1695733776.055000 0.001347589 0.004749341 0.317088097 -0.000651997 -0.000227864 -0.001442859 0.999998748
1695733776.285000 0.000727488 0.005653081 0.352295846 -0.000525800 -0.000063421 -0.000781246 0.999999583
1695733776.515000 0.000630131 0.006552950 0.387389123 -0.000485866 0.000419147 -0.003077931 0.999995053
1695733776.745000 0.001565382 0.006763664 0.420444250 -0.002337485 -0.000524087 -0.004501994 0.999987006
1695733776.975000 0.001719951 0.007367371 0.453892171 -0.000868108 -0.000310512 -0.004889437 0.999987602
1695733777.205000 0.001637121 0.007825258 0.488064438 0.000641485 0.000156670 -0.003209083 0.999994636
1695733777.432000 0.001916980 0.008829861 0.521575451 0.000049001 0.000269631 -0.002277859 0.999997377
1695733777.658000 0.002576210 0.008776148 0.552395046 -0.000568147 0.000082939 -0.002097078 0.999997675
1695733778.002000 0.003948463 0.010199117 0.599251926 -0.000062664 -0.000184074 -0.002272923 0.999997377
1695733778.228000 0.004352590 0.010459966 0.630772293 -0.000279678 -0.000830334 -0.001160498 0.999998927
1695733778.741000 0.003766156 0.012301719 0.700003088 0.000526342 -0.001401189 0.001763352 0.999997318
1695733779.085000 0.003670705 0.013668821 0.744389772 -0.001453377 -0.001456906 -0.001259297 0.999997079
1695733779.766000 0.007356508 0.012586848 0.820647180 0.001793743 -0.067642674 0.013982838 0.997610033
1695733780.362000 -0.011168019 0.012323978 0.877841234 -0.001148204 -0.077025644 -0.002431192 0.997025549
1695733780.817000 -0.021389071 0.016080951 0.942754149 0.001267534 -0.076636046 -0.006547493 0.997036874
1695733781.276000 -0.028599605 0.014784927 0.994491160 -0.000499491 -0.076048590 -0.008021863 0.997071743
1695733781.829000 -0.032259256 0.015521419 1.058290243 0.002200170 -0.025205640 -0.013917068 0.999583006
1695733782.156000 -0.033088133 0.016221311 1.095371842 -0.001719684 -0.023913631 -0.005967984 0.999694765
1695733782.587000 -0.032609083 0.018146941 1.145026684 -0.002272841 -0.007939318 -0.005890175 0.999948561
1695733783.017000 -0.048819143 0.013242176 1.166056395 0.006976387 -0.007139685 0.006348796 0.999930024
1695733783.337000 -0.044445127 0.014258210 1.213486433 -0.001138661 -0.005300267 0.001757862 0.999983788
1695733783.761000 -0.042228859 -0.006519308 1.242724776 -0.019073147 0.003088577 0.006981608 0.999788940
1695733784.330000 -0.041958019 0.008813229 1.298426032 -0.003174199 0.018607769 -0.004480848 0.999811769
1695733784.642000 -0.042353917 0.011233303 1.349445462 -0.001487578 0.020525781 -0.002267860 0.999785662
1695733785.063000 -0.041133106 0.012651708 1.391138911 -0.007479553 0.019573506 0.001680434 0.999779046
1695733785.578000 -0.040258359 0.010547346 1.440697312 -0.006677061 0.022054259 0.009294354 0.999691308
1695733785.783000 -0.036941350 0.012539819 1.467849255 -0.005746291 0.022171548 0.009461333 0.999692917
1695733785.987000 -0.034824844 0.014142766 1.495505095 -0.001989226 0.022883758 0.007952680 0.999704540
1695733786.195000 -0.035882406 0.013637934 1.514826179 -0.003873359 0.022598727 0.006497982 0.999716043
1695733786.397000 -0.034659546 0.014944648 1.536984682 -0.003740055 0.022398353 0.007223463 0.999716043
1695733786.597000 -0.034420528 0.014904990 1.558994770 -0.004117454 0.022765510 0.009910644 0.999683261
1695733786.799000 -0.032800045 0.015313647 1.579975247 -0.003360316 0.022470051 0.010559675 0.999686122
1695733787.359000 -0.030397953 0.017047986 1.616052747 -0.004182186 0.022173928 0.009227837 0.999702811
1695733787.654000 -0.027985109 0.019545017 1.678864717 -0.002282641 0.022649677 0.010445197 0.999686301
1695733787.959000 -0.026943767 0.021794690 1.716097593 0.000503886 0.023109360 0.010394900 0.999678791
1695733788.267000 -0.024341386 0.022643486 1.755587339 -0.001632025 0.021895574 0.013895949 0.999662399
1695733788.566000 -0.023530154 0.024074767 1.794814825 -0.001507762 0.022548081 0.012379927 0.999668002
1695733788.955000 -0.021613803 0.024503229 1.845941186 -0.002167495 0.018795388 0.014945461 0.999709308
1695733789.153000 -0.023574771 0.025145542 1.872884750 -0.001468922 0.005850146 0.018006809 0.999819696
1695733789.446000 -0.022371402 0.025935374 1.908545256 0.000774724 0.005069981 0.012648907 0.999906898
1695733789.735000 -0.023429912 0.027321635 1.946429968 -0.000822494 0.000604976 0.014853022 0.999889195
1695733790.125000 -0.023647433 0.028340500 1.995993614 0.000499939 -0.001131096 0.012827398 0.999916971
1695733790.419000 -0.023301948 0.028923403 2.033444166 -0.001283599 -0.000501822 0.014719702 0.999890745
1695733790.713000 -0.022440599 0.029633692 2.069705248 -0.000812110 0.005141795 0.013719557 0.999892354
1695733791.004000 -0.023466926 0.030973021 2.104188681 0.000886618 0.013519115 0.010045163 0.999857783
1695733791.289000 -0.020980986 0.030556878 2.137753725 -0.001769938 0.022419674 0.008415015 0.999711692
1695733791.579000 -0.020174582 0.031349048 2.170753002 0.000605108 0.024593402 0.010873184 0.999638259
1695733791.859000 -0.017275369 0.031780049 2.203223705 -0.000267858 0.030091485 0.011079716 0.999485731
1695733792.144000 -0.015301738 0.031747639 2.234736681 -0.000630985 0.030485589 0.011721905 0.999466300
1695733792.427000 -0.013928656 0.032665249 2.266700745 0.002191746 0.031443298 0.010810923 0.999444723
1695733792.705000 -0.012378282 0.032819774 2.298585892 -0.000596285 0.031351835 0.011376744 0.999443531
1695733792.988000 -0.010017289 0.033487301 2.331210613 0.002738029 0.030652154 0.014638995 0.999419153
1695733793.271000 -0.009010815 0.034115881 2.362962008 0.004024828 0.031135464 0.012033533 0.999434650
1695733793.554000 -0.007723807 0.033459175 2.394151449 -0.001151035 0.030517874 0.011242088 0.999470353
1695733793.833000 -0.005481199 0.033614986 2.425392389 -0.000250978 0.030339662 0.010259144 0.999486983
1695733794.108000 -0.006441015 0.034450207 2.455497026 0.000085191 0.032923091 0.010827699 0.999399245
1695733794.390000 -0.004425941 0.034410585 2.486051798 -0.000752877 0.032123305 0.013768059 0.999388814
1695733794.666000 -0.003879667 0.033849675 2.515323877 -0.001993454 0.032556657 0.015412235 0.999349058
1695733794.942000 -0.001790707 0.035021804 2.544525146 -0.001112854 0.032086633 0.017150097 0.999337375
1695733795.220000 0.000679228 0.035979737 2.573302507 -0.000550077 0.031403244 0.018060766 0.999343455
1695733795.824000 0.004039642 0.037609264 2.630838633 -0.007076571 0.031393237 0.018747456 0.999306202
1695733796.101000 0.002529836 0.038116079 2.658771753 0.002268309 -0.000684658 0.028887449 0.999579847
1695733796.369000 -0.001161036 0.038959168 2.684828758 0.002662984 -0.037614018 0.024745712 0.998982370
1695733796.644000 -0.003609402 0.039100368 2.709095478 0.000049934 -0.038989175 0.018595640 0.999066591
1695733796.915000 -0.009633083 0.039688773 2.734313965 0.002112872 -0.088157661 0.027119914 0.995735049
1695733797.233000 -0.015067982 0.039823130 2.761461496 0.003211387 -0.093666121 0.013301522 0.995509684
1695733797.515000 -0.025462683 0.040703647 2.785835028 0.002360528 -0.144683048 0.022911593 0.989209950
1695733797.699000 -0.030540217 0.040495083 2.801280260 0.003012088 -0.152870864 0.015431686 0.988121152
1695733797.984000 -0.038563151 0.040406145 2.825052023 0.004134526 -0.152663797 0.012235434 0.988193810
1695733798.267000 -0.048822746 0.041172713 2.846961260 0.003277649 -0.189710259 0.022174008 0.981584251
1695733798.559000 -0.059227623 0.040670663 2.870112419 0.004061851 -0.202619463 0.010629782 0.979191482
1695733798.856000 -0.071332328 0.040805891 2.891062021 0.004634401 -0.229925036 0.012750558 0.973113775
1695733799.152000 -0.081773534 0.041141301 2.912303448 0.005102903 -0.230139211 0.008129588 0.973110378
1695733799.549000 -0.096922629 0.041422740 2.942229748 0.003926179 -0.239397898 0.017873157 0.970749080
1695733799.849000 -0.110090867 0.041260377 2.962442875 0.007820042 -0.262183934 0.026452048 0.964623690
1695733800.265000 -0.127121583 0.039863072 2.986779451 0.003718002 -0.293150008 0.051733386 0.954658568
1695733800.469000 -0.140037447 0.041356798 2.998447418 -0.019954097 -0.334565967 0.040902637 0.941272795
1695733800.680000 -0.151665568 0.041183420 3.007676125 -0.015465699 -0.361726582 0.031432632 0.931625843
1695733801.244000 -0.184459567 0.038140289 3.032965183 0.013469378 -0.417878002 0.023297191 0.908104539
1695733801.468000 -0.198877811 0.037537590 3.040506601 0.009832709 -0.460846007 0.019913258 0.887202263
1695733801.697000 -0.214596391 0.037295733 3.046271801 0.011304939 -0.501714587 0.017919695 0.864773691
1695733802.061000 -0.239416003 0.037004672 3.052251339 0.009190804 -0.560744405 0.017637063 0.827750087
1695733802.298000 -0.256621838 0.036957145 3.053830385 0.005728727 -0.599219024 0.020337414 0.800306261
1695733802.674000 -0.282449007 0.036033228 3.060726166 0.008051256 -0.608701885 0.019360565 0.793121874
1695733803.051000 -0.307079792 0.035543971 3.064472437 0.003231679 -0.627320588 0.023261918 0.778406918
1695733803.311000 -0.325617313 0.035146847 3.063827515 0.003800570 -0.664861977 0.024607286 0.746551216
1695733803.782000 -0.355803251 0.034460429 3.063230753 0.008687685 -0.691736281 0.019851224 0.721825063
1695733804.055000 -0.373639345 0.033925321 3.063407183 0.007858475 -0.691461623 0.020604575 0.722076535
1695733804.328000 -0.391387463 0.033659756 3.064078569 0.008686322 -0.691407859 0.021492530 0.722092628
1695733804.599000 -0.410313606 0.032769326 3.065132856 0.009105007 -0.692004681 0.023436856 0.721455038
1695733804.878000 -0.432293892 0.032476407 3.066390514 0.008867644 -0.692251265 0.022807661 0.721241534
1695733805.151000 -0.456316471 0.032309011 3.066285133 0.009659874 -0.691739082 0.023677330 0.721694648
1695733805.424000 -0.481816292 0.032150574 3.067126751 0.009031714 -0.691956103 0.022668971 0.721527040
1695733805.695000 -0.505679369 0.031316981 3.067575932 0.008003848 -0.692020714 0.020642465 0.721538067
1695733805.967000 -0.531572342 0.029888455 3.069634199 0.009765144 -0.692225456 0.022595322 0.721261501
1695733806.235000 -0.554381132 0.029528566 3.069653988 0.007243962 -0.692419589 0.021746837 0.721130848
1695733806.558000 -0.567643404 0.030049827 3.064789057 0.005316713 -0.691289842 0.022199439 0.722216904
1695733806.802000 -0.594018221 0.027785957 3.067781210 0.007201483 -0.691784799 0.022772104 0.721708715
1695733807.072000 -0.609317541 0.027193088 3.064634323 0.005901180 -0.691138327 0.022583134 0.722345471
1695733807.487000 -0.639819145 0.026275422 3.071361303 0.007522066 -0.691877067 0.024549698 0.721558630
1695733808.286000 -0.708152533 0.025759671 3.074803352 0.006078339 -0.692494154 0.024546361 0.720980108
1695733808.683000 -0.742835283 0.025150087 3.079985857 0.006053018 -0.693624735 0.024514874 0.719893932
1695733809.083000 -0.783028126 0.024101209 3.077311993 0.003646043 -0.695201457 0.024233885 0.718397081
1695733809.480000 -0.818816662 0.022551235 3.076570034 0.002741880 -0.706745446 0.024437245 0.707040429
1695733809.881000 -0.855944633 0.022754308 3.078043461 0.005576490 -0.710829556 0.025628349 0.702875197
1695733810.282000 -0.891688824 0.019413330 3.077919006 0.005837056 -0.719429374 0.024799384 0.694098175
1695733810.682000 -0.922946930 0.019842740 3.083433628 0.003406979 -0.720645010 0.023656104 0.692892253
1695733811.217000 -0.967860222 0.016597491 3.074563026 0.004023638 -0.719774663 0.025183966 0.693739176
1695733811.752000 -1.011326075 0.015682928 3.073009014 0.002597935 -0.720552325 0.025151184 0.692939401
1695733812.154000 -1.043989182 0.017276358 3.068754911 0.005572349 -0.731788814 0.026196156 0.681005001
1695733812.654000 -1.084403038 0.015567519 3.069359303 0.011242336 -0.733334124 0.021825457 0.679425001
1695733813.184000 -1.134409904 0.014964148 3.064839602 0.005329106 -0.732663810 0.022664785 0.680192351
1695733813.846000 -1.198824167 0.012391657 3.060565948 0.007646371 -0.732958674 0.025265653 0.679760814
1695733814.409000 -1.250399828 0.011851549 3.055529594 0.008902179 -0.733028233 0.020813966 0.679821432
1695733814.927000 -1.302532673 0.008934550 3.051450014 0.010026393 -0.733608246 0.021034390 0.679172993
1695733815.450000 -1.352179289 0.006868631 3.049340963 0.007616397 -0.733978570 0.019289153 0.678855956
1695733815.969000 -1.401997089 0.008254744 3.048179626 0.011161818 -0.728977144 0.020387955 0.684143305
1695733816.484000 -1.450965643 0.005790517 3.045121670 0.011022913 -0.728684902 0.022374865 0.684394777
1695733816.997000 -1.501306295 0.005282238 3.043552637 0.012097377 -0.723709524 0.015276873 0.689829648
1695733817.372000 -1.538958549 0.003756754 3.042361736 0.012234532 -0.723709106 0.021887437 0.689649522
1695733818.044000 -1.576446295 0.002766833 3.039673805 0.011392405 -0.723673403 0.017198054 0.689834237
1695733818.533000 -1.651980877 0.000830173 3.038548708 0.012556503 -0.713255584 0.017935166 0.700562000
1695733818.884000 -1.687160611 0.000640370 3.042573214 0.019533915 -0.669954419 0.010941970 0.742064655
1695733819.217000 -1.719008446 -0.000538096 3.049190998 0.011028753 -0.657769918 0.018748820 0.752904773
1695733819.556000 -1.750851154 -0.000878491 3.049679995 0.006647142 -0.682552814 0.025631648 0.730356395
1695733820.120000 -1.801554918 -0.002719641 3.052364826 0.007903960 -0.684093118 0.019598683 0.729088485
1695733820.576000 -1.842073679 -0.004268631 3.054944038 0.010257667 -0.684053123 0.021302085 0.729049027
1695733820.916000 -1.874461651 -0.005162999 3.056784153 0.012556229 -0.683919787 0.022117138 0.729113817
1695733821.251000 -1.907451272 -0.006137036 3.058360815 0.009967327 -0.685870707 0.019192414 0.727401972
1695733821.593000 -1.938619852 -0.007326655 3.056464672 0.007945466 -0.709794104 0.026718134 0.703857481
1695733822.060000 -1.981555223 -0.007558256 3.056103706 0.013863990 -0.709741533 0.016839506 0.704124391
1695733822.408000 -2.013861418 -0.008764781 3.055963993 0.014958219 -0.709733546 0.019795150 0.704033256
1695733822.748000 -2.046047688 -0.009960644 3.055756330 0.012086599 -0.709516823 0.027283756 0.704056382
1695733823.194000 -2.084704638 -0.011232115 3.057509661 0.007174173 -0.703216791 0.023241518 0.710559309
1695733823.644000 -2.125015736 -0.012693234 3.057484865 0.010622620 -0.703409076 0.017746259 0.710484326
1695733824.090000 -2.166448355 -0.013542354 3.058225870 0.008850145 -0.704512656 0.020000881 0.709354341
1695733824.421000 -2.197988987 -0.014892988 3.057159185 0.011121931 -0.703757584 0.021630686 0.710023761
1695733824.752000 -2.223528862 -0.015925601 3.058044195 0.005530872 -0.704324007 0.023822878 0.709457278
1695733825.079000 -2.251674652 -0.017276175 3.057856321 0.007685995 -0.704499960 0.023208352 0.709282815
1695733825.408000 -2.278912544 -0.017872706 3.058122635 0.007846172 -0.704570234 0.021092104 0.709277332
1695733825.734000 -2.306156874 -0.018388316 3.058072805 0.009124584 -0.704122543 0.020532323 0.709722936
1695733826.059000 -2.332264900 -0.019116558 3.057526827 0.010706025 -0.703673542 0.018346962 0.710205853
1695733826.382000 -2.358789921 -0.019976445 3.057702303 0.010547482 -0.703814149 0.019473730 0.710038841
1695733826.818000 -2.393501282 -0.021103539 3.058083296 0.010084461 -0.704195440 0.020006245 0.709652722
1695733827.297000 -2.430472374 -0.022273958 3.057287455 0.010792073 -0.703590214 0.020159058 0.710237920
1695733827.729000 -2.466603279 -0.023382619 3.057235718 0.009265953 -0.704431653 0.021028979 0.709399760
1695733828.060000 -2.493252277 -0.023426831 3.056780577 0.008123502 -0.704587340 0.020229293 0.709282339
1695733828.480000 -2.527537823 -0.024119638 3.056411266 0.008592739 -0.704189956 0.019865766 0.709681630
1695733828.795000 -2.553577900 -0.024368867 3.056202173 0.008121213 -0.704111516 0.021970753 0.709702969
1695733829.108000 -2.579991579 -0.024589650 3.056443453 0.007598464 -0.704435885 0.021017371 0.709415674
1695733829.628000 -2.622873306 -0.025941968 3.055860519 0.008453403 -0.704367399 0.025587520 0.709323883
1695733829.973000 -2.646022797 -0.026433453 3.054940462 0.005117619 -0.704574347 0.022780275 0.709245980
1695733830.389000 -2.682009220 -0.027973883 3.054670095 0.008468255 -0.705134451 0.029554600 0.708406866
1695733830.724000 -2.710382223 -0.028674439 3.053326368 0.005750246 -0.704815328 0.026462680 0.708873868
1695733831.133000 -2.741895199 -0.029639512 3.055207491 0.002766211 -0.705732107 0.023396136 0.708086967
1695733831.439000 -2.766484261 -0.030696325 3.055304527 0.005793329 -0.705435634 0.026922246 0.708238840
1695733831.750000 -2.796793699 -0.031117328 3.052598238 0.003596379 -0.705445468 0.025919408 0.708280981
1695733832.067000 -2.804545403 -0.032031454 3.060902596 0.007558623 -0.705821335 0.022601012 0.707988918
1695733832.389000 -2.837271452 -0.033445306 3.060073853 0.008392150 -0.706473708 0.024138773 0.707277715
1695733832.689000 -2.865947008 -0.033272985 3.058895588 0.004452395 -0.706331968 0.018699398 0.707619727
1695733832.997000 -2.895122290 -0.033357117 3.059415817 0.004843580 -0.706959009 0.017757099 0.707014978
1695733833.399000 -2.932170868 -0.035036698 3.059170008 0.012293499 -0.706701994 0.027188383 0.706881881
1695733833.798000 -2.968711138 -0.035394192 3.059238434 0.002166469 -0.708213806 0.018382300 0.705755413
1695733834.098000 -2.995026588 -0.035506371 3.058220387 0.003715381 -0.707704127 0.018092256 0.706267476
1695733834.420000 -3.020969629 -0.036799490 3.057575941 0.008168502 -0.707504332 0.022710249 0.706296802
1695733834.813000 -3.056305885 -0.036784641 3.057120800 0.007084855 -0.707529962 0.022025028 0.706304610
1695733835.411000 -3.108339071 -0.038279898 3.056931019 0.007459686 -0.707825243 0.022426281 0.705992103
1695733835.705000 -3.133420944 -0.039388999 3.054330349 0.002875420 -0.726622880 0.026522433 0.686518371
1695733835.999000 -3.158185005 -0.040321544 3.050453663 0.007913274 -0.740149140 0.022667648 0.672013998
1695733836.490000 -3.195432901 -0.043284506 3.047033310 0.011014204 -0.740288317 0.019312913 0.671921909
1695733836.786000 -3.215929985 -0.044758335 3.045641899 0.018197116 -0.751223147 0.020846544 0.659468055
1695733837.176000 -3.247659922 -0.043043204 3.041442156 0.009570019 -0.756896377 0.016173780 0.653264582
1695733837.571000 -3.276284933 -0.044183500 3.035172701 0.004368113 -0.777683139 0.023784082 0.628191233
1695733837.873000 -3.298454762 -0.045683995 3.029715538 0.011123453 -0.780601382 0.016910844 0.624701381
1695733838.280000 -3.327914715 -0.047387958 3.024055719 0.013539327 -0.783109248 0.012488971 0.621611416
1695733838.682000 -3.355899334 -0.048012562 3.015771151 0.018091084 -0.787068665 0.010021943 0.616518617
1695733839.088000 -3.384750843 -0.048423328 3.008356094 0.015626341 -0.786909699 0.007571815 0.616823852
1695733839.489000 -3.412719727 -0.049220502 3.002398014 0.019997576 -0.780203164 0.009397731 0.625135839
1695733839.893000 -3.439906597 -0.050431013 2.998363733 0.019382687 -0.767974317 0.008425002 0.640131831
1695733840.265000 -3.465566874 -0.050673679 2.999875307 0.016169474 -0.727517903 0.011883264 0.685795188
1695733840.677000 -3.493247271 -0.051471427 3.000057936 0.016530404 -0.710005820 0.010684378 0.703920662
1695733841.032000 -3.517429352 -0.052745610 3.000458479 0.015934553 -0.702098489 0.023733979 0.711505830
1695733841.560000 -3.550583363 -0.054087751 3.000795841 0.015068179 -0.701823413 0.021230470 0.711875081
1695733841.911000 -3.572012663 -0.054567330 3.001027346 0.013634765 -0.702053308 0.018939262 0.711741924
1695733842.344000 -3.598182917 -0.054537166 3.001423836 0.006110435 -0.702487767 0.012140971 0.711566031
1695733842.779000 -3.623625278 -0.054870807 3.001909256 0.005866310 -0.702310801 0.013025348 0.711727142
1695733843.212000 -3.648517132 -0.055720914 3.002447128 0.008798191 -0.702560961 0.011114345 0.711482406
