1695454974.677000 0.000000000 0.000000000 0.000000000 -0.000000000 -0.000000000 -0.000000000 1.000000000
1695454975.093000 0.004926619 0.000612553 0.049760871 0.001053160 0.044519592 0.004283194 0.998998821
1695454975.288000 0.007223402 0.000730148 0.071064144 0.000939167 0.050816707 0.006135108 0.998688757
1695454975.727000 0.009113149 0.001383340 0.092554934 0.000279165 0.051714722 0.006408948 0.998641312
1695454975.908000 0.020926517 0.001302045 0.138014063 0.005789225 0.124212451 -0.007858496 0.992207646
1695454976.176000 0.026350468 0.001646577 0.157817066 0.004927374 0.135321319 -0.004316234 0.990780115
1695454976.366000 0.036434006 0.002347811 0.184409574 -0.000108348 0.158896863 -0.005042968 0.987282276
1695454976.538000 0.046276622 0.002346015 0.201012075 0.000769612 0.206603944 -0.010695791 0.978365898
1695454976.709000 0.057389818 0.002353499 0.215717539 0.002243021 0.255917132 -0.013795392 0.966597676
1695454976.874000 0.069115877 0.001998290 0.228343666 0.003696537 0.303639352 -0.014450209 0.952670336
1695454977.035000 0.080586217 0.001684288 0.242036805 0.008789286 0.320849895 -0.007159549 0.947062194
1695454977.361000 0.100847788 0.001918693 0.268179297 0.006650419 0.327069312 0.002976728 0.944972277
1695454977.670000 0.125608355 0.002200847 0.288143158 0.002584067 0.394423336 -0.008597955 0.918884993
1695454977.825000 0.138729930 0.002171179 0.295663059 0.004110790 0.431839347 -0.010097051 0.901884675
1695454978.003000 0.155184686 0.002211955 0.303442478 0.002067574 0.475630522 -0.009235399 0.879594266
1695454978.177000 0.171552777 0.002736735 0.310561657 -0.001075307 0.503630459 -0.005791880 0.863899171
1695454978.347000 0.185345531 0.002843001 0.317254514 0.004446764 0.505908191 -0.000085959 0.862575889
1695454978.695000 0.213314295 0.002873261 0.333499908 0.007627367 0.505909860 0.000601109 0.862552404
1695454979.032000 0.237312466 0.003266777 0.346688151 0.002476151 0.506113708 0.002212279 0.862460375
1695454979.353000 0.265951544 0.003200822 0.359443486 0.006508857 0.528355181 -0.002800686 0.848993897
1695454979.623000 0.288011789 0.003410246 0.370241135 0.008787825 0.528699100 0.002358995 0.848760545
1695454980.247000 0.337071985 0.003586679 0.393558890 0.007531434 0.534800470 0.001401655 0.844943643
1695454980.914000 0.391677946 0.003655260 0.419890553 0.010481899 0.534387946 0.000290479 0.845174313
1695454981.299000 0.406307250 0.003782763 0.426788628 0.009222988 0.534081578 0.001217522 0.845381796
1695454981.457000 0.439897388 0.004410004 0.441950679 0.005901790 0.537951052 0.000726227 0.842955172
1695454981.780000 0.468390137 0.004456133 0.455408663 0.003927983 0.539445162 -0.001221285 0.842010677
1695454982.107000 0.496148229 0.004003152 0.468226522 0.012554260 0.539038062 -0.005070560 0.842172563
1695454982.266000 0.510519564 0.004075225 0.474738657 0.011474043 0.538671553 -0.001573633 0.842436254
1695454982.653000 0.525215387 0.004420839 0.481646538 0.007424549 0.538741350 0.003174733 0.842432559
1695454982.807000 0.558751285 0.004788208 0.497383267 0.008300021 0.538617790 0.001829952 0.842507362
1695454983.096000 0.584038854 0.004885045 0.509045482 0.007932055 0.538425326 0.002176147 0.842633009
1695454983.260000 0.598649263 0.004859879 0.515931427 0.008074594 0.538308263 0.002217058 0.842706442
1695454983.418000 0.613480091 0.004988736 0.522733450 0.009624333 0.538034379 0.001386264 0.842866838
1695454983.574000 0.627967715 0.005110856 0.529471278 0.008544442 0.537892580 0.002107494 0.842967391
1695454983.734000 0.642263174 0.005189236 0.536073446 0.007568017 0.537831008 0.002882504 0.843013763
1695454983.889000 0.656371534 0.005309572 0.542801738 0.007469751 0.537811995 0.002486697 0.843028069
1695454984.046000 0.670634508 0.005367701 0.549323678 0.007468548 0.537447095 0.001922114 0.843262196
1695454984.463000 0.709648371 0.006401112 0.568161547 0.003829480 0.537218750 -0.001735672 0.843432546
1695454984.591000 0.720672250 0.006055380 0.572977483 0.003373444 0.536909461 -0.002581668 0.843629181
1695454984.965000 0.753522635 0.005701094 0.588111103 0.008358155 0.536961019 -0.003187298 0.843559682
1695454985.233000 0.774879456 0.006022222 0.598007679 0.005398668 0.536883712 0.001385596 0.843637884
1695454985.549000 0.801935017 0.006280337 0.610278845 0.004909848 0.538053870 0.001453635 0.842894912
1695454985.853000 0.828305364 0.006114731 0.618489385 0.006761305 0.562123597 -0.003986606 0.827016056
1695454986.155000 0.855189443 0.006501136 0.629363716 0.008343610 0.562375546 0.000219638 0.826839805
1695454986.607000 0.894372940 0.006924719 0.644438505 0.006489531 0.561945856 0.000195940 0.827148616
1695454986.912000 0.920057833 0.006914888 0.654834330 0.003702869 0.561968923 0.000494547 0.827149928
1695454987.208000 0.946242809 0.006930538 0.665150404 0.007937669 0.561895728 -0.000828650 0.827169597
1695454987.508000 0.972438157 0.007185065 0.675274193 0.006159052 0.561565757 -0.000314125 0.827409148
1695454987.804000 0.998619616 0.007601622 0.685225308 0.005750028 0.560802341 0.002612923 0.827925622
1695454988.099000 1.024020314 0.007465683 0.695595741 0.009176562 0.560845554 -0.001629470 0.827867925
1695454988.541000 1.063289881 0.007798675 0.712502837 0.006279345 0.553372860 0.001153881 0.832909167
1695454988.988000 1.101750612 0.007816661 0.729142070 0.007243963 0.551989734 -0.000998948 0.833818853
1695454989.279000 1.127336860 0.008000792 0.740026772 0.006892914 0.551999152 -0.000669844 0.833815932
1695454989.711000 1.169474959 0.007980727 0.757800996 0.006668198 0.551544011 -0.003112822 0.834113359
1695454990.004000 1.199105144 0.008120208 0.770317256 0.004296717 0.551365972 -0.003237192 0.834246159
1695454990.293000 1.229852080 0.008224886 0.783831894 0.005906865 0.551383376 -0.002704454 0.834226727
1695454990.579000 1.260524154 0.007597812 0.796738625 0.013894600 0.551197648 -0.006080569 0.834236860
1695454990.862000 1.291453958 0.008192176 0.809897125 0.004540066 0.551222026 0.002849448 0.834341466
1695454991.144000 1.321846128 0.008213187 0.823864341 0.007112355 0.551328838 0.001402276 0.834256530
1695454991.426000 1.351301193 0.008644550 0.835913241 0.008036570 0.550895691 0.000678198 0.834535062
1695454991.706000 1.380956650 0.008901246 0.848604381 0.006828422 0.550614238 0.001520090 0.834730506
1695454991.992000 1.410099983 0.008915924 0.861045480 0.007551996 0.550464332 0.000909573 0.834824026
1695454992.275000 1.439621806 0.009046207 0.873495221 0.007217338 0.550104797 0.000968722 0.835063875
1695454992.550000 1.467612147 0.009094913 0.885761976 0.006746604 0.549894869 0.000905238 0.835206151
1695454992.906000 1.503717899 0.009244965 0.901412129 0.005449031 0.549597740 -0.002245307 0.835408628
1695454993.326000 1.544166803 0.009597980 0.918480277 0.006993755 0.549610615 0.001140538 0.835390985
1695454993.618000 1.572258830 0.009651473 0.933142185 0.010544728 0.530899167 0.006370771 0.847345471
1695454993.901000 1.598069668 0.009690477 0.946037889 0.007856819 0.527007818 0.001810273 0.849822223
1695454994.329000 1.633087516 0.010211274 0.973347723 0.014988274 0.450865716 0.014091028 0.892354727
1695454994.631000 1.653883576 0.009812166 0.995098650 0.006874803 0.405553401 0.003553765 0.914038599
1695454994.936000 1.675911903 0.010280129 1.015558600 0.001650835 0.405080020 -0.006476650 0.914256871
1695454995.239000 1.696817160 0.010551056 1.036664724 0.002571879 0.389173061 0.000812733 0.921160758
1695454995.709000 1.725176930 0.011296280 1.071809530 0.000967903 0.352601200 -0.005644028 0.935756207
1695454996.348000 1.762260914 0.011491623 1.117349029 -0.000847677 0.328300983 -0.003350532 0.944566846
1695454996.672000 1.779281020 0.012248479 1.143114805 -0.002137906 0.305322498 -0.008416211 0.952209473
1695454997.000000 1.792990208 0.012530658 1.169758081 0.000750801 0.261482954 -0.000955088 0.965207338
1695454997.167000 1.800866842 0.012675080 1.182942152 0.001098994 0.256048352 -0.007822025 0.966631711
1695454997.505000 1.814305782 0.012969768 1.209541202 0.001269838 0.242644921 -0.005702748 0.970097601
1695454997.855000 1.820668697 0.012657177 1.239575028 0.010544671 0.159266800 0.002248067 0.987176716
1695454998.039000 1.821932077 0.013252685 1.255768657 0.005169420 0.113759071 0.004065152 0.993486583
1695454998.383000 1.820930481 0.012937138 1.281924009 0.005283775 0.037407778 0.011653793 0.999218166
1695454998.551000 1.818261266 0.013523528 1.299108982 0.000224157 -0.011813601 0.014213221 0.999829233
1695454998.723000 1.814611435 0.013836070 1.312961817 -0.001240623 -0.053307895 0.016180905 0.998446286
1695454998.978000 1.809963942 0.013970665 1.326561213 0.002591824 -0.091628969 0.012379391 0.995712936
1695454999.165000 1.805029988 0.014059407 1.347737432 -0.000736927 -0.101002619 0.008202892 0.994852066
1695454999.521000 1.803111553 0.014103326 1.371054888 0.005134566 -0.138478324 0.013484085 0.990260363
1695455000.264000 1.772265673 0.014597701 1.424947858 0.001104434 -0.205191895 0.009481939 0.978675246
1695455000.633000 1.761348486 0.014855279 1.450514317 0.001328051 -0.205906525 0.009400706 0.978525639
1695455001.195000 1.741750479 0.015367074 1.487622738 0.001401763 -0.223728731 0.010094534 0.974598169
1695455001.760000 1.722762942 0.015619933 1.525238514 0.003352939 -0.224467292 0.009936808 0.974425256
1695455001.948000 1.716329694 0.015522459 1.538517594 0.004467840 -0.224823698 0.010510759 0.974332571
1695455002.308000 1.702628613 0.015908942 1.566442013 0.001586164 -0.225080505 0.009818918 0.974289417
1695455002.678000 1.688554406 0.016095519 1.594385624 0.001958915 -0.225095809 0.009304085 0.974290252
1695455003.052000 1.673567653 0.016808489 1.625538826 0.002401006 -0.225541309 0.006358436 0.974209905
1695455003.239000 1.665299416 0.016916007 1.642596722 0.007176363 -0.225606069 0.008640156 0.974153876
1695455003.774000 1.647495747 0.017382042 1.678141832 0.000759494 -0.225972846 0.008042171 0.974100113
1695455003.966000 1.632231712 0.017466476 1.704543352 0.002266445 -0.219383568 0.007874712 0.975604296
1695455004.147000 1.624420643 0.017432131 1.723595142 0.001878073 -0.215993851 0.007651397 0.976362944
1695455004.509000 1.609315753 0.017949583 1.755397201 0.001235145 -0.215380251 0.009479804 0.976483524
1695455004.689000 1.601489782 0.018125791 1.771157384 0.001970248 -0.214972630 0.009453206 0.976572394
1695455004.873000 1.593884706 0.018205518 1.787317276 0.002726827 -0.213389814 0.009030549 0.976921618
1695455005.056000 1.587171555 0.018155156 1.803218484 0.002787172 -0.193882436 0.004990051 0.981008172
1695455005.239000 1.583196044 0.018405609 1.816878319 0.001898911 -0.190973625 0.005330207 0.981578887
1695455005.416000 1.580011487 0.019159703 1.830104828 0.002722583 -0.191092253 0.006693427 0.981545508
1695455005.592000 1.575586915 0.019543543 1.844428420 0.003686893 -0.191674426 0.006381207 0.981430948
1695455005.767000 1.571533322 0.019891407 1.858457088 0.004121882 -0.192435503 0.007583418 0.981271684
1695455005.941000 1.565257311 0.019994223 1.874092102 0.002241353 -0.192801461 0.007295533 0.981208146
1695455006.115000 1.558249950 0.020035930 1.890128613 0.001263497 -0.192442849 0.007437950 0.981279194
1695455006.292000 1.551465273 0.020178638 1.906019449 0.002351546 -0.192512423 0.007696547 0.981261551
1695455006.467000 1.544830799 0.020167112 1.921552062 0.002419077 -0.192208543 0.008128936 0.981317461
1695455006.639000 1.538106918 0.020238131 1.937348604 0.001786525 -0.192056254 0.008218675 0.981347859
1695455006.813000 1.532007575 0.020447804 1.952589989 0.001556266 -0.192630693 0.008515408 0.981233180
1695455006.993000 1.525031447 0.020463452 1.967847705 0.001846715 -0.191983148 0.008413216 0.981360435
1695455007.167000 1.518451571 0.020608176 1.983571410 0.002048760 -0.192175627 0.008401547 0.981322467
1695455007.340000 1.512107730 0.020769306 1.998406410 0.003077616 -0.192202821 0.008972000 0.981309414
1695455007.511000 1.505943060 0.020653144 2.014000654 0.004878095 -0.192870378 0.009433512 0.981166780
1695455007.853000 1.492450476 0.021045553 2.044277191 -0.001499245 -0.192633823 0.007867031 0.981238067
1695455008.198000 1.481611013 0.021236785 2.072346210 0.003913166 -0.192221984 0.006375564 0.981323004
1695455008.539000 1.470383286 0.021683391 2.099995613 0.000969480 -0.192539036 0.008236985 0.981254280
1695455008.859000 1.462099075 0.021780733 2.120491266 0.002480834 -0.192762673 0.007508313 0.981213570
1695455009.033000 1.456522226 0.021877512 2.134423733 0.002316956 -0.192864522 0.007524835 0.981193841
1695455009.546000 1.450957656 0.022087418 2.148116112 0.002073142 -0.192872852 0.007706753 0.981191337
1695455009.863000 1.432157278 0.022312798 2.196968317 0.002093728 -0.194165856 0.008175714 0.980932415
1695455010.199000 1.419693351 0.022492444 2.223341942 0.002393364 -0.193294197 0.008911989 0.981097460
1695455010.539000 1.409922719 0.022311494 2.248753786 0.005783326 -0.194276914 0.010158413 0.980877101
1695455010.870000 1.400222540 0.022948056 2.272664309 0.001577636 -0.194306478 0.009801715 0.980890632
1695455011.208000 1.390465736 0.023079017 2.296655416 -0.000144734 -0.194733873 0.009777558 0.980807364
1695455011.539000 1.380548000 0.023285042 2.320645571 0.002865426 -0.195006669 0.009432826 0.980752409
1695455011.872000 1.370816708 0.023564879 2.344176769 -0.000954549 -0.195214629 0.009550713 0.980713606
1695455012.203000 1.361164808 0.023606757 2.367305994 0.003127237 -0.195230439 0.011553355 0.980684400
1695455012.695000 1.347092867 0.023724545 2.401987314 0.004324783 -0.196194485 0.012495675 0.980475903
1695455013.025000 1.337046146 0.023913555 2.425401926 -0.000281484 -0.196256891 0.012032274 0.980478644
1695455013.351000 1.327516079 0.024385812 2.448348999 -0.001807520 -0.196635008 0.011533685 0.980407238
1695455013.679000 1.318077564 0.024146602 2.471090078 0.004855477 -0.196930528 0.012433066 0.980326593
1695455014.005000 1.308883786 0.024523122 2.493537426 0.000549089 -0.197571546 0.011908167 0.980215967
1695455014.330000 1.299764037 0.024801407 2.515025377 0.002334032 -0.198014945 0.009177229 0.980153322
1695455014.651000 1.290533066 0.024598613 2.536631346 0.007984045 -0.198847055 0.006221048 0.979978263
1695455015.283000 1.281132460 0.025211148 2.558813810 -0.002152915 -0.198511377 0.007323879 0.980068862
1695455015.597000 1.264046788 0.024471961 2.597147465 0.000093897 -0.199355781 0.012840783 0.979843080
1695455015.916000 1.252955317 0.025971632 2.626123428 0.001720469 -0.199468955 0.009987248 0.979851782
1695455016.234000 1.242739677 0.025523726 2.649720430 0.004184465 -0.199569121 0.009844455 0.979825377
1695455016.712000 1.226858497 0.026155343 2.687063694 0.001413150 -0.200711459 0.009527168 0.979603052
1695455017.025000 1.214996099 0.026654471 2.711969137 0.001258807 -0.216096774 0.011644362 0.976301730
1695455017.342000 1.203338385 0.026583068 2.736407757 0.001488561 -0.216862872 0.009673210 0.976153016
1695455017.653000 1.192042947 0.026777331 2.760105848 0.001731307 -0.217223227 0.009588231 0.976073325
1695455017.966000 1.180844903 0.026894510 2.783677578 0.003209298 -0.217587993 0.010131605 0.975982904
1695455018.282000 1.169058561 0.027339879 2.809418678 0.004381321 -0.218623340 0.011342251 0.975733578
1695455018.596000 1.156811953 0.027673442 2.836251020 0.003575573 -0.219468355 0.010652845 0.975554943
1695455018.907000 1.144007444 0.027817803 2.862959623 0.000804752 -0.219139442 0.011158972 0.975629449
1695455019.225000 1.130640030 0.028125238 2.891028404 -0.000866950 -0.219565377 0.010465127 0.975541294
1695455019.533000 1.117542982 0.028288316 2.918076038 0.001972107 -0.219831526 0.010110700 0.975483477
1695455019.838000 1.105004311 0.028460350 2.945389509 0.000876382 -0.215029821 0.008923724 0.976566315
1695455020.141000 1.092522144 0.028887531 2.971408129 0.001234428 -0.212635666 0.010279153 0.977076709
1695455020.599000 1.074691057 0.029069137 3.010676861 0.003003710 -0.213266611 0.010993187 0.976927578
1695455021.082000 1.054764271 0.029337589 3.051520824 0.002784000 -0.213238716 0.011228471 0.976931691
1695455021.386000 1.042366028 0.029533284 3.078165293 0.002856401 -0.213233471 0.011705521 0.976926982
1695455021.685000 1.031539798 0.029277332 3.103469372 -0.001137098 -0.214434445 0.010214393 0.976684332
1695455021.837000 1.024520874 0.029098380 3.116580009 0.000993999 -0.213522375 0.010553586 0.976880670
1695455022.132000 1.012655139 0.029424645 3.141895533 0.000839782 -0.213575318 0.010592427 0.976868808
1695455022.427000 1.000921845 0.029680669 3.167136908 0.001369764 -0.213644728 0.010910906 0.976849556
1695455022.574000 0.997926831 0.030263118 3.179437160 0.001560496 -0.216894329 0.011076670 0.976131022
1695455022.868000 0.984230638 0.030485574 3.204437733 0.001522823 -0.214732334 0.011341799 0.976605892
1695455023.157000 0.973171234 0.030482570 3.228678465 0.001839499 -0.215635449 0.011107943 0.976409018
1695455023.448000 0.961752236 0.030783910 3.253153324 0.001524038 -0.215956345 0.010520918 0.976345181
1695455023.739000 0.950125754 0.031025905 3.277555704 0.000181708 -0.215926170 0.011029932 0.976347387
1695455023.885000 0.944134116 0.031237256 3.289484739 0.000872927 -0.215104595 0.010733103 0.976531684
1695455024.029000 0.938470006 0.031310651 3.301589966 0.001531787 -0.215531811 0.010864697 0.976435184
1695455024.319000 0.927114189 0.031520247 3.325757027 0.001117513 -0.215977073 0.012118641 0.976322591
1695455024.754000 0.910447896 0.032020181 3.361451387 0.000801426 -0.216223374 0.012722769 0.976260722
1695455024.900000 0.904907763 0.031993359 3.373137474 0.000643621 -0.216130614 0.012818326 0.976280093
1695455025.341000 0.888331950 0.032332137 3.408698559 0.001512978 -0.216946304 0.013079165 0.976094782
1695455025.483000 0.882733524 0.032501865 3.420332193 0.001928032 -0.216878265 0.012323454 0.976118982
1695455025.626000 0.877376795 0.032627173 3.431842804 0.001430894 -0.216990978 0.012592946 0.976091325
1695455025.768000 0.871934116 0.032684468 3.443467140 0.000765578 -0.217097864 0.010749680 0.976090372
1695455025.910000 0.866480410 0.032787863 3.454752922 0.000619302 -0.216878191 0.011008103 0.976136446
1695455026.050000 0.861229181 0.032925628 3.466105223 0.001033381 -0.217104733 0.011801010 0.976076484
1695455026.191000 0.855906367 0.033143602 3.477570057 0.000904028 -0.217145249 0.013134276 0.976050556
1695455026.648000 0.850526214 0.033196375 3.488310337 -0.000731899 -0.216606915 0.014258304 0.976154506
1695455026.782000 0.834877014 0.033843480 3.522885323 -0.002459021 -0.217216387 0.016402084 0.975982547
1695455027.219000 0.819511533 0.034018137 3.555444002 0.000136621 -0.217294723 0.016798040 0.975961506
1695455027.396000 0.812810004 0.034286018 3.569083214 -0.000061100 -0.217295781 0.013376711 0.976014197
1695455027.718000 0.801109552 0.034188919 3.595419884 0.001224608 -0.212582722 0.013717600 0.977046013
1695455027.855000 0.796652794 0.034151338 3.605929852 0.002615835 -0.212795988 0.013981204 0.976993144
1695455028.129000 0.786880016 0.034233078 3.626618862 0.000960884 -0.213113889 0.012777340 0.976943314
1695455028.263000 0.782608509 0.034425188 3.636631489 0.000328788 -0.212582052 0.010977919 0.977081537
1695455028.399000 0.778586924 0.034346476 3.647277355 0.001545585 -0.196452573 0.009592026 0.980465233
1695455028.534000 0.775183797 0.034440607 3.657587528 0.004148091 -0.184243917 0.009838689 0.982822597
1695455028.667000 0.771330178 0.034489043 3.667727947 0.003255043 -0.182333484 0.009042118 0.983189821
1695455028.802000 0.766941011 0.034754444 3.677716732 -0.002787778 -0.181505904 0.010438439 0.983330548
1695455028.951000 0.763656378 0.035273895 3.687465191 -0.006890429 -0.181753770 0.010710966 0.983261585
1695455029.098000 0.759365022 0.035307635 3.699340820 -0.003045689 -0.181765065 0.011729197 0.983267307
1695455029.249000 0.755279064 0.035300486 3.709128857 0.002637995 -0.183708057 0.013691207 0.982881963
1695455029.393000 0.749915302 0.035307914 3.720760345 0.002678398 -0.196849942 0.017143253 0.980280101
1695455029.547000 0.745809078 0.035452038 3.730164051 0.000596641 -0.197617292 0.013173100 0.980190575
1695455029.821000 0.737019181 0.035441197 3.751317978 0.003601028 -0.198486939 0.016407615 0.979959607
1695455030.083000 0.729355454 0.035801657 3.769539356 -0.002840051 -0.199194893 0.016449632 0.979817748
1695455030.346000 0.721699893 0.035999712 3.787793398 -0.001436265 -0.199352607 0.016109955 0.979794323
1695455030.609000 0.713973761 0.036153756 3.806295633 -0.000033348 -0.199138179 0.018317709 0.979800224
1695455030.870000 0.705596447 0.036592759 3.826133251 -0.003281240 -0.199661463 0.018735688 0.979680300
1695455031.131000 0.697006106 0.036593698 3.845747948 0.000335340 -0.199892759 0.016979573 0.979670584
1695455031.388000 0.688776195 0.036796369 3.865341187 -0.002012877 -0.199982345 0.016110387 0.979664981
1695455032.023000 0.667558312 0.037177637 3.912202358 -0.000104770 -0.201295048 0.013530642 0.979437172
1695455032.279000 0.657887459 0.037196346 3.933668852 -0.000732986 -0.200848162 0.013940817 0.979522884
1695455032.532000 0.648608804 0.037416004 3.954617023 -0.000140814 -0.200393423 0.013933809 0.979616404
1695455032.785000 0.640297949 0.037619509 3.974732876 -0.000593990 -0.200498700 0.013860647 0.979595721
1695455033.168000 0.627246201 0.037934657 4.005644321 0.000144231 -0.200738579 0.014130993 0.979542911
1695455033.421000 0.618684173 0.038185570 4.026099205 -0.000156007 -0.201046258 0.014200733 0.979478836
1695455033.671000 0.609902859 0.038346812 4.046074390 -0.000107690 -0.200883269 0.013091661 0.979527712
1695455033.925000 0.601595402 0.038217075 4.065780163 0.003864313 -0.200973690 0.012015835 0.979515314
1695455034.179000 0.592023671 0.038784027 4.084862232 -0.003970667 -0.216487378 0.015877601 0.976148248
1695455034.429000 0.583312333 0.038924407 4.103809834 -0.000872345 -0.217638418 0.014113805 0.975927055
1695455034.681000 0.574438035 0.039015770 4.122626305 0.001028627 -0.217527628 0.014169126 0.975950778
1695455034.930000 0.565923393 0.039274078 4.141065121 -0.000110460 -0.217891932 0.014892763 0.975859284
1695455035.180000 0.557058811 0.039482020 4.159646034 -0.000083743 -0.217881829 0.015170329 0.975857258
1695455035.434000 0.548323035 0.039594773 4.178015709 -0.000631203 -0.217758209 0.015240429 0.975883543
1695455035.706000 0.539541721 0.039715797 4.196437359 -0.000281398 -0.217808306 0.015213122 0.975872993
1695455035.859000 0.534141660 0.039773487 4.207966328 0.000931471 -0.217794061 0.015490784 0.975871384
1695455036.148000 0.523382008 0.040139474 4.230452538 -0.000283364 -0.217969820 0.013318215 0.975864589
1695455036.395000 0.514901578 0.040162265 4.248091221 0.000092415 -0.218468472 0.013719776 0.975747585
1695455036.517000 0.510629833 0.040316965 4.257215977 0.001023400 -0.218641907 0.013055678 0.975717306
1695455036.767000 0.501962841 0.040583786 4.275485992 0.000184757 -0.218572706 0.013774499 0.975723445
1695455037.008000 0.493932188 0.040777914 4.292734146 -0.000961584 -0.218943998 0.014759901 0.975625336
1695455037.487000 0.477893472 0.041186132 4.326591015 -0.000147553 -0.218872204 0.015519345 0.975630105
1695455037.725000 0.469609678 0.041232221 4.344141006 0.001380010 -0.218995586 0.015988681 0.975593865
1695455037.966000 0.461067200 0.041350272 4.362191677 0.001854154 -0.219074190 0.016439673 0.975567937
1695455038.206000 0.452182472 0.041745946 4.380921364 -0.000870795 -0.219137460 0.015546915 0.975569785
1695455038.446000 0.443188608 0.041767038 4.399809361 0.002999532 -0.219122857 0.015268435 0.975573242
1695455038.700000 0.433746636 0.042139918 4.419545650 -0.000978331 -0.219367459 0.013265680 0.975551665
1695455038.956000 0.424861521 0.042339966 4.438225269 -0.000138532 -0.219201833 0.013669310 0.975583792
1695455039.194000 0.415636301 0.042511307 4.458213329 0.000107258 -0.219354615 0.016352756 0.975508153
1695455039.430000 0.406568348 0.042716768 4.477725506 -0.000150222 -0.219252929 0.016478019 0.975528896
1695455039.667000 0.397213221 0.043011442 4.497653961 -0.000708791 -0.219537199 0.016626419 0.975462198
1695455040.054000 0.381955087 0.043370217 4.529678822 -0.000800308 -0.219504088 0.017302649 0.975457847
1695455040.290000 0.373296946 0.043561179 4.549018860 -0.000606916 -0.216054261 0.016446117 0.976242661
1695455040.579000 0.364664495 0.044017684 4.574104309 -0.000075121 -0.186871320 0.011279151 0.982319713
1695455040.870000 0.355364978 0.044385597 4.597552776 -0.003104781 -0.186597317 0.012200274 0.982355833
1695455041.155000 0.346446037 0.045055684 4.622293472 -0.003497731 -0.186899424 0.011628468 0.982303977
1695455041.441000 0.337182105 0.045013823 4.644855499 0.001786889 -0.186462447 0.013397178 0.982369125
1695455041.707000 0.329656512 0.045275144 4.666909218 -0.000651742 -0.186740533 0.015543067 0.982286155
1695455041.990000 0.319493204 0.045855708 4.690804958 -0.001351314 -0.186476901 0.016448937 0.982320726
1695455042.547000 0.300888121 0.046412058 4.737257481 0.000566640 -0.185580641 0.017513951 0.982472777
1695455043.098000 0.284097761 0.047254961 4.781556606 -0.005996305 -0.185851425 0.016795639 0.982416034
1695455043.508000 0.270430863 0.047115296 4.814503670 0.002692821 -0.185194850 0.014883005 0.982585430
1695455043.919000 0.258236319 0.047567505 4.846621513 -0.000134165 -0.186468378 0.019260777 0.982272148
1695455044.332000 0.245477736 0.048161071 4.878509045 -0.000291194 -0.186267883 0.018474992 0.982325256
1695455044.602000 0.236570314 0.047972817 4.900973797 0.008579285 -0.185986534 0.015130482 0.982398331
1695455044.872000 0.227089882 0.048279714 4.924997330 0.005738988 -0.186664820 0.011274154 0.982342243
1695455045.277000 0.211704776 0.049103033 4.963836670 -0.002146963 -0.186030790 0.021360798 0.982309341
1695455045.547000 0.201174721 0.048851993 4.991338253 0.004890359 -0.186722711 0.024405453 0.982097328
1695455045.819000 0.189473704 0.049419183 5.020439148 -0.000257180 -0.187072992 0.021999296 0.982099652
1695455046.087000 0.177675381 0.050219305 5.049696922 -0.005229579 -0.187204704 0.019903576 0.982105374
1695455046.487000 0.158966243 0.049941264 5.091298103 0.002198529 -0.207917765 0.027474340 0.977757931
1695455046.751000 0.146143064 0.050049022 5.118703365 -0.002007449 -0.208117872 0.022191811 0.977849960
1695455047.158000 0.129585147 0.050185926 5.158247471 0.001224830 -0.208622381 0.019202229 0.977806985
1695455047.405000 0.118386388 0.050314002 5.185059071 -0.002741083 -0.209489733 0.019087145 0.977620721
1695455047.816000 0.100742474 0.051144984 5.225483418 0.002884033 -0.209930003 0.018735258 0.977532625
1695455048.325000 0.078379676 0.051761582 5.266415596 -0.001226266 -0.208364710 0.019365998 0.977858722
1695455048.583000 0.067639142 0.052069116 5.292671680 -0.001120746 -0.209189340 0.019502109 0.977680027
1695455048.965000 0.051802456 0.052564304 5.327985287 -0.000244834 -0.209699005 0.019625826 0.977568984
1695455049.224000 0.041448995 0.052705795 5.350565910 -0.000492702 -0.209705725 0.019534942 0.977569282
1695455049.587000 0.026333615 0.052948758 5.384514809 -0.000523804 -0.210045621 0.019519428 0.977496564
1695455049.838000 0.016436681 0.053218964 5.407046318 -0.003446053 -0.210692793 0.018925590 0.977363050
1695455050.217000 0.001722932 0.053207710 5.440524578 0.001529320 -0.211041451 0.019895907 0.977273464
1695455050.468000 -0.008440048 0.053515434 5.460703850 -0.000674016 -0.210219577 0.018707467 0.977474988
1695455050.845000 -0.022491619 0.053325322 5.492368221 0.000294447 -0.210809365 0.018364789 0.977354646
1695455051.113000 -0.032472461 0.053489655 5.513316631 -0.000587094 -0.210776627 0.017776469 0.977372468
1695455051.352000 -0.042484596 0.053792804 5.534647465 0.000274058 -0.210678041 0.017858868 0.977392316
1695455051.598000 -0.052390262 0.053932879 5.554865837 0.000186484 -0.210181147 0.018490892 0.977487564
1695455051.844000 -0.061915085 0.053712599 5.575157642 0.002474062 -0.210167348 0.018879844 0.977479994
1695455051.970000 -0.066775456 0.053772241 5.585192204 0.003522768 -0.209948197 0.019179471 0.977518022
1695455052.213000 -0.076021932 0.053463507 5.605145454 0.000433649 -0.210072458 0.017925542 0.977521420
1695455052.455000 -0.085539155 0.053726863 5.625549793 -0.000959448 -0.210209757 0.017103594 0.977506220
1695455052.818000 -0.099635854 0.054084785 5.656134605 -0.000229937 -0.210056737 0.017071920 0.977540135
1695455052.942000 -0.103951946 0.054237649 5.666372299 -0.000240532 -0.210652098 0.016922504 0.977414608
1695455053.181000 -0.113422580 0.054544929 5.685237408 -0.000163476 -0.210080162 0.016962841 0.977536976
1695455053.543000 -0.127065301 0.054704800 5.715363026 0.000105041 -0.210649654 0.017200839 0.977410316
1695455053.785000 -0.136489168 0.054794688 5.734512806 -0.000953976 -0.210423291 0.018054806 0.977443218
1695455054.223000 -0.141107395 0.055149853 5.743794441 -0.003949257 -0.210565165 0.017871408 0.977408469
1695455054.468000 -0.152503446 0.054246802 5.774875641 -0.000073675 -0.211046845 0.014703498 0.977365375
1695455054.703000 -0.159738690 0.054497879 5.790982246 -0.002264224 -0.211185962 0.012658302 0.977361321
1695455054.938000 -0.166462064 0.054930899 5.806704044 -0.000855583 -0.211788177 0.014596670 0.977206230
1695455055.291000 -0.176796332 0.055497706 5.829974174 -0.000823114 -0.212532207 0.014183337 0.977050781
1695455055.524000 -0.183715671 0.055691335 5.844990730 -0.000807044 -0.212472722 0.014542719 0.977058470
1695455055.875000 -0.194167316 0.055938151 5.867605686 -0.000718034 -0.211990982 0.015920922 0.977141678
1695455056.104000 -0.200832292 0.056018274 5.882296085 0.000646155 -0.212084830 0.019178258 0.977062821
1695455056.218000 -0.204101354 0.055992432 5.889448643 0.002693855 -0.212211952 0.018778101 0.977039516
1695455056.449000 -0.210623711 0.056383707 5.904120445 -0.000811800 -0.212182194 0.017786438 0.977067888
1695455056.676000 -0.217299178 0.056379192 5.918245792 -0.002882077 -0.212030649 0.019620724 0.977061808
1695455056.903000 -0.223746896 0.056576964 5.932153225 -0.001336596 -0.212318361 0.019924294 0.976996481
1695455057.131000 -0.230171308 0.056798168 5.946166515 -0.000920594 -0.212254986 0.019530015 0.977018714
