1695801298.016000 0.000000000 0.000000000 0.000000000 -0.000000000 -0.000000000 -0.000000000 1.000000000
1695801298.282000 0.001138753 0.000038475 0.006547025 -0.001629010 0.015892057 -0.002871242 0.999868274
1695801298.555000 0.002737065 0.000261353 0.012747040 -0.003529948 0.039610930 -0.002820360 0.999204993
1695801298.817000 0.004917093 0.000428922 0.018800639 -0.005011998 0.063774072 -0.002079904 0.997949600
1695801299.341000 0.008698487 0.000891382 0.031316932 -0.006436133 0.097780041 -0.003286227 0.995181859
1695801299.858000 0.012833563 0.001016986 0.043417118 -0.004584922 0.121959142 -0.005111392 0.992511392
1695801300.371000 0.018904421 0.001454641 0.054209005 -0.007177851 0.166824624 -0.009140204 0.985918105
1695801300.949000 0.026656827 0.001696350 0.066404983 -0.005628226 0.219042465 -0.008400511 0.975662947
1695801301.480000 0.035171468 0.002035683 0.077225089 -0.004125679 0.261555344 -0.011828497 0.965107203
1695801302.015000 0.041981857 0.002309383 0.089920685 -0.004008086 0.264748991 -0.008780843 0.964269102
1695801302.601000 0.051380046 0.002538371 0.103267878 -0.005118518 0.279536843 -0.010492978 0.960063994
1695801303.165000 0.060154118 0.002850494 0.118625887 -0.003809231 0.281134188 -0.007863665 0.959628701
1695801304.026000 0.075773165 0.004337011 0.143096179 -0.000882099 0.281010687 -0.008904709 0.959662974
1695801304.854000 0.094970211 0.004182986 0.172708824 -0.001239002 0.280777067 -0.009046114 0.959729612
1695801306.019000 0.115713842 0.005346439 0.205858126 -0.004764154 0.280134559 -0.009444609 0.959902465
1695801306.826000 0.138488710 0.006740475 0.239612564 -0.005474428 0.299304783 -0.017239727 0.953986108
1695801307.883000 0.162677720 0.006974712 0.271586239 -0.004644256 0.316629171 -0.017279327 0.948380649
1695801308.923000 0.187024310 0.007503733 0.302505761 -0.005025078 0.318032473 -0.017421791 0.947906435
1695801309.932000 0.208445862 0.008446217 0.332315505 -0.005982351 0.319269538 -0.016264601 0.947505474
1695801310.972000 0.232508898 0.008853480 0.362339616 -0.003437404 0.318159521 -0.016836118 0.947881460
1695801311.975000 0.253457427 0.008988608 0.391119242 -0.005073539 0.319818944 -0.016575379 0.947320104
1695801312.987000 0.275350153 0.008983819 0.419167519 -0.005259161 0.319731832 -0.015173855 0.947372019
1695801314.035000 0.299907684 0.010061717 0.451946437 -0.006362968 0.321869552 -0.016057186 0.946626484
1695801315.030000 0.323133409 0.010725407 0.480911702 -0.004586414 0.324037701 -0.018344684 0.945855200
1695801316.255000 0.349883616 0.011664633 0.516932487 -0.003137599 0.327357113 -0.015097538 0.944774926
1695801317.451000 0.377832949 0.012257537 0.551197886 -0.003016138 0.328838527 -0.017924942 0.944211245
1695801318.407000 0.388902724 0.012703743 0.566443920 -0.002747084 0.330780804 -0.017648574 0.943538606
1695801319.457000 0.403609157 0.012659049 0.583409429 -0.003801162 0.331575841 -0.019949537 0.943210006
1695801320.647000 0.418030918 0.012399568 0.601665854 -0.003541954 0.332051575 -0.022324216 0.942990363
1695801321.804000 0.434214711 0.012827868 0.620666027 -0.003907543 0.331430286 -0.022350932 0.943206906
1695801322.929000 0.448232293 0.013394823 0.640105128 -0.001060197 0.341355473 -0.027260324 0.939538300
1695801324.079000 0.460750967 0.013002533 0.655118048 -0.005971740 0.343810648 -0.023496021 0.938726068
1695801325.016000 0.470398575 0.013438028 0.668575525 -0.007369066 0.344473451 -0.022087181 0.938507259
1695801325.699000 0.479410827 0.013518592 0.677947402 -0.005925479 0.341237277 -0.024262311 0.939645350
1695801326.370000 0.486513138 0.013450747 0.685617089 -0.000192435 0.339716703 -0.026600076 0.940151572
1695801327.047000 0.494563669 0.013342456 0.694083691 -0.005927913 0.336195618 -0.027237767 0.941379547
1695801327.722000 0.501242697 0.013758978 0.703118443 -0.013537948 0.339565754 -0.026952870 0.940098584
1695801328.382000 0.508235276 0.013617782 0.710943341 -0.008224061 0.336653262 -0.029308571 0.941136539
1695801329.055000 0.514853418 0.013718400 0.719312847 -0.008155649 0.323897928 -0.028805640 0.945618272
1695801329.729000 0.521424294 0.013827091 0.727712631 -0.009194479 0.323277324 -0.028902918 0.945818067
1695801330.687000 0.529605269 0.013784906 0.738477349 -0.009727428 0.323126972 -0.026945636 0.945921898
1695801331.357000 0.535481572 0.013994560 0.746183097 -0.007727856 0.322408140 -0.027676307 0.946164548
1695801332.008000 0.541185319 0.014075730 0.753690481 -0.009047239 0.318921745 -0.028180990 0.947318792
1695801332.883000 0.547944665 0.014165157 0.761742234 -0.010172128 0.319174200 -0.031379137 0.947121799
1695801333.790000 0.553956091 0.014191272 0.769549131 -0.010020285 0.320333779 -0.030699201 0.946754158
1695801334.648000 0.558540165 0.014305333 0.775682926 -0.007237024 0.320914060 -0.029345175 0.946625948
1695801335.517000 0.563099205 0.014378197 0.781470120 -0.008765894 0.319211096 -0.030312423 0.947158158
1695801336.590000 0.566865146 0.014367355 0.787131011 -0.008148065 0.318513870 -0.029351829 0.947428644
1695801337.430000 0.570097029 0.014396239 0.791052163 -0.008202646 0.316869497 -0.027177095 0.948044240
1695801338.266000 0.571960866 0.014447449 0.792501688 -0.010768682 0.313366860 -0.027833246 0.949163079
1695801339.484000 0.570342481 0.014232936 0.786302924 -0.010863486 0.307645440 -0.021818722 0.951188862
1695801343.582000 0.573317885 0.014437787 0.793835282 -0.013688928 0.317226827 -0.023639001 0.947956204
1695801346.162000 0.572552145 0.014646054 0.793018639 -0.012359551 0.313028425 -0.015479649 0.949537158
1695801346.937000 0.570319414 0.014318106 0.792056262 -0.012077043 0.319263250 -0.016231557 0.947450101
1695801348.119000 0.572262764 0.014383418 0.794084132 -0.013788558 0.319562435 -0.023914624 0.947163045
1695801349.808000 0.572749674 0.014470590 0.794866085 -0.014844602 0.333304286 -0.025673028 0.942352831
1695801350.724000 0.576284111 0.014515056 0.798833430 -0.009984821 0.331379682 -0.020134037 0.943229795
1695801351.635000 0.577664614 0.014625060 0.800767422 -0.008589972 0.332190633 -0.019843018 0.942964435
1695801352.544000 0.578413129 0.014477475 0.801496923 -0.013066844 0.330815226 -0.025092177 0.943271399
1695801353.426000 0.580097616 0.014572382 0.803695023 -0.013385562 0.332614899 -0.028582454 0.942534506
1695801354.312000 0.581918478 0.014709435 0.805928528 -0.010476336 0.331606209 -0.025962928 0.943002403
1695801355.474000 0.583514452 0.014768584 0.808003902 -0.010778600 0.332385093 -0.029239113 0.942628860
1695801356.354000 0.584745824 0.014819924 0.809564292 -0.009411694 0.332545877 -0.028585935 0.942606747
1695801357.238000 0.585980892 0.014830164 0.811106503 -0.014279065 0.333075643 -0.024102950 0.942483842
1695801358.133000 0.587253690 0.014850119 0.812616944 -0.009346740 0.332290143 -0.028038220 0.942714095
1695801359.016000 0.587726235 0.014837917 0.813234627 -0.010579948 0.333185315 -0.029880835 0.942328393
1695801359.853000 0.588209271 0.014859265 0.813764393 -0.010413736 0.332096726 -0.029140288 0.942737639
1695801360.867000 0.588189602 0.014860502 0.813759744 -0.011870310 0.328346312 -0.031290211 0.943964422
1695801362.070000 0.588492572 0.014843661 0.814099848 -0.012553344 0.325823069 -0.026890747 0.944964886
1695801363.106000 0.588541210 0.014842024 0.814172506 -0.016495433 0.329130203 -0.036342688 0.943440795
1695801364.335000 0.588495255 0.014859393 0.814170659 -0.014315147 0.325213253 -0.019825108 0.945324481
1695801365.374000 0.589743197 0.014877442 0.815856576 -0.009341598 0.326775163 -0.026253501 0.944691181
1695801366.462000 0.589834690 0.014841905 0.816151083 -0.018391088 0.339118809 -0.036482919 0.939855993
1695801367.304000 0.590284228 0.014862809 0.816556692 -0.015344030 0.327464670 -0.029407306 0.944281042
1695801368.337000 0.590577662 0.014885115 0.816914976 -0.012387276 0.326656431 -0.034222148 0.944442153
1695801369.464000 0.590885997 0.014905468 0.817296147 -0.013427285 0.325675070 -0.032764491 0.944818497
1695801370.679000 0.591222346 0.014911840 0.817698538 -0.013039650 0.322528213 -0.031957321 0.945930362
1695801371.995000 0.591516793 0.014928253 0.818098366 -0.010318201 0.322462410 -0.028986322 0.946082115
1695801373.089000 0.591759980 0.014932925 0.818409562 -0.009306453 0.321042567 -0.028387597 0.946593463
1695801374.194000 0.591986358 0.014936807 0.818737030 -0.013769976 0.324891180 -0.030764224 0.945150614
1695801375.297000 0.592217088 0.014951725 0.819040596 -0.011208083 0.321850806 -0.026407607 0.946355700
1695801376.368000 0.592361152 0.014951681 0.819211066 -0.012405609 0.320040196 -0.024365885 0.947009325
1695801377.262000 0.592382431 0.014944695 0.819225848 -0.014782656 0.319996417 -0.028740516 0.946867347
1695801378.330000 0.592564523 0.014963702 0.819474518 -0.011491082 0.318929464 -0.022916619 0.947431684
1695801380.445000 0.592606604 0.014913436 0.819542408 -0.021115692 0.322116047 -0.024353923 0.946151316
1695801381.859000 0.592751563 0.014939280 0.819667399 -0.019813152 0.316197485 -0.025709940 0.948137999
1695801382.890000 0.592855990 0.014947344 0.819765806 -0.021725945 0.313280582 -0.029241007 0.948961675
1695801383.880000 0.592963576 0.014959743 0.819915771 -0.006557993 0.312875599 -0.017776992 0.949605107
1695801384.903000 0.593082547 0.014964988 0.820080101 -0.013134358 0.312335789 -0.018782234 0.949695230
1695801385.868000 0.593208611 0.014976204 0.820232332 -0.008076301 0.308068424 -0.015761003 0.951199353
1695801386.847000 0.593353927 0.014985764 0.820411921 -0.002412258 0.302185267 -0.011084543 0.953181744
1695801388.110000 0.593369305 0.014985845 0.820424974 -0.005169045 0.311865032 -0.007609793 0.950081885
1695801389.076000 0.593416929 0.014991229 0.820500493 -0.005813437 0.315201014 -0.011222243 0.948940754
1695801390.032000 0.593469441 0.014991079 0.820575714 -0.004995614 0.314297348 -0.008464006 0.949273765
1695801390.945000 0.593536556 0.014993066 0.820654213 -0.004422056 0.311277688 -0.006930073 0.950283468
1695801391.849000 0.593589365 0.014995602 0.820726216 -0.004070410 0.313069940 -0.009487414 0.949674010
1695801392.968000 0.593642354 0.014994425 0.820789278 -0.004891596 0.310162753 -0.006838550 0.950646281
1695801393.702000 0.593673766 0.014995552 0.820828855 -0.005023698 0.307971507 -0.007306559 0.951354265
1695801394.588000 0.593707025 0.014995928 0.820878267 -0.004010138 0.310445786 -0.009592647 0.950534225
1695801395.442000 0.593739152 0.014996726 0.820921302 -0.008415055 0.329637110 -0.012489745 0.943987608
1695801396.158000 0.593767345 0.014997530 0.820954680 -0.007550694 0.336306214 -0.007958845 0.941688836
1695801396.975000 0.593794227 0.014998361 0.820987105 -0.011112304 0.334908575 -0.008126133 0.942150056
1695801398.183000 0.593817234 0.014998458 0.821010292 -0.006758120 0.390175402 -0.008262124 0.920678675
1695801398.841000 0.593850672 0.014997759 0.821033418 -0.006345137 0.465083241 0.002542123 0.885240614
1695801399.321000 0.593868732 0.014998371 0.821039557 -0.009844211 0.523809493 -0.002845863 0.851773798
1695801399.836000 0.593887508 0.014998906 0.821044862 -0.008067632 0.567395687 -0.001631196 0.823404133
1695801400.200000 0.593900263 0.014999449 0.821045816 -0.010320941 0.592994153 -0.010514906 0.805071950
1695801400.597000 0.593914270 0.014999320 0.821046412 -0.009431985 0.638317466 -0.013108636 0.769603908
1695801400.955000 0.593926549 0.014999554 0.821044624 -0.006541546 0.679096699 -0.012532745 0.733912766
1695801401.311000 0.593938589 0.014999552 0.821042120 -0.002552454 0.716236651 -0.012812726 0.697735190
1695801401.659000 0.593950510 0.014999583 0.821039319 -0.000145602 0.739210904 -0.009880789 0.673401535
1695801401.996000 0.593961835 0.014999622 0.821038127 0.002538223 0.740468621 -0.009636194 0.672017097
1695801402.330000 0.593971372 0.014999601 0.821034610 -0.001693852 0.768637717 -0.015126889 0.639503241
1695801402.678000 0.593981385 0.014999287 0.821032286 -0.001996331 0.770302594 -0.009215414 0.637608826
1695801403.012000 0.593991756 0.014999442 0.821029246 -0.003498116 0.784406960 -0.014499421 0.620067239
1695801403.335000 0.593999982 0.014999517 0.821024418 -0.007705342 0.809858561 -0.016885493 0.586331487
1695801403.958000 0.594008267 0.014999270 0.821019351 -0.005476998 0.827681065 -0.013111708 0.561018825
1695801404.296000 0.594023347 0.014999017 0.821009994 -0.011288010 0.855120182 -0.017425613 0.518014014
1695801404.762000 0.594033837 0.014998879 0.821003556 -0.007137496 0.862525046 -0.017300803 0.505668283
1695801405.101000 0.594040394 0.014998657 0.820996881 -0.009781791 0.881774485 -0.022520198 0.471031845
1695801405.556000 0.594049811 0.014998659 0.820990264 -0.006435486 0.883124530 -0.017537370 0.468766659
1695801405.885000 0.594055891 0.014998768 0.820984423 -0.010299508 0.892638028 -0.019422589 0.450237870
1695801406.218000 0.594061971 0.014998615 0.820979655 -0.006380965 0.893803179 -0.015292397 0.448153257
1695801406.545000 0.594067335 0.014998433 0.820974529 -0.005873676 0.900106728 -0.016754003 0.435307592
1695801406.971000 0.594074011 0.014998484 0.820967078 -0.008845759 0.911664426 -0.020906957 0.410308003
1695801407.414000 0.594081521 0.014998185 0.820960045 -0.005840168 0.912094653 -0.020914111 0.409404248
1695801407.855000 0.594090581 0.014998296 0.820951939 -0.005967368 0.912187397 -0.019184874 0.409280449
1695801408.305000 0.594101191 0.014998078 0.820942938 -0.005014506 0.912414789 -0.016170552 0.408916503
1695801408.743000 0.594110847 0.014997812 0.820934296 -0.002317014 0.912319422 -0.015617663 0.409174800
1695801409.492000 0.594123960 0.014997859 0.820922554 -0.005754973 0.912233233 -0.015223108 0.409347951
1695801410.075000 0.594141364 0.014997516 0.820907235 -0.002905721 0.911583424 -0.018551195 0.410686135
1695801410.752000 0.594155431 0.014997305 0.820894301 -0.003201295 0.911272347 -0.016160585 0.411474586
1695801411.317000 0.594166875 0.014997128 0.820884168 -0.001659884 0.911266565 -0.015033322 0.411539167
1695801411.876000 0.594178081 0.014996991 0.820874751 -0.000476454 0.909577250 -0.014401948 0.415284902
1695801412.540000 0.594191074 0.014996826 0.820863366 0.001442069 0.909390807 -0.014149156 0.415699512
1695801413.207000 0.594203591 0.014996509 0.820852816 0.002605936 0.909452438 -0.012948122 0.415598214
1695801413.870000 0.594215631 0.014996447 0.820842803 0.002036048 0.906292081 -0.013198941 0.422440916
1695801414.646000 0.594230175 0.014996318 0.820830464 0.001504624 0.906141162 -0.012570967 0.422785997
1695801415.860000 0.594253540 0.014995398 0.820810258 0.002712678 0.907077312 -0.016091088 0.420647711
1695801416.656000 0.594268084 0.014995347 0.820797801 0.002495369 0.906997740 -0.012846000 0.420932144
1695801417.766000 0.594287038 0.014995120 0.820781946 0.002218441 0.907104433 -0.012639231 0.420709968
1695801418.564000 0.594300628 0.014994817 0.820770204 0.001388677 0.906669259 -0.013240999 0.421632081
1695801419.218000 0.594310760 0.014994772 0.820761859 0.000231252 0.906946182 -0.013894081 0.421017289
1695801419.969000 0.594322324 0.014994601 0.820752382 -0.000728133 0.907073081 -0.014189768 0.420733362
1695801421.183000 0.594340563 0.014994202 0.820738435 -0.000461697 0.899949431 -0.012686624 0.435809433
1695801422.384000 0.594358861 0.014993996 0.820727825 -0.001283819 0.865602493 -0.012318032 0.500578523
1695801423.158000 0.594371200 0.014993699 0.820725799 -0.001075723 0.833881080 -0.009825764 0.551855683
1695801423.928000 0.594382942 0.014993636 0.820724368 -0.000308582 0.801007450 -0.010110128 0.598568916
1695801424.732000 0.594394326 0.014992999 0.820724666 -0.001398259 0.767579615 -0.009339382 0.640884042
1695801425.681000 0.594406366 0.014992956 0.820726156 -0.004514061 0.729161441 -0.009413198 0.684262097
1695801426.769000 0.594417214 0.014993174 0.820728302 -0.012736835 0.701556444 -0.013170509 0.712378323
1695801427.680000 0.594427586 0.014993338 0.820729077 -0.013052503 0.687854290 -0.011503959 0.725640237
1695801428.475000 0.594435930 0.014993632 0.820730805 -0.019365095 0.672509968 -0.014991313 0.739682794
1695801429.341000 0.594443738 0.014994040 0.820732296 -0.019898498 0.666394651 -0.011264452 0.745248497
