1695436616.896000 0.000000000 0.000000000 0.000000000 -0.000000000 -0.000000000 -0.000000000 1.000000000
1695436617.121000 -0.000107840 0.000956919 0.040894482 -0.000029404 -0.001406925 -0.000250208 0.999998987
1695436617.460000 -0.001185192 0.002503059 0.107561521 -0.000194997 -0.001217983 0.001097127 0.999998629
1695436617.656000 -0.004579259 0.002981195 0.154250160 -0.000838675 -0.011542681 0.003099836 0.999928236
1695436617.815000 -0.008585505 0.004184999 0.201240525 -0.000809060 -0.019291619 0.002229198 0.999811113
1695436617.965000 -0.010607244 0.005213303 0.243853837 -0.000449538 -0.020149155 0.001657325 0.999795556
1695436618.114000 -0.013055441 0.006158744 0.287972778 -0.000038667 -0.020353487 0.001371246 0.999791920
1695436618.336000 -0.020194883 0.006959746 0.357999712 -0.000012311 -0.032528598 0.004190238 0.999462008
1695436618.552000 -0.032333966 0.008695208 0.431658804 -0.000252121 -0.052907340 0.003913819 0.998591721
1695436618.761000 -0.041077547 0.009966730 0.506854773 0.000067073 -0.054155007 0.002490814 0.998529434
1695436618.970000 -0.050600588 0.011560877 0.587616503 0.000192974 -0.054348186 0.002707290 0.998518348
1695436619.180000 -0.060768116 0.013360268 0.672759414 0.000004885 -0.054525081 0.003492001 0.998506308
1695436619.460000 -0.075323969 0.015168125 0.794362247 -0.000254225 -0.054974075 0.002757037 0.998483956
1695436619.738000 -0.099101841 0.017372759 0.922569573 -0.000409272 -0.077866666 0.006938452 0.996939540
1695436620.013000 -0.121861853 0.020729247 1.059057951 0.000146981 -0.080933988 0.003605574 0.996712983
1695436620.285000 -0.147435382 0.023528153 1.202779651 0.000190857 -0.080926567 0.002377974 0.996717215
1695436620.556000 -0.173763976 0.026360970 1.352187395 0.000309791 -0.081145808 0.002832357 0.996698201
1695436620.838000 -0.202970564 0.028324114 1.531195402 0.000163411 -0.081594050 0.003284536 0.996660233
1695436621.123000 -0.231638193 0.031866234 1.696058393 0.000558161 -0.082026906 0.004160789 0.996621251
1695436621.450000 -0.268231601 0.036741011 1.908496499 0.000972326 -0.082959004 0.004905003 0.996540427
1695436621.776000 -0.307115167 0.040871881 2.131317854 -0.003840790 -0.083719410 0.004430565 0.996472120
1695436622.098000 -0.348926872 0.044464134 2.362129688 0.006160152 -0.084140778 -0.000676295 0.996434629
1695436622.419000 -0.391270280 0.048837408 2.602338791 0.001272329 -0.084763750 0.002543027 0.996397018
1695436622.734000 -0.432150185 0.056425810 2.838236332 -0.011431870 -0.085771076 -0.003150246 0.996244311
1695436623.056000 -0.476702243 0.060258176 3.075554609 0.004295232 -0.085303001 0.006528440 0.996324420
1695436623.434000 -0.528321743 0.067760654 3.352428436 -0.004388238 -0.086063661 0.007787394 0.996249557
1695436623.743000 -0.568420172 0.071343265 3.573736668 -0.002702826 -0.087016404 0.005043208 0.996190488
1695436623.991000 -0.599285424 0.075552702 3.747477293 -0.001827003 -0.087688327 0.004345756 0.996136844
1695436624.235000 -0.633780181 0.077909343 3.917552948 -0.002107595 -0.086893693 0.003871120 0.996207833
1695436624.603000 -0.678760052 0.083648428 4.172251225 -0.002454347 -0.088083997 0.002658277 0.996106505
1695436624.903000 -0.717140973 0.087420359 4.377767086 -0.002006949 -0.088028371 0.001556068 0.996114731
1695436625.083000 -0.740860820 0.089619696 4.498853207 -0.001427691 -0.087875739 0.001175680 0.996129751
1695436625.322000 -0.770624161 0.092062272 4.658476353 0.001212713 -0.088192016 0.000844945 0.996102393
1695436625.558000 -0.801110804 0.096032463 4.816092968 -0.002368953 -0.088075332 -0.001016478 0.996110499
1695436625.792000 -0.830272794 0.098496020 4.968074799 -0.002029350 -0.088236406 -0.001775681 0.996095896
1695436626.083000 -0.865289330 0.101767614 5.153705120 -0.001042308 -0.088339552 -0.001972349 0.996087968
1695436626.259000 -0.886443555 0.104184061 5.265319347 -0.001376841 -0.088706300 -0.001824401 0.996055186
1695436626.550000 -0.921718240 0.107198589 5.455463409 0.000591175 -0.088901177 0.000601122 0.996040106
1695436626.667000 -0.936713159 0.107828088 5.534563065 0.001220216 -0.088943020 0.001329435 0.996035099
1695436626.843000 -0.959555864 0.110175550 5.653179169 -0.000285132 -0.088972278 0.000060379 0.996034086
1695436627.020000 -0.981569767 0.113522612 5.770762920 -0.002705948 -0.089127824 -0.002525404 0.996013343
1695436627.254000 -1.010315537 0.116281904 5.925536156 -0.001724782 -0.088997424 -0.002195052 0.996027946
1695436627.428000 -1.028899789 0.118232161 6.040378094 -0.001181822 -0.080400944 -0.003546010 0.996755600
1695436627.660000 -1.054659605 0.120977044 6.192049980 -0.001805269 -0.078112312 -0.002651650 0.996939421
1695436627.889000 -1.079281926 0.123789996 6.343097210 -0.002053660 -0.077868715 0.000197576 0.996961534
1695436628.115000 -1.103411913 0.126197323 6.489729881 0.000234587 -0.077754207 0.001330669 0.996971667
1695436628.285000 -1.121050835 0.128732100 6.597876549 -0.001321997 -0.077925734 -0.000816907 0.996957958
1695436628.513000 -1.145356297 0.131399825 6.744354248 -0.001123836 -0.077913225 -0.002121725 0.996957242
1695436628.743000 -1.169564128 0.134946302 6.892549038 -0.001096213 -0.077823274 -0.001554119 0.996965349
1695436628.974000 -1.193386316 0.138799161 7.041837215 -0.001947738 -0.077969454 -0.000727758 0.996953607
1695436629.432000 -1.241176367 0.143524826 7.333357334 0.003204258 -0.077576444 -0.002582524 0.996977925
1695436629.660000 -1.264028907 0.146378979 7.481756687 0.001961285 -0.077279843 -0.003561040 0.997001171
1695436629.886000 -1.289196849 0.148995936 7.634662151 0.001397452 -0.077040061 -0.003581006 0.997020602
1695436630.161000 -1.318671823 0.153104350 7.828406811 0.001013186 -0.077502623 -0.002229194 0.996989131
1695436630.326000 -1.338683844 0.154347613 7.945611000 0.004124521 -0.077033430 -0.000982653 0.997019470
1695436630.494000 -1.357846856 0.155130818 8.067263603 0.008713040 -0.077202745 0.002187850 0.996974945
1695436630.660000 -1.377884030 0.156031102 8.192271233 0.005825154 -0.077406444 0.001751287 0.996981084
1695436630.825000 -1.398954391 0.162085667 8.317891121 -0.008562101 -0.077324845 -0.000919793 0.996968806
1695436631.042000 -1.426884651 0.168711439 8.487223625 -0.007186775 -0.077046782 0.000746488 0.997001290
1695436631.205000 -1.448124647 0.169399992 8.612815857 0.002908593 -0.076787919 0.001538994 0.997042000
1695436631.368000 -1.467471838 0.169088244 8.737752914 0.007917959 -0.077322580 -0.001932504 0.996972859
1695436631.529000 -1.487530231 0.172236860 8.860871315 -0.002446779 -0.077347077 -0.004712260 0.996990085
1695436631.748000 -1.514909267 0.175766349 9.028254509 -0.004016567 -0.076764196 -0.001554196 0.997039974
1695436631.913000 -1.534665942 0.177134633 9.150516510 0.001855063 -0.076545037 0.000517986 0.997064292
1695436632.132000 -1.562150121 0.179407939 9.317004204 0.001028122 -0.076338097 0.002944820 0.997077167
1695436632.346000 -1.589044213 0.182686865 9.476254463 -0.001802496 -0.076399073 0.002855796 0.997071624
1695436632.511000 -1.609127522 0.184828311 9.597249985 0.000767072 -0.076475300 0.002956774 0.997066796
1695436632.724000 -1.635969639 0.187394843 9.761350632 0.002714560 -0.077161476 0.003183086 0.997009814
1695436632.882000 -1.657209516 0.188697979 9.881209373 0.000006320 -0.076873593 0.000880121 0.997040451
1695436633.093000 -1.684300184 0.192742735 10.045529366 -0.002929813 -0.076745212 0.000765419 0.997046173
1695436633.250000 -1.704896688 0.194721341 10.169719696 0.001219610 -0.076988928 0.003051908 0.997026563
1695436633.409000 -1.726656556 0.196218789 10.297010422 0.004035039 -0.076491185 0.004223737 0.997053146
1695436633.564000 -1.746349812 0.198754400 10.426465988 0.001645363 -0.077131338 0.003737289 0.997012556
1695436633.718000 -1.768384337 0.201430589 10.553771973 0.000476612 -0.076706342 0.003534061 0.997047365
1695436633.878000 -1.790427446 0.203712061 10.685701370 0.000924498 -0.077022269 0.002944608 0.997024596
1695436634.085000 -1.820100307 0.206607074 10.862576485 0.003242450 -0.077235810 0.002082099 0.997005463
1695436634.240000 -1.844688773 0.208115146 10.997035980 0.003094747 -0.076610655 0.003079751 0.997051537
1695436634.397000 -1.870193839 0.209283933 11.132271767 0.001036409 -0.076511741 0.004552552 0.997057736
1695436634.719000 -1.890284181 0.211682498 11.267084122 -0.002484864 -0.077063814 0.004415059 0.997013271
1695436634.871000 -1.888990164 0.212713987 11.314219475 -0.002612355 -0.076988623 0.002483581 0.997025490
1695436635.022000 -1.902218342 0.214236230 11.381069183 -0.002961960 -0.075225733 0.001960522 0.997160196
1695436635.174000 -1.912543178 0.214964494 11.447460175 -0.002650370 -0.075355530 0.001791516 0.997151613
1695436635.323000 -1.924024940 0.216442898 11.513961792 -0.001729591 -0.074355729 0.002200209 0.997227907
1695436635.543000 -1.940529943 0.218049854 11.610622406 -0.002150473 -0.073558196 0.002510436 0.997285485
1695436635.642000 -1.947329402 0.219070598 11.653886795 -0.002245928 -0.073782854 0.002474185 0.997268736
1695436635.813000 -1.959867716 0.220789105 11.727226257 -0.002270319 -0.073020630 0.002568929 0.997324586
1695436636.030000 -1.974527955 0.222133517 11.819940567 0.002238519 -0.072229363 0.000244178 0.997385502
1695436636.177000 -1.984269023 0.223451272 11.881521225 0.003618437 -0.071483448 0.000855516 0.997434855
1695436636.345000 -1.994932175 0.224297196 11.951917648 -0.002633631 -0.071020141 0.001702204 0.997469962
1695436636.561000 -2.008177519 0.225954160 12.039486885 -0.003524071 -0.070798032 0.002473540 0.997481406
1695436636.776000 -2.021939754 0.227914095 12.127522469 -0.001276872 -0.070379250 0.002257629 0.997516930
1695436637.059000 -2.040155172 0.230148286 12.242479324 -0.003694439 -0.069693461 0.001590854 0.997560382
1695436637.318000 -2.055290699 0.232637212 12.347670555 -0.001321535 -0.070089839 -0.002048878 0.997537732
1695436637.597000 -2.070508003 0.234184727 12.458366394 0.001367534 -0.070220508 0.000839847 0.997530222
1695436637.812000 -2.078519583 0.235728949 12.542861938 -0.001597796 -0.040889438 -0.009164149 0.999120355
1695436637.978000 -2.083580017 0.237460926 12.607213020 -0.002040036 -0.027768757 -0.013076389 0.999526739
1695436638.141000 -2.087045431 0.237798661 12.670403481 0.000778172 -0.022461211 -0.007177615 0.999721706
1695436638.259000 -2.089197159 0.238104358 12.715251923 0.005332948 -0.020889645 -0.005339392 0.999753356
1695436638.375000 -2.093681097 0.239240721 12.760564804 0.002130379 -0.033762109 0.005403418 0.999413013
1695436638.471000 -2.097495556 0.240364984 12.796437263 -0.002481269 -0.043445922 0.011572419 0.998985708
1695436638.585000 -2.101837635 0.241499305 12.840568542 -0.005063006 -0.048394937 0.015147320 0.998700619
1695436638.813000 -2.107901573 0.242661461 12.891579628 -0.003540459 -0.050446063 0.014772940 0.998611271
1695436638.972000 -2.114062548 0.243539840 12.958271027 0.000531502 -0.052590925 0.008496744 0.998579860
1695436639.156000 -2.122180462 0.245073050 13.025746346 -0.002740621 -0.052536774 0.007444882 0.998587489
1695436639.314000 -2.127843380 0.246444598 13.084100723 -0.003834679 -0.053285278 0.006732820 0.998549283
1695436639.498000 -2.135119438 0.247688204 13.151166916 -0.000420326 -0.053229030 0.006828077 0.998558939
1695436639.656000 -2.142106533 0.248547778 13.209173203 0.002787190 -0.056913450 0.008350719 0.998340309
1695436639.876000 -2.151398659 0.250260323 13.292984009 0.002015856 -0.059869800 0.009006874 0.998163521
1695436640.049000 -2.160391331 0.251452625 13.359261513 0.001384419 -0.059734948 0.008434325 0.998177707
1695436640.204000 -2.168010235 0.252107561 13.418026924 0.001285535 -0.060788043 0.006523588 0.998128533
1695436640.376000 -2.178195238 0.253960907 13.486299515 0.001580465 -0.074727051 0.008873874 0.997163296
1695436640.528000 -2.188298702 0.254518837 13.545301437 0.000954580 -0.078923322 0.011977945 0.996808290
1695436640.700000 -2.199925184 0.255877793 13.612619400 0.002178376 -0.080525979 0.010971171 0.996689737
1695436640.849000 -2.210801363 0.257507980 13.672874451 0.003030559 -0.081225395 0.008114546 0.996658146
1695436641.184000 -2.222717524 0.258416116 13.771661758 0.001023759 -0.084368728 0.008305561 0.996399462
1695436641.291000 -2.231850863 0.258954585 13.810397148 -0.002276815 -0.083188608 0.005684389 0.996515036
1695436641.440000 -2.241494894 0.260253787 13.866518974 -0.002954868 -0.083302945 0.006631477 0.996497869
1695436641.607000 -2.250590324 0.261042207 13.926044464 -0.000483045 -0.084245414 0.009752061 0.996397197
1695436641.710000 -2.256279469 0.261683464 13.963512421 0.000997017 -0.085197158 0.011141393 0.996301353
1695436641.858000 -2.265817404 0.262453109 14.015671730 0.000722575 -0.085000761 0.011216762 0.996317506
1695436641.964000 -2.272441864 0.263038278 14.053166389 -0.000058897 -0.085139297 0.011267981 0.996305346
1695436642.129000 -2.282890558 0.263674468 14.111345291 -0.000768754 -0.085363820 0.010874709 0.996290207
1695436642.273000 -2.291824579 0.264337361 14.161409378 -0.001169737 -0.085589044 0.008128272 0.996296704
1695436642.438000 -2.302581072 0.265008092 14.218708992 -0.000409194 -0.085140124 0.008187598 0.996335328
1695436642.539000 -2.308160305 0.265569896 14.253321648 -0.000220690 -0.085735843 0.009358017 0.996273935
1695436642.741000 -2.321205616 0.266669452 14.322853088 0.000159091 -0.085162543 0.011078992 0.996305466
1695436642.887000 -2.330382586 0.267280996 14.372580528 -0.000331154 -0.085417792 0.011745501 0.996275961
1695436643.053000 -2.340622663 0.268132448 14.428277969 -0.000418870 -0.085402302 0.012078091 0.996273279
1695436643.157000 -2.346838713 0.268657297 14.462744713 -0.000700924 -0.085603505 0.011519088 0.996262491
1695436643.357000 -2.359169006 0.269842356 14.529689789 -0.000754507 -0.085822254 0.008946395 0.996270061
1695436643.496000 -2.367556334 0.270100981 14.576190948 0.002707400 -0.085903063 0.009214094 0.996257246
1695436643.711000 -2.381271124 0.270618320 14.647413254 0.002483516 -0.085320927 0.010958411 0.996290207
1695436643.812000 -2.387705088 0.271123201 14.681270599 0.001944180 -0.085290343 0.011095223 0.996292472
1695436643.952000 -2.396091700 0.272142291 14.728601456 0.000449812 -0.085482053 0.009826852 0.996291161
1695436644.054000 -2.402371407 0.272614747 14.761690140 -0.000659713 -0.085307337 0.009035804 0.996313512
1695436644.152000 -2.408382177 0.273076206 14.794981956 -0.000891307 -0.085244082 0.008434320 0.996324003
1695436644.250000 -2.414266586 0.273517787 14.826861382 -0.000819719 -0.085240342 0.007626303 0.996330917
1695436644.365000 -2.420812130 0.274297833 14.864788055 -0.001183297 -0.084613450 0.006674543 0.996390820
1695436644.519000 -2.428244829 0.275718600 14.914653778 -0.002879769 -0.071995221 0.000661296 0.997400641
1695436644.658000 -2.435374498 0.276076078 14.959446907 -0.000452321 -0.066334918 -0.003462336 0.997791290
1695436644.816000 -2.442737103 0.276268512 15.010730743 0.004408314 -0.063449800 -0.003493170 0.997969210
1695436644.972000 -2.449196577 0.277450562 15.061087608 -0.000270013 -0.062502712 0.000979048 0.998044312
1695436645.071000 -2.453817368 0.278090149 15.092422485 -0.002145363 -0.061528128 0.002359081 0.998100281
1695436645.222000 -2.460042953 0.278878748 15.141330719 -0.000471479 -0.061135117 0.003945462 0.998121619
1695436645.433000 -2.469074726 0.279653013 15.209719658 -0.000610176 -0.060931377 0.003620161 0.998135209
1695436645.584000 -2.475468397 0.279793918 15.258758545 0.004585615 -0.060417272 0.006299613 0.998142779
1695436645.738000 -2.481610775 0.280424923 15.308289528 0.003271565 -0.060014859 0.012273506 0.998116672
1695436645.930000 -2.490320921 0.281706214 15.369083405 -0.004160834 -0.060141142 0.009381532 0.998137176
1695436646.137000 -2.498891830 0.282679260 15.434948921 0.001515464 -0.060265362 0.002630116 0.998177767
1695436646.331000 -2.507597923 0.283112764 15.495936394 0.004278250 -0.058926933 0.004569158 0.998242676
1695436646.543000 -2.516702890 0.284293681 15.560445786 -0.000084339 -0.069129825 0.011038059 0.997546613
1695436646.730000 -2.526055098 0.285079688 15.617580414 -0.003217529 -0.075326033 0.010085986 0.997102797
1695436647.038000 -2.541508436 0.286356300 15.711198807 0.004057845 -0.077540040 0.005371565 0.996966541
1695436647.185000 -2.550147295 0.287335068 15.754489899 0.000224460 -0.076985851 0.009308419 0.996988714
1695436647.495000 -2.565937757 0.288721740 15.843626022 0.000501998 -0.077104509 0.009430506 0.996978343
1695436647.695000 -2.575487614 0.289013565 15.901127815 0.002071732 -0.077211127 0.009164264 0.996970534
1695436647.892000 -2.585187912 0.289575666 15.958043098 0.000836553 -0.077029139 0.010070547 0.996977687
1695436648.036000 -2.592366934 0.290303648 15.998829842 0.000980451 -0.076909207 0.011162925 0.996975124
1695436648.286000 -2.604464293 0.290602475 16.069690704 0.009598394 -0.076712914 0.011532827 0.996940315
1695436648.538000 -2.616646767 0.292011976 16.139945984 -0.001227556 -0.076567121 0.009968865 0.997013807
1695436648.732000 -2.625347853 0.292639792 16.193090439 -0.000045793 -0.076637812 0.010436890 0.997004390
1695436649.034000 -2.639655113 0.293569714 16.275096893 0.002071833 -0.075660408 0.011561811 0.997064471
1695436649.244000 -2.649339914 0.294131100 16.331602097 0.001562763 -0.075252801 0.011277098 0.997099519
1695436649.480000 -2.659747839 0.295058191 16.396366119 0.000562220 -0.074908152 0.007850504 0.997159421
1695436649.666000 -2.667169333 0.295584440 16.442340851 -0.001383743 -0.074031755 0.007508674 0.997226655
1695436649.822000 -2.673754215 0.295837611 16.483093262 0.000925144 -0.073583283 0.010433563 0.997234106
1695436649.975000 -2.680322170 0.296292394 16.522983551 0.002697069 -0.073074058 0.011454017 0.997257113
1695436650.113000 -2.686051369 0.296624780 16.558210373 0.002252918 -0.074173771 0.011855721 0.997172356
1695436650.319000 -2.695923328 0.297294468 16.610805511 0.001042448 -0.083182134 0.014085179 0.996434271
1695436650.526000 -2.705490112 0.297674090 16.662660599 0.001932760 -0.084437340 0.012407038 0.996349692
1695436650.715000 -2.714388847 0.298054665 16.710571289 0.002664259 -0.084376819 0.010701600 0.996372879
1695436650.870000 -2.721402168 0.298423499 16.748664856 0.001278509 -0.084332421 0.010232913 0.996384323
1695436651.079000 -2.730507135 0.299009919 16.799242020 0.001061923 -0.084375873 0.010648756 0.996376574
1695436651.271000 -2.739120007 0.299357176 16.846576691 0.002220676 -0.081960358 0.009818694 0.996584773
1695436651.463000 -2.745377541 0.299988478 16.893220901 0.002404055 -0.068891518 0.006441011 0.997600496
1695436651.687000 -2.753612995 0.300520688 16.947546005 0.002014246 -0.066012539 0.007554050 0.997788191
1695436651.895000 -2.760484219 0.300992072 16.997097015 0.002358262 -0.065299138 0.009037646 0.997822046
1695436652.144000 -2.763409138 0.301568657 17.056686401 0.000489743 -0.022643257 -0.002203725 0.999741077
1695436652.338000 -2.757527113 0.302598506 17.100984573 -0.001035360 0.051954936 -0.015367409 0.998530686
1695436652.538000 -2.747301340 0.303147137 17.144351959 -0.002899251 0.125423640 -0.012668318 0.992018163
1695436652.735000 -2.734673262 0.304446101 17.187629700 -0.005189668 0.161313653 -0.008517222 0.986852825
1695436652.899000 -2.722767353 0.305548847 17.222511292 -0.006342747 0.170558199 -0.000453033 0.985327125
1695436653.043000 -2.712537289 0.306553096 17.253822327 -0.005688781 0.163643226 0.017072745 0.986355484
1695436653.242000 -2.701504946 0.307965398 17.297029495 -0.003817837 0.134375960 0.034237433 0.990331471
1695436653.493000 -2.687191486 0.309688002 17.350847244 -0.004642544 0.128600299 0.019385101 0.991496205
1695436653.799000 -2.674084187 0.306845486 17.397148132 0.041194838 0.168919578 -0.006918720 0.984744310
1695436653.947000 -2.673709869 0.304658860 17.387752533 0.053769402 0.226335973 -0.020682445 0.972344160
1695436654.209000 -2.674422741 0.308707356 17.372934341 0.004423746 0.292015851 -0.014211111 0.956297636
1695436654.775000 -2.688614845 0.309903979 17.350990295 -0.009283766 0.288333654 0.016846580 0.957336783
1695436655.354000 -2.705465794 0.308484703 17.325067520 -0.011628899 0.287779003 0.015887234 0.957494438
1695436655.699000 -2.716233253 0.307385802 17.308481216 -0.007789417 0.287793428 0.016312370 0.957521915
1695436656.491000 -2.736112356 0.305407971 17.270826340 -0.001613247 0.331296146 0.012501983 0.943442643
1695436660.000000 -2.713593006 0.308684081 17.340610504 -0.011312404 0.224649802 0.023185698 0.974098027
1695436660.290000 -2.709778786 0.309108794 17.358804703 -0.007981339 0.185325921 0.022344502 0.982390642
1695436660.554000 -2.706370831 0.309275657 17.375120163 -0.003418134 0.163979515 0.018444305 0.986285388
1695436660.802000 -2.701430321 0.309758514 17.389522552 -0.003359182 0.163676083 0.017470676 0.986353755
1695436661.302000 -2.692114353 0.309921205 17.417791367 0.003351323 0.163123608 0.013189439 0.986511827
1695436661.800000 -2.683921814 0.309514701 17.445184708 0.011251980 0.160189226 -0.011534839 0.986954808
1695436661.942000 -2.680912495 0.309937716 17.452426910 0.005742238 0.166841298 -0.011009812 0.985905588
1695436662.156000 -2.675522804 0.310531318 17.462306976 -0.010913196 0.189319655 -0.031549703 0.981347859
1695436662.390000 -2.670881510 0.311775297 17.473970413 -0.021268027 0.191180751 -0.024190703 0.981026173
1695436662.605000 -2.666173935 0.312772632 17.484298706 -0.021265594 0.194959790 -0.006320696 0.980560303
1695436662.804000 -2.660435915 0.312927932 17.492588043 -0.020789035 0.216549397 -0.007975093 0.976017714
1695436663.048000 -2.652522564 0.313061506 17.502191544 -0.018562134 0.248406470 -0.005070971 0.968464792
1695436663.305000 -2.644295216 0.313171566 17.511997223 -0.004952057 0.268709511 0.009860058 0.963158071
1695436663.599000 -2.636494398 0.313413352 17.524747849 0.000307733 0.270254076 0.009799395 0.962739110
1695436663.853000 -2.627922297 0.313780189 17.534021378 -0.000164551 0.295148790 0.006707281 0.955427766
1695436664.118000 -2.618303537 0.313763410 17.542570114 0.003177543 0.324846178 0.008109092 0.945726752
1695436664.334000 -2.610398293 0.313788384 17.548608780 0.002304763 0.347416580 0.007457523 0.937678456
1695436664.608000 -2.600201607 0.314399838 17.555740356 -0.000338150 0.375172436 0.010619879 0.926894188
1695436664.879000 -2.589757442 0.314986765 17.562280655 -0.002729379 0.401870519 0.013035199 0.915599644
1695436665.086000 -2.581799984 0.315261245 17.566608429 -0.004103658 0.421420068 0.011346387 0.906785309
1695436665.354000 -2.571493626 0.315634668 17.571666718 -0.005014241 0.445967495 0.009693746 0.894982636
1695436665.700000 -2.558331490 0.315972209 17.577238083 -0.004690582 0.476782769 0.009114521 0.878961444
1695436666.068000 -2.544676781 0.317034990 17.584352493 -0.010064506 0.488597244 0.008015080 0.872414649
1695436666.385000 -2.533419609 0.317429066 17.589727402 -0.012528890 0.501611888 0.005683576 0.864983380
1695436666.807000 -2.517833710 0.317746043 17.594007492 -0.011200682 0.534566045 0.001957469 0.845050156
1695436667.272000 -2.500820160 0.318518609 17.599189758 -0.011069728 0.554201961 0.003631330 0.832300782
1695436667.761000 -2.483720779 0.319208533 17.603809357 -0.015462978 0.575085640 -0.000443747 0.817947030
1695436668.290000 -2.465293884 0.319911361 17.607948303 -0.012919055 0.591233492 0.002422011 0.806393325
1695436668.802000 -2.447253227 0.320524603 17.614002228 -0.015192127 0.591956437 -0.002612873 0.805822551
1695436669.351000 -2.424239159 0.321312189 17.617467880 -0.013477010 0.620209575 -0.001940734 0.784317970
1695436669.844000 -2.404304504 0.321772993 17.619682312 -0.013002914 0.637491763 -0.003288747 0.770340502
1695436670.433000 -2.381156921 0.322686851 17.624284744 -0.010524049 0.637978256 -0.001900702 0.769980192
1695436671.126000 -2.343990326 0.324114054 17.631669998 -0.012609882 0.638349831 -0.001893565 0.769640744
1695436671.725000 -2.299174309 0.325462967 17.640516281 -0.013450472 0.638598859 -0.003675555 0.769413471
1695436672.416000 -2.230894089 0.328563511 17.653913498 -0.019325171 0.640940011 -0.000260223 0.767347693
1695436673.032000 -2.164006233 0.330593944 17.664318085 -0.015286227 0.649965405 -0.000929047 0.759809494
1695436673.650000 -2.097341537 0.333145648 17.674560547 -0.016520452 0.661479771 -0.004170728 0.749769509
1695436674.461000 -2.019302368 0.335144252 17.673528671 -0.014226134 0.701228738 -0.001410778 0.712792993
1695436675.152000 -1.952816010 0.337912917 17.675163269 -0.012360455 0.701927483 -0.000887259 0.712140620
1695436675.611000 -1.910282135 0.339226991 17.677059174 -0.010632847 0.696240067 0.002125508 0.717727125
1695436676.172000 -1.857358932 0.341151267 17.680265427 -0.009903966 0.683419764 0.003112708 0.729951799
1695436676.708000 -1.805788040 0.342919260 17.686292648 -0.013594974 0.674418092 0.000072215 0.738224506
1695436677.238000 -1.754520416 0.345073968 17.690170288 -0.012903481 0.673785448 -0.000195223 0.738814354
1695436677.665000 -1.715488434 0.346217781 17.694097519 -0.012667856 0.673972368 0.000726979 0.738647580
1695436678.298000 -1.657226562 0.348296493 17.699932098 -0.012531162 0.674304903 0.000541362 0.738346577
1695436678.620000 -1.629013062 0.349344045 17.699279785 -0.014750404 0.697300196 -0.002497740 0.716623068
1695436679.072000 -1.591983795 0.350929111 17.698715210 -0.012333348 0.708527267 0.000708337 0.705575347
1695436679.572000 -1.555868149 0.351755083 17.692087173 -0.009178254 0.751988232 -0.003629731 0.659102619
1695436679.955000 -1.529500961 0.353200555 17.687080383 -0.008353242 0.762062073 0.006960258 0.647412777
1695436680.337000 -1.503025055 0.354621172 17.682479858 -0.006861271 0.763587534 0.004811896 0.645649970
1695436680.743000 -1.478885651 0.355874717 17.672977448 -0.012336631 0.792960882 0.003357003 0.609138429
1695436681.182000 -1.456562042 0.356233209 17.660470963 -0.013468749 0.828914225 -0.002883501 0.559206128
1695436681.649000 -1.436647415 0.356505871 17.645076752 -0.014595714 0.861267507 -0.007303942 0.507889509
1695436682.283000 -1.412645340 0.357293367 17.621417999 -0.013512347 0.899586797 -0.005827546 0.436494052
1695436682.809000 -1.398214340 0.357390821 17.601709366 -0.012745141 0.923830628 -0.007371386 0.382518172
1695436683.285000 -1.385368347 0.357346773 17.580471039 -0.009051071 0.944637895 -0.012776239 0.327740908
1695436683.598000 -1.378839493 0.357207298 17.565843582 -0.009330087 0.956506908 -0.013215306 0.291260689
1695436683.901000 -1.373367310 0.357145816 17.550897598 -0.005338736 0.966959119 -0.012139273 0.254586369
1695436684.336000 -1.367264748 0.356717885 17.528448105 -0.008364830 0.979747891 -0.012957748 0.199640408
1695436684.747000 -1.360721588 0.356716871 17.506114960 -0.003359203 0.983770609 -0.011186394 0.179050237
1695436685.161000 -1.352591515 0.355613291 17.484714508 -0.002236793 0.983503878 -0.019690320 0.179798245
1695436685.573000 -1.346190453 0.355729818 17.463245392 -0.007640119 0.986424148 -0.017481221 0.163105801
1695436685.986000 -1.342032433 0.355612457 17.441667557 -0.005237161 0.990526676 -0.009427142 0.136896253
1695436686.616000 -1.336652756 0.354894996 17.406940460 -0.007983166 0.995121717 -0.014786948 0.097212970
1695436686.977000 -1.336270452 0.354809940 17.386032104 -0.006496936 0.997818410 -0.013586800 0.064277872
1695436687.328000 -1.333911300 0.354553580 17.365547180 -0.005898482 0.997900426 -0.012479688 0.063278645
1695436687.677000 -1.331087828 0.354176521 17.343536377 -0.006025855 0.997853875 -0.015549809 0.063321486
1695436688.027000 -1.327713490 0.354722142 17.318054199 -0.007240518 0.997840583 -0.008414407 0.064738214
1695436688.496000 -1.322134972 0.353979170 17.279333115 -0.008119782 0.997709811 -0.017290274 0.064886235
1695436688.957000 -1.316305161 0.353567421 17.234266281 -0.007153787 0.997726023 -0.013678506 0.065608419
1695436689.420000 -1.309130907 0.352782369 17.183195114 -0.006448298 0.997680426 -0.015572368 0.065952510
1695436690.008000 -1.298833728 0.352201223 17.110494614 -0.005839087 0.997691393 -0.014187556 0.066155441
1695436690.472000 -1.288826704 0.351603717 17.044746399 -0.004716467 0.997298121 -0.015237246 0.071708597
1695436691.172000 -1.273365259 0.350141495 16.936061859 -0.005976577 0.997094750 -0.017712064 0.073841557
1695436691.634000 -1.260813951 0.349532127 16.858497620 -0.004654316 0.997175157 -0.014033082 0.073642448
1695436691.986000 -1.251386642 0.348762870 16.797245026 -0.004905156 0.997145414 -0.014519951 0.073933549
1695436692.445000 -1.238431215 0.347730815 16.710849762 -0.005559713 0.997080028 -0.015157568 0.074637517
1695436692.672000 -1.230690956 0.347346663 16.666419983 -0.006275442 0.997137308 -0.014704224 0.073903151
1695436693.012000 -1.220854044 0.346128106 16.596220016 -0.006023025 0.997012258 -0.015608856 0.075410075
1695436693.349000 -1.208565950 0.345466554 16.522539139 -0.004904822 0.997054100 -0.013413800 0.075360261
1695436693.574000 -1.200678110 0.344888926 16.472326279 -0.004765078 0.997010529 -0.014085142 0.075822145
1695436693.908000 -1.187422991 0.344082445 16.393497467 -0.005005270 0.996994019 -0.013917372 0.076054186
1695436694.134000 -1.178997040 0.343232274 16.340215683 -0.006082667 0.996959567 -0.014254971 0.076363884
1695436694.354000 -1.170689821 0.342866987 16.285898209 -0.005768426 0.996920526 -0.014898688 0.076773837
1695436694.575000 -1.161711931 0.342637271 16.232990265 -0.004213111 0.996995747 -0.011737291 0.076445967
1695436694.795000 -1.153252363 0.342288017 16.180879593 -0.004944638 0.996974468 -0.012204534 0.076606385
1695436695.018000 -1.145354271 0.341671318 16.128976822 -0.005340158 0.996895015 -0.013446695 0.077401675
1695436695.344000 -1.132262707 0.340690404 16.051664352 -0.005854835 0.996916652 -0.012548435 0.077235982
1695436695.670000 -1.119486332 0.339809209 15.975612640 -0.004826896 0.996892631 -0.008827330 0.078127295
1695436695.998000 -1.107367039 0.338629365 15.899957657 -0.003777950 0.996772230 -0.013262182 0.079088345
1695436696.530000 -1.087448835 0.337249905 15.776175499 -0.005013410 0.996729314 -0.012213354 0.079727001
1695436696.953000 -1.071627140 0.336162448 15.678723335 -0.003081371 0.996731043 -0.011934550 0.079846017
1695436697.269000 -1.059822798 0.335452914 15.606153488 -0.001943067 0.996676087 -0.012957270 0.080406487
1695436697.487000 -1.051714897 0.335281372 15.557675362 -0.002185390 0.996653795 -0.011356805 0.080916405
1695436697.801000 -1.039472580 0.333909631 15.487639427 -0.007823673 0.996512473 -0.015068881 0.081698261
1695436698.008000 -1.032038212 0.333472311 15.440840721 -0.003738288 0.996602654 -0.009752393 0.081694901
1695436698.321000 -1.020460844 0.333135128 15.371599197 -0.002783102 0.996576965 -0.009413782 0.082085609
1695436698.630000 -1.008302689 0.332203835 15.303203583 -0.002946217 0.996526539 -0.012520744 0.082276933
1695436699.003000 -0.997106791 0.331555128 15.235692978 -0.001458080 0.996448934 -0.014853540 0.082865931
1695436699.409000 -0.982192755 0.330598354 15.148193359 -0.002930652 0.996401072 -0.011720518 0.083898485
1695436699.717000 -0.970009804 0.329870939 15.082618713 -0.005167932 0.996355236 -0.014544250 0.083893046
1695436700.018000 -0.958652735 0.329649240 15.018716812 -0.005157122 0.996348143 -0.011841901 0.084401026
1695436700.413000 -0.944416761 0.328480512 14.937621117 -0.005840496 0.996324897 -0.012713214 0.084504001
1695436700.713000 -0.934519529 0.327638984 14.876089096 -0.004639694 0.996257842 -0.011984839 0.085470416
1695436701.004000 -0.923980474 0.327082157 14.815841675 -0.006021607 0.996284127 -0.012852415 0.084949858
1695436701.457000 -0.906771183 0.326407254 14.721840858 -0.006939471 0.996231973 -0.010711125 0.085784651
1695436701.772000 -0.896331787 0.326044828 14.666570663 -0.007467417 0.996211350 -0.012687185 0.085710034
1695436702.162000 -0.882672548 0.325276524 14.591938972 -0.008180960 0.996228635 -0.012233781 0.085510053
1695436702.452000 -0.872863770 0.324638307 14.535408020 -0.008267487 0.996194720 -0.011410666 0.086009376
1695436702.837000 -0.859415531 0.324177533 14.461588860 -0.008370457 0.996125221 -0.013472202 0.086504266
1695436703.218000 -0.846496105 0.323449910 14.389342308 -0.009257874 0.996077061 -0.012068231 0.087173335
1695436703.503000 -0.836608410 0.322493851 14.335650444 -0.010149243 0.996047795 -0.012126567 0.087400362
1695436703.787000 -0.826614618 0.322517395 14.282563210 -0.008853934 0.996053159 -0.012408956 0.087440304
1695436704.066000 -0.816598177 0.322979838 14.230310440 -0.007872242 0.996153355 -0.003673171 0.087195300
1695436704.348000 -0.806582212 0.321762800 14.178582191 -0.004824039 0.996021032 -0.016025024 0.087532900
1695436704.627000 -0.797729731 0.321528614 14.129340172 -0.010496398 0.996015668 -0.011466062 0.087813519
1695436704.812000 -0.791869402 0.321494401 14.096509933 -0.009391353 0.996027589 -0.011307729 0.087823763
1695436705.090000 -0.782983541 0.320636898 14.048499107 -0.008375121 0.996019900 -0.012849707 0.087801717
1695436705.371000 -0.774009705 0.320263118 14.000216484 -0.008228686 0.996025383 -0.012048424 0.087867260
1695436705.648000 -0.764761686 0.319770634 13.950883865 -0.006059907 0.996028483 -0.015020343 0.087549500
1695436705.925000 -0.755219936 0.319014013 13.899117470 -0.006762372 0.996003926 -0.015328420 0.087724395
1695436706.294000 -0.741381645 0.318755418 13.826594353 -0.009308480 0.996008098 -0.013503571 0.087743498
1695436706.658000 -0.726979256 0.317953169 13.750825882 -0.008196006 0.996048868 -0.012255397 0.087574288
1695436707.019000 -0.713277578 0.317604035 13.676329613 -0.007659151 0.996073663 -0.012401139 0.087320417
1695436707.378000 -0.700455666 0.316774845 13.603372574 -0.009043950 0.996055961 -0.012520750 0.087372787
1695436707.733000 -0.687194586 0.316647172 13.533165932 -0.007514228 0.995976985 -0.012292153 0.088443860
1695436708.087000 -0.674962997 0.315016538 13.465047836 -0.003661798 0.995910704 -0.014418392 0.089109629
1695436708.531000 -0.658649683 0.314450681 13.379808426 -0.007030424 0.995930195 -0.010652936 0.089219816
1695436708.793000 -0.649428368 0.313809723 13.331257820 -0.009485578 0.995899320 -0.012545921 0.089091323
1695436709.236000 -0.634187460 0.313587993 13.249128342 -0.007800528 0.995777965 -0.018951243 0.089477904
1695436709.580000 -0.620913982 0.313004315 13.180451393 -0.012276104 0.995948792 -0.013120783 0.088109165
1695436709.839000 -0.611390829 0.312712580 13.127557755 -0.002366664 0.995937407 -0.013032861 0.089068651
1695436710.097000 -0.600714445 0.311737925 13.073884964 -0.006748072 0.995885730 -0.011187599 0.089671127
1695436710.355000 -0.590815783 0.311437935 13.022081375 -0.006848970 0.995849311 -0.011754926 0.089995041
1695436710.697000 -0.577342033 0.310977757 12.953478813 -0.005715780 0.995876074 -0.011921145 0.089755997
1695436710.954000 -0.567289591 0.310413748 12.902526855 -0.005652434 0.995900154 -0.011146287 0.089591987
1695436711.206000 -0.557587862 0.310583651 12.852826118 -0.001801462 0.995962679 -0.009770257 0.089217208
1695436711.455000 -0.547944784 0.310120404 12.804003716 -0.006019462 0.995881259 -0.013944232 0.089385971
1695436711.705000 -0.537894726 0.309635848 12.752914429 -0.005958478 0.995927870 -0.014060700 0.088850945
1695436711.957000 -0.527663946 0.309280068 12.699955940 -0.005391514 0.995942414 -0.013299066 0.088841751
1695436712.364000 -0.517588615 0.307778180 12.638462067 -0.003872290 0.995877802 -0.013568509 0.089601383
1695436712.686000 -0.504902840 0.307896882 12.583833694 -0.004500673 0.996015787 -0.011938816 0.088259868
1695436712.929000 -0.505511761 0.306982309 12.562266350 -0.004699068 0.995843053 -0.013171569 0.090005971
1695436713.171000 -0.494127512 0.306305647 12.510539055 -0.005085333 0.995929778 -0.012243721 0.089152493
1695436713.492000 -0.480397463 0.306208462 12.444451332 -0.003983918 0.995883822 -0.014244867 0.089423686
1695436713.732000 -0.475910902 0.305558860 12.412624359 -0.003012301 0.995937765 -0.011983485 0.089192167
1695436713.890000 -0.477605343 0.305300862 12.400527954 -0.006855270 0.996674120 -0.010728789 0.080489404
1695436714.201000 -0.469011307 0.304856271 12.352168083 -0.009663065 0.997318506 -0.012617219 0.071437456
1695436714.357000 -0.465130329 0.304773360 12.326067924 -0.007426496 0.997453332 -0.009972306 0.070230275
1695436714.512000 -0.461164951 0.304842949 12.300102234 -0.006470893 0.997510314 -0.010341411 0.069457360
1695436714.735000 -0.456387281 0.304425776 12.263874054 -0.002123372 0.997470379 -0.006062607 0.070793182
1695436714.960000 -0.451047897 0.305062294 12.227967262 -0.004424482 0.997407198 -0.009450913 0.071204364
1695436715.258000 -0.442646742 0.304480225 12.180553436 0.000348159 0.995878816 -0.009086662 0.090237141
1695436715.566000 -0.432729244 0.304347098 12.132655144 -0.002108219 0.995032251 -0.006786003 0.099299610
1695436715.797000 -0.425203323 0.304444849 12.096761703 -0.009174423 0.994858742 -0.011276382 0.100224167
1695436716.025000 -0.418840885 0.304137975 12.061710358 -0.009198996 0.995922148 -0.011560543 0.088999227
1695436716.175000 -0.414235353 0.304177880 12.038679123 -0.004587460 0.996213913 -0.011169611 0.086093634
1695436716.395000 -0.408272266 0.303684682 12.005128860 0.002496452 0.996275783 -0.016636271 0.084567271
1695436716.611000 -0.402428627 0.303650618 11.972247124 0.001866995 0.996403754 -0.005065171 0.084560037
1695436716.756000 -0.398445606 0.304272354 11.950774193 0.001812010 0.996423244 0.003799323 0.084398299
1695436717.045000 -0.390376806 0.304040760 11.908078194 -0.006460928 0.996286333 -0.012003860 0.085015863
1695436717.259000 -0.384812355 0.304140985 11.876488686 -0.009498317 0.996273637 -0.010944308 0.085022867
1695436717.475000 -0.378881931 0.304335594 11.844955444 -0.007243618 0.996434033 -0.005426066 0.083889291
1695436717.689000 -0.373529434 0.303800195 11.814419746 -0.005903886 0.996402085 -0.012573424 0.083605871
1695436717.902000 -0.369100094 0.303672880 11.783388138 -0.011139311 0.997699916 -0.010865316 0.065975465
1695436718.107000 -0.365084410 0.303911924 11.753706932 -0.011672748 0.998050451 -0.008064357 0.060778994
1695436718.382000 -0.359987736 0.303975880 11.714612961 -0.009226318 0.998182535 -0.011193332 0.058491670
1695436718.654000 -0.355532646 0.303875953 11.676719666 -0.006653332 0.998267770 -0.008596601 0.057821374
1695436718.927000 -0.350570560 0.303687513 11.637820244 -0.005610220 0.998268843 -0.012758025 0.057141338
1695436719.197000 -0.344810486 0.303210616 11.597628593 0.000349300 0.996745586 -0.010631699 0.079906628
1695436719.476000 -0.336500168 0.303030759 11.556412697 0.002140979 0.995240033 -0.010602810 0.096851975
1695436719.757000 -0.327497959 0.302957177 11.512821198 -0.002648640 0.994873941 -0.010688065 0.100521646
1695436720.035000 -0.318665504 0.302602023 11.468663216 -0.007219445 0.995620847 -0.013337178 0.092244707
1695436720.306000 -0.311153650 0.302446336 11.423809052 -0.010693004 0.996876061 -0.011792593 0.077360876
1695436720.759000 -0.300293207 0.302251160 11.347923279 -0.004186435 0.997301936 -0.009251801 0.072702929
1695436720.951000 -0.295201302 0.302146465 11.315958977 -0.004026894 0.997366488 -0.009759355 0.071754612
1695436721.200000 -0.289000034 0.301783383 11.274226189 -0.004121960 0.997355938 -0.012468467 0.071475551
1695436721.451000 -0.282662630 0.301686138 11.232032776 -0.003010697 0.997390091 -0.010644703 0.071348861
1695436721.577000 -0.279322386 0.301683873 11.210511208 -0.002206166 0.997435629 -0.009412539 0.070913702
1695436721.830000 -0.272826910 0.301688015 11.166868210 -0.006178233 0.997370780 -0.011956336 0.071206763
1695436721.953000 -0.269309998 0.301493168 11.145551682 -0.006011034 0.997380733 -0.014941046 0.070514791
1695436722.142000 -0.264582872 0.301342130 11.113434792 -0.002322308 0.997467637 -0.009908133 0.070390269
1695436722.329000 -0.259840488 0.301420301 11.082230568 -0.002168037 0.997528851 -0.005193200 0.070032723
1695436722.514000 -0.255080938 0.300945312 11.052795410 0.001064234 0.997568548 -0.010642246 0.068866670
1695436722.757000 -0.249345303 0.300924778 11.014737129 -0.000046540 0.997620583 -0.007066991 0.068579927
1695436722.994000 -0.244338274 0.300769508 10.979542732 -0.002956833 0.997607827 -0.009127698 0.068458982
1695436723.236000 -0.239057302 0.300596654 10.944542885 -0.000989959 0.997651815 -0.008555982 0.067945652
1695436723.474000 -0.234009743 0.300483584 10.910619736 -0.002668153 0.997671723 -0.006553970 0.067831412
1695436723.651000 -0.230589390 0.300460547 10.886759758 -0.000945589 0.997699857 -0.006327193 0.067483462
1695436723.830000 -0.227372408 0.300439864 10.863599777 0.001542323 0.997727871 -0.005034871 0.067167051
1695436724.007000 -0.224271536 0.300269425 10.840744019 0.001319402 0.997708321 -0.007889547 0.067187674
1695436724.123000 -0.222099066 0.300224215 10.826026917 0.001040375 0.997715294 -0.008685300 0.066990197
1695436724.299000 -0.219009638 0.300085545 10.804137230 0.000854781 0.997718513 -0.007917752 0.067040078
1695436724.475000 -0.215960503 0.300080717 10.783070564 0.001315401 0.997737110 -0.007365114 0.066818118
1695436724.652000 -0.212854147 0.300040632 10.762371063 0.001155843 0.997759938 -0.008084017 0.066396043
1695436724.827000 -0.210042953 0.299824774 10.742474556 0.001556718 0.997755706 -0.008803356 0.066359870
1695436725.059000 -0.206548452 0.299479961 10.716691017 0.002739619 0.997701108 -0.012590632 0.066531621
1695436725.288000 -0.202847004 0.299379498 10.690920830 -0.000287373 0.997744739 -0.008570433 0.066572592
1695436725.457000 -0.200130701 0.299327165 10.672048569 -0.000710295 0.997750401 -0.008482357 0.066495650
1695436725.628000 -0.197499037 0.299253166 10.653333664 0.000073423 0.997738719 -0.010106572 0.066448107
1695436725.856000 -0.193971157 0.299093425 10.628839493 0.000757034 0.997765839 -0.008888937 0.066209786
1695436726.080000 -0.190675735 0.299024433 10.605501175 0.001016177 0.997783363 -0.006738582 0.066196732
1695436726.309000 -0.187592030 0.298824370 10.582743645 0.002033102 0.997776508 -0.008370815 0.066089630
1695436726.533000 -0.184626102 0.298643947 10.561396599 0.001432830 0.997769415 -0.009386167 0.066076368
1695436726.812000 -0.181160212 0.298536479 10.536128044 -0.002360001 0.997769117 -0.009114621 0.066092335
1695436727.087000 -0.177668095 0.298347354 10.511621475 -0.001431795 0.997767270 -0.010505114 0.065940097
1695436727.368000 -0.174120426 0.298179418 10.486972809 -0.000895188 0.997793019 -0.009488417 0.065713279
1695436727.648000 -0.170641661 0.298093379 10.462618828 -0.000078979 0.997800767 -0.009681298 0.065574057
1695436727.921000 -0.167299271 0.298092932 10.438978195 0.001089170 0.997831047 -0.007100565 0.065434024
1695436728.244000 -0.163663387 0.297945768 10.411531448 0.000987081 0.997795880 -0.010555365 0.065505631
1695436728.879000 -0.157366753 0.297877699 10.365670204 0.001062459 0.997820139 -0.008803053 0.065394372
1695436729.202000 -0.153756380 0.297861516 10.338501930 0.001436638 0.997816086 -0.007211131 0.065642834
1695436729.733000 -0.148648739 0.297369689 10.299831390 0.005103619 0.997737229 -0.012960060 0.065775998
1695436730.047000 -0.145761728 0.297338963 10.279262543 0.008619637 0.997730613 -0.008191636 0.066274323
1695436730.363000 -0.143109083 0.297387779 10.259357452 0.007832680 0.997688472 -0.008406736 0.066975236
1695436730.700000 -0.140342951 0.297357559 10.238443375 0.006600018 0.997681737 -0.008140763 0.067241013
1695436731.013000 -0.137670755 0.297176838 10.219151497 0.006433979 0.997623980 -0.010144197 0.067839183
1695436731.397000 -0.133419275 0.296873242 10.195617676 0.002135769 0.996571958 -0.014606746 0.081402935
1695436731.782000 -0.128792048 0.297338456 10.173472404 0.001169468 0.995767474 0.000856049 0.091896892
1695436732.208000 -0.123994827 0.296966165 10.148831367 0.007991680 0.995643079 -0.016144887 0.091490023
1695436732.633000 -0.119351149 0.297048301 10.124315262 0.006313758 0.995721221 -0.001207019 0.092184708
1695436733.026000 -0.115164518 0.296814650 10.102120399 0.006948442 0.995604992 -0.011581240 0.092673369
1695436733.397000 -0.111041307 0.296576768 10.081636429 0.005844587 0.995619535 -0.011397812 0.092615843
1695436733.765000 -0.107283831 0.296343207 10.061458588 0.002695736 0.995612144 -0.010665201 0.092927150
1695436734.342000 -0.101011276 0.296225190 10.030171394 0.001827307 0.995611608 -0.009058462 0.093124427
1695436734.707000 -0.097410679 0.296146363 10.010870934 0.001716781 0.995582283 -0.009743871 0.093370609
1695436735.072000 -0.093426228 0.296049148 9.991901398 0.001117170 0.995598018 -0.009654706 0.093220666
1695436735.434000 -0.089730501 0.295842528 9.972852707 0.000628225 0.995579302 -0.009811314 0.093408741
1695436735.872000 -0.085265160 0.295784414 9.950232506 0.000592283 0.995584369 -0.009487576 0.093388572
1695436736.285000 -0.081297874 0.295895725 9.929393768 0.000026318 0.995646298 -0.004695917 0.093093701
1695436736.639000 -0.078242540 0.295688957 9.911924362 -0.000325061 0.996151209 -0.012708860 0.086724512
1695436737.013000 -0.074765921 0.295701265 9.893185616 -0.002794288 0.996507049 -0.008733321 0.083004072
1695436737.361000 -0.072712421 0.295584440 9.876289368 -0.001215322 0.997526884 -0.010274963 0.069520690
1695436737.746000 -0.070101500 0.295522779 9.857538223 -0.000525245 0.997514963 -0.009407401 0.069822207
1695436738.079000 -0.067834139 0.295374364 9.841430664 -0.000215122 0.997503042 -0.009687269 0.069956124
1695436738.484000 -0.065053463 0.295309544 9.822668076 0.001058353 0.997485936 -0.009738068 0.070184246
1695436738.866000 -0.062421560 0.295325249 9.804807663 0.001573403 0.997482419 -0.009287126 0.070285872
1695436739.244000 -0.059841633 0.295088798 9.787155151 0.003825140 0.997411907 -0.011686391 0.070840135
1695436739.643000 -0.056989431 0.294907093 9.769022942 0.001902725 0.997421443 -0.009612327 0.071094520
1695436740.073000 -0.053848028 0.294893682 9.749946594 0.002247404 0.997438252 -0.009328911 0.070886463
1695436740.451000 -0.051676750 0.294858217 9.733237267 0.002942335 0.997401059 -0.009258534 0.071391970
1695436740.911000 -0.048472881 0.294810385 9.712542534 0.003352487 0.997401834 -0.009337861 0.071352683
1695436741.465000 -0.044859648 0.294838130 9.689071655 0.004315537 0.997376502 -0.011017439 0.071415164
1695436741.960000 -0.041809797 0.295159489 9.667501450 0.004566406 0.997362435 -0.009629039 0.071795672
1695436742.508000 -0.040054917 0.294141620 9.644162178 -0.001711275 0.999554336 -0.008278434 0.028631376
1695436742.934000 -0.041834712 0.293617487 9.626530647 -0.010934416 -0.999640107 0.009141909 0.022727113
1695436743.342000 -0.045290709 0.293596745 9.610263824 0.002691867 -0.996296048 0.006014891 0.085736878
1695436743.696000 -0.051168442 0.293508410 9.597515106 0.004525120 -0.986657619 0.005749027 0.162644356
1695436744.043000 -0.059089661 0.293497622 9.586238861 0.008586303 -0.971540987 0.007206647 0.236606181
1695436744.296000 -0.065550804 0.293495387 9.579175949 0.005652314 -0.957585394 0.005997876 0.288031787
1695436744.544000 -0.072739601 0.293490142 9.572937012 0.004524533 -0.941305697 0.008006476 0.337430149
1695436744.806000 -0.080789566 0.293482602 9.567305565 0.002864988 -0.921521187 0.011502220 0.388147265
1695436745.143000 -0.092128754 0.293317318 9.560873985 0.007369618 -0.892545640 0.010298181 0.450779349
1695436745.443000 -0.102449417 0.292799056 9.556632996 0.007486946 -0.863710642 0.010938194 0.503813684
1695436745.696000 -0.111508369 0.292591989 9.554388046 0.006923251 -0.838130951 0.009765496 0.545337677
1695436745.940000 -0.120609283 0.292390943 9.553108215 0.005026542 -0.811175466 0.009810559 0.584698915
1695436746.142000 -0.127804756 0.292604268 9.552053452 0.002096177 -0.797377646 0.010278484 0.603389502
