1695814283.625000 0.000000000 0.000000000 0.000000000 -0.000000000 -0.000000000 -0.000000000 1.000000000
1695814284.443000 -0.000385740 0.000536660 0.031249313 0.001363117 -0.000386706 0.000133267 0.999998987
1695814284.853000 -0.000477907 0.001274291 0.066583432 -0.000041816 -0.000388749 0.000312668 0.999999881
1695814285.126000 -0.000769156 0.001969480 0.102517411 0.000388187 -0.000490634 0.000298174 0.999999762
1695814285.401000 -0.001306111 0.003068455 0.147161782 0.000482448 -0.000654136 0.000010807 0.999999702
1695814285.678000 -0.001697870 0.003546133 0.201238468 -0.000050502 -0.000655249 0.000309700 0.999999762
1695814285.952000 -0.002194979 0.005312359 0.263262123 -0.000470647 -0.000767168 0.000382730 0.999999523
1695814286.222000 -0.002642450 0.007237614 0.325274616 -0.002285131 -0.000807755 0.000495591 0.999996960
1695814286.493000 -0.002768083 0.007572387 0.385091960 0.001030435 -0.001133701 0.000321777 0.999998748
1695814286.759000 -0.002712636 0.009483141 0.453484446 0.001322123 -0.001528627 -0.000612300 0.999997795
1695814287.028000 -0.003114218 0.010944732 0.531760991 -0.000257044 -0.001681604 -0.002029577 0.999996543
1695814287.312000 -0.005054847 0.012630772 0.622695446 0.000312377 -0.002444792 -0.001651740 0.999995649
1695814287.724000 -0.010210603 0.017398922 0.765791595 -0.002819575 -0.012175906 -0.000144852 0.999921918
1695814288.121000 -0.014513038 0.018831236 0.900277257 -0.001304395 -0.012222213 -0.000042109 0.999924481
1695814288.520000 -0.022418175 0.021587169 1.032340288 -0.001826493 -0.019354261 0.000749564 0.999810755
1695814288.920000 -0.028204702 0.023985788 1.161335588 -0.001486682 -0.019442774 0.000570459 0.999809682
1695814289.309000 -0.032772638 0.026792737 1.290302753 -0.001900054 -0.019913064 0.000316891 0.999799848
1695814289.702000 -0.039187349 0.030564848 1.414895177 0.000072517 -0.019853588 0.000528887 0.999802768
1695814290.095000 -0.046032630 0.033922903 1.547658801 -0.002181220 -0.019360134 -0.001207493 0.999809504
1695814290.494000 -0.052055847 0.034971565 1.684704304 0.005086628 -0.018998059 0.001132064 0.999805927
1695814290.879000 -0.056142040 0.037126262 1.824733019 -0.001009601 -0.019617157 0.004031377 0.999798954
1695814291.260000 -0.064059854 0.037816014 1.964274168 0.001965394 -0.019350741 0.002601084 0.999807477
1695814291.645000 -0.066931672 0.042012434 2.105879068 -0.003892754 -0.020401705 0.003624931 0.999777734
1695814292.031000 -0.072984040 0.044066865 2.248795748 -0.000218609 -0.020730756 0.007461016 0.999757230
1695814292.425000 -0.079300448 0.046002626 2.399308205 -0.000399589 -0.021752028 0.003389667 0.999757588
1695814292.808000 -0.085827969 0.048324998 2.539474964 -0.001696530 -0.021586994 0.001286183 0.999764740
1695814293.055000 -0.091252372 0.050793737 2.629665852 -0.001078953 -0.022355204 0.000067224 0.999749541
1695814293.304000 -0.095158085 0.053634025 2.718465328 -0.005072546 -0.022484668 -0.002085180 0.999732137
1695814293.554000 -0.099198021 0.054503053 2.813805342 -0.000897116 -0.021917176 0.002075691 0.999757230
1695814293.933000 -0.107000969 0.058053598 2.967181921 0.002525688 -0.021886645 0.004968108 0.999744952
1695814294.329000 -0.115883559 0.061380688 3.128392220 -0.004622422 -0.021988172 0.005435884 0.999732792
1695814294.603000 -0.118964203 0.064118952 3.239600897 -0.000261758 -0.023286881 0.002696143 0.999725163
1695814294.979000 -0.126626074 0.067065753 3.393486977 -0.001007774 -0.023480335 0.002845735 0.999719739
1695814295.581000 -0.137398928 0.069651239 3.554165840 -0.005008307 -0.022620933 0.000623305 0.999731421
1695814295.996000 -0.152215734 0.072246872 3.793971777 -0.002150451 -0.022800764 -0.002053044 0.999735653
1695814296.234000 -0.153924718 0.074570030 3.885146856 -0.002320766 -0.024078043 -0.002295436 0.999704778
1695814296.832000 -0.164179981 0.078141809 4.107932091 -0.002505856 -0.025084155 -0.001869429 0.999680459
1695814297.099000 -0.174171835 0.080177344 4.206674099 -0.001994550 -0.023154529 -0.002138346 0.999727666
1695814297.344000 -0.176766798 0.082001358 4.298213005 -0.002162091 -0.024508221 -0.001418343 0.999696314
1695814297.607000 -0.181994200 0.084053732 4.394456863 -0.001983076 -0.024692094 -0.000700051 0.999692917
1695814297.869000 -0.187777787 0.085390344 4.489916325 0.001672852 -0.024831152 -0.000109362 0.999690235
1695814298.134000 -0.193795905 0.087353811 4.584995270 0.002090287 -0.024895011 -0.000049360 0.999687910
1695814298.382000 -0.200030327 0.088908792 4.674872875 -0.002033800 -0.024457775 -0.000605642 0.999698639
1695814298.646000 -0.206613794 0.091087528 4.769200325 -0.001587491 -0.023881922 -0.002272176 0.999710977
1695814298.933000 -0.211400375 0.092866771 4.872274876 -0.001460298 -0.024564601 -0.002971876 0.999692738
1695814299.192000 -0.217811197 0.094764747 4.965827942 -0.001427505 -0.024432486 -0.002489797 0.999697387
1695814299.428000 -0.221731618 0.096395552 5.050312042 -0.001853101 -0.024807785 -0.001895286 0.999688745
1695814299.774000 -0.230576739 0.098054722 5.171517372 -0.001833038 -0.024388405 -0.002438080 0.999697924
1695814300.032000 -0.233018786 0.099440373 5.263753891 -0.001456606 -0.025472784 -0.001806899 0.999672830
1695814300.293000 -0.238252774 0.101123668 5.354566097 -0.001454298 -0.025936097 -0.001009238 0.999662042
1695814300.565000 -0.245241255 0.102567218 5.453317165 -0.002568491 -0.025637493 -0.000475273 0.999667943
1695814300.955000 -0.252937347 0.104555458 5.592561722 -0.000351162 -0.025894644 0.000288290 0.999664605
1695814301.235000 -0.258843005 0.106959626 5.693828583 -0.001938817 -0.026132423 -0.001680632 0.999655247
1695814301.649000 -0.269919932 0.110446766 5.840237617 -0.001704744 -0.025476716 -0.002563182 0.999670684
1695814302.062000 -0.277822345 0.113645554 5.988357067 -0.002120508 -0.025771316 -0.001514821 0.999664485
1695814302.489000 -0.286464632 0.115830906 6.152640820 0.000657344 -0.026201539 -0.001362152 0.999655545
1695814302.895000 -0.296881765 0.120159999 6.317885399 -0.002685023 -0.026082300 0.000254485 0.999656200
1695814303.302000 -0.308215111 0.122389041 6.493827820 0.002889720 -0.025749836 0.001587850 0.999662995
1695814303.567000 -0.314628601 0.126207992 6.613834858 -0.002239980 -0.025935527 0.000362814 0.999661088
1695814303.818000 -0.320385665 0.127381518 6.720438480 -0.002942219 -0.026195168 -0.001217293 0.999651790
1695814304.231000 -0.332803071 0.130969271 6.899091244 0.001218233 -0.025885087 -0.000832397 0.999663830
1695814304.505000 -0.340626955 0.134366766 7.031182766 -0.000459932 -0.026041882 -0.000395066 0.999660671
1695814304.904000 -0.354121029 0.140518114 7.224246502 -0.001338598 -0.025458479 -0.000277329 0.999674976
1695814305.168000 -0.359290153 0.140951410 7.352626801 0.001194339 -0.025888240 0.001373244 0.999663174
1695814305.436000 -0.365955919 0.141845971 7.487989426 0.001423135 -0.026228216 0.001454472 0.999653935
1695814305.699000 -0.374593288 0.145773888 7.622091293 -0.005692907 -0.026270531 0.001870750 0.999636948
1695814305.969000 -0.378151357 0.149305448 7.752989292 -0.003299596 -0.027778326 0.008566806 0.999571979
1695814306.359000 -0.392258018 0.150121838 7.930762768 0.000329753 -0.027440265 -0.000990784 0.999622941
1695814306.616000 -0.403022349 0.151934102 8.072961807 -0.001855896 -0.026304359 0.000656722 0.999652088
1695814306.879000 -0.410443813 0.152080908 8.209406853 0.010967597 -0.026587190 0.003325308 0.999580801
1695814307.136000 -0.418001056 0.156708151 8.351076126 -0.005206189 -0.027671346 0.001317914 0.999602675
1695814307.386000 -0.428754985 0.163346618 8.497621536 -0.011900203 -0.027074197 -0.000066883 0.999562621
1695814307.644000 -0.438293546 0.164353728 8.645764351 -0.002489686 -0.026749555 0.003484545 0.999633014
1695814307.900000 -0.445622563 0.164747790 8.790665627 0.008727165 -0.027626559 0.004916560 0.999568164
1695814308.149000 -0.455584258 0.169594333 8.931449890 -0.005645731 -0.027442008 0.006295185 0.999587655
1695814308.400000 -0.465121627 0.174109310 9.069702148 -0.007457153 -0.027480897 0.003756391 0.999587476
1695814308.778000 -0.478053808 0.175795197 9.278146744 -0.000847946 -0.026964955 0.001215372 0.999635279
1695814309.032000 -0.489248544 0.178474590 9.424490929 -0.002355858 -0.026118597 0.004128630 0.999647558
1695814309.275000 -0.499348909 0.183029100 9.569205284 -0.002262218 -0.026326120 0.005743116 0.999634385
1695814309.518000 -0.507849574 0.186035007 9.712256432 -0.003156593 -0.026431553 0.005976263 0.999627829
1695814309.767000 -0.514825344 0.189040810 9.856611252 -0.000524698 -0.027314071 0.006445752 0.999605954
1695814310.006000 -0.527361691 0.192220896 10.000727654 0.000412306 -0.026571494 0.004895593 0.999634862
1695814310.247000 -0.534835875 0.196455881 10.143322945 -0.008554938 -0.027355308 0.004244972 0.999580145
1695814310.491000 -0.543209076 0.198682070 10.284866333 -0.002022087 -0.027531175 0.007691754 0.999589324
1695814310.738000 -0.555454195 0.200878039 10.428677559 -0.001518949 -0.026577627 0.006067241 0.999627233
1695814310.973000 -0.561633527 0.205031782 10.568765640 -0.002391021 -0.027353024 0.007346896 0.999596000
1695814311.211000 -0.569981575 0.208328038 10.708657265 -0.000432047 -0.027828865 0.007612888 0.999583662
1695814311.447000 -0.581913948 0.210440055 10.849208832 -0.002677449 -0.026946656 0.007403366 0.999605894
1695814311.691000 -0.588518322 0.212736025 10.986797333 -0.002037039 -0.027903235 0.004641178 0.999597788
1695814311.926000 -0.598391354 0.214355722 11.126984596 0.003118576 -0.027723907 0.005546836 0.999595404
1695814312.169000 -0.609450161 0.217169717 11.271243095 -0.001057432 -0.027412305 0.007772442 0.999593437
1695814312.406000 -0.622414231 0.221450120 11.415897369 -0.003117107 -0.026576981 0.007798922 0.999611497
1695814312.640000 -0.630791187 0.224774003 11.556563377 -0.002440782 -0.027451642 0.008705874 0.999582231
1695814312.876000 -0.641482294 0.227127001 11.698653221 -0.002093459 -0.026708527 0.008589773 0.999604166
1695814313.108000 -0.651413560 0.229026005 11.831207275 -0.004058197 -0.026393544 0.006102115 0.999624789
1695814313.338000 -0.658593416 0.231644109 11.964233398 -0.002735400 -0.026867768 0.006406835 0.999614775
1695814313.564000 -0.665500164 0.234144598 12.093758583 -0.002690878 -0.027499201 0.008694420 0.999580383
1695814313.794000 -0.674409091 0.236567885 12.222132683 -0.003055365 -0.027477039 0.009280026 0.999574721
1695814314.019000 -0.683497131 0.238920331 12.347950935 -0.003132723 -0.027533269 0.008740370 0.999577820
1695814314.247000 -0.690568507 0.241800666 12.473429680 -0.001731078 -0.028034732 0.009797892 0.999557436
1695814314.581000 -0.702972054 0.245669097 12.658991814 -0.001246510 -0.028100833 0.004145622 0.999595761
1695814314.807000 -0.712137461 0.248784572 12.782583237 -0.005435218 -0.026925841 0.004824199 0.999611020
1695814315.026000 -0.719387889 0.251378715 12.904806137 -0.005797408 -0.026782954 0.010289719 0.999571502
1695814315.249000 -0.724678636 0.252469689 13.022558212 -0.001387721 -0.026758531 0.010333279 0.999587536
1695814315.575000 -0.736010611 0.256570131 13.194261551 -0.003565485 -0.027059978 0.010106473 0.999576390
1695814315.793000 -0.740298331 0.258125126 13.307785034 -0.003941989 -0.027852912 0.010532655 0.999548793
1695814316.117000 -0.751497149 0.260564834 13.475729942 -0.006532261 -0.028097887 0.008064464 0.999551356
1695814316.553000 -0.765933216 0.265598267 13.696378708 -0.003664903 -0.028090717 0.008950892 0.999558568
1695814316.980000 -0.779745579 0.270260692 13.912402153 -0.003488859 -0.027472284 -0.000399050 0.999616444
1695814317.197000 -0.787735879 0.273743957 14.016507149 -0.005776660 -0.026621358 -0.000254505 0.999628901
1695814317.509000 -0.796048045 0.277463049 14.171097755 -0.000141887 -0.026590310 0.005712308 0.999630094
1695814317.820000 -0.804358900 0.281229764 14.321680069 -0.000986492 -0.026605522 0.006499381 0.999624431
1695814318.031000 -0.810162485 0.281998098 14.423132896 -0.001555512 -0.027094157 0.005828464 0.999614716
1695814318.237000 -0.817379415 0.284599572 14.525279999 -0.003864087 -0.026314767 0.005652326 0.999630272
1695814318.548000 -0.825451076 0.287421167 14.671584129 -0.002715864 -0.026596561 0.003190868 0.999637485
1695814318.751000 -0.831513882 0.290467739 14.768660545 0.000953754 -0.025898773 0.006622796 0.999642193
1695814318.956000 -0.836493552 0.292432010 14.863242149 -0.002797669 -0.026082246 0.008790027 0.999617279
1695814319.161000 -0.842048585 0.293919891 14.958285332 -0.006255564 -0.025927491 0.009649624 0.999597669
1695814319.367000 -0.845950603 0.296009719 15.052645683 -0.001006696 -0.026637057 0.011271468 0.999581158
1695814319.580000 -0.852238357 0.297873855 15.154391289 -0.000674018 -0.026298961 0.011332740 0.999589682
1695814319.779000 -0.865169406 0.299879581 15.237036705 -0.003885285 -0.024690581 0.010866778 0.999628544
1695814319.980000 -0.864715099 0.302112639 15.332944870 -0.003198065 -0.026298126 0.011132995 0.999587059
1695814320.195000 -0.871104181 0.304046273 15.432363510 -0.001984030 -0.025812769 0.011214031 0.999601901
1695814320.396000 -0.877093852 0.305529118 15.526232719 0.000066863 -0.025590412 0.010803968 0.999614179
1695814320.596000 -0.882221401 0.306942821 15.620244026 -0.001700172 -0.025752680 0.009201125 0.999624550
1695814320.792000 -0.889221728 0.308973342 15.717791557 -0.000476793 -0.025521148 0.009369696 0.999630272
1695814321.007000 -0.895960033 0.310925752 15.824088097 0.000546209 -0.025314640 0.011088632 0.999617934
1695814321.204000 -0.902347744 0.313380182 15.928544044 -0.000253155 -0.025448313 0.011564244 0.999609232
1695814321.417000 -0.910259545 0.315421164 16.041152954 -0.000407327 -0.025686679 0.011766340 0.999600708
1695814321.613000 -0.917470753 0.317577392 16.149808884 -0.000058162 -0.025485799 0.012084530 0.999602139
1695814321.822000 -0.925874710 0.320846140 16.271545410 0.000153743 -0.025298137 0.011215123 0.999617040
1695814322.050000 -0.936748207 0.320882171 16.402997971 -0.002502374 -0.025097955 0.010172314 0.999630153
1695814322.270000 -0.948165715 0.325030714 16.541973114 -0.001087497 -0.024458541 0.009443857 0.999655664
1695814322.480000 -0.884445250 0.331475973 16.617860794 0.001574711 -0.047246300 0.010972357 0.998821795
1695814322.716000 -0.858723521 0.323457658 16.711387634 -0.001124695 -0.058758784 0.009535206 0.998226047
1695814322.943000 -0.857490480 0.326219648 16.761375427 -0.000176018 -0.061405383 0.007802009 0.998082399
1695814323.172000 -0.843676448 0.328185380 16.763713837 -0.004312074 -0.065148860 0.006296978 0.997846365
1695814323.390000 -0.946407259 0.325406671 16.755332947 -0.003750838 -0.029427730 0.007390706 0.999532580
1695814323.604000 -0.961593509 0.327133566 16.791688919 -0.000398089 -0.024998059 0.008867289 0.999648094
1695814323.821000 -0.965429008 0.328428566 16.852455139 -0.002649520 -0.024596399 0.011721831 0.999625266
1695814324.040000 -0.967900097 0.330658942 16.912847519 -0.003248092 -0.025595114 0.010828308 0.999608457
1695814324.258000 -1.002069712 0.322918236 16.858131409 -0.005806645 -0.011672996 0.009315806 0.999871612
1695814324.470000 -0.979542315 0.328183204 16.872026443 -0.001650631 -0.019259062 0.006339876 0.999793053
1695814324.790000 -0.942534506 0.336564928 16.915729523 0.000048052 -0.033836830 0.006555318 0.999405861
1695814325.005000 -0.920883119 0.342060983 16.919229507 0.000285199 -0.042584918 0.009429584 0.999048352
1695814325.212000 -0.904668093 0.340039551 16.951913834 0.000530760 -0.049970858 0.009057987 0.998709500
1695814325.412000 -0.894703746 0.341419220 17.004281998 0.001537157 -0.056223061 0.008735892 0.998378873
1695814325.623000 -0.939655900 0.333617449 17.017988205 -0.003698952 -0.037502591 0.001354765 0.999288797
1695814325.929000 -0.899286509 0.341988564 17.044294357 0.006305973 -0.056345571 0.004823996 0.998379767
1695814326.330000 -0.902814090 0.342539608 17.073843002 -0.002101558 -0.055561591 0.005629684 0.998437166
1695814326.627000 -0.905070126 0.342503935 17.095682144 0.000792601 -0.055773489 0.005677736 0.998426974
1695814326.925000 -0.908802986 0.341830462 17.112901688 -0.000576671 -0.054745242 0.019070122 0.998318076
1695814327.220000 -0.898969471 0.343413115 17.130373001 -0.002259150 -0.059128262 0.015376541 0.998129427
1695814327.414000 -0.886852205 0.345624566 17.153310776 0.000523130 -0.067066334 0.014258184 0.997646511
1695814327.707000 -0.881781340 0.356209874 17.201473236 0.012226043 -0.073537603 0.026072698 0.996876597
1695814327.896000 -0.883826792 0.356413931 17.209062576 0.007087029 -0.073504560 0.029219702 0.996841550
1695814328.187000 -0.887886047 0.356083453 17.237310410 0.005124004 -0.073688999 0.027791543 0.996880829
1695814328.501000 -0.849801004 0.361102819 17.207307816 0.006755090 -0.091055587 0.033078324 0.995273352
1695814328.778000 -0.872553170 0.358942986 17.268281937 0.006014282 -0.083865024 0.028959675 0.996038079
1695814329.061000 -0.879680216 0.359009176 17.296482086 0.007183959 -0.081939489 0.032227822 0.996090233
1695814329.337000 -0.868202746 0.361500412 17.326244354 0.010119451 -0.090729706 0.032145329 0.995305181
1695814329.611000 -0.893323064 0.358796418 17.353122711 0.008670940 -0.079803444 0.032517701 0.996242344
1695814329.887000 -0.882538795 0.360584855 17.370740891 0.009600542 -0.086928613 0.031198937 0.995679617
1695814330.185000 -0.863353431 0.364631981 17.394107819 0.009763541 -0.101736136 0.033398788 0.994202673
1695814330.469000 -0.848420203 0.367900014 17.396205902 0.013335253 -0.113611944 0.037124656 0.992741764
1695814330.751000 -0.851570308 0.367409945 17.415349960 0.012068126 -0.134906799 0.031729788 0.990276635
1695814331.052000 -0.859711707 0.367471457 17.441398621 0.014587292 -0.135078549 0.030330572 0.990263104
1695814331.358000 -0.866581559 0.368359625 17.465785980 0.015473261 -0.134909347 0.033081029 0.990184724
1695814331.654000 -0.874244869 0.367739111 17.490098953 0.016213348 -0.144928351 0.035988089 0.988654554
1695814332.117000 -0.885945499 0.366551250 17.527109146 0.016867202 -0.145085797 0.033046406 0.988723218
1695814332.310000 -0.890973210 0.366234928 17.542163849 0.015943194 -0.158817232 0.034776021 0.986566544
1695814332.605000 -0.899009824 0.365633458 17.564504623 0.017106013 -0.158827692 0.031438436 0.986657381
1695814332.908000 -0.906328797 0.365045488 17.586622238 0.018256199 -0.158904359 0.029220672 0.986692607
1695814333.099000 -0.911284149 0.364587069 17.600921631 0.016770327 -0.158517912 0.028481383 0.986802757
1695814333.391000 -0.918202281 0.364059538 17.620988846 0.016008839 -0.158042714 0.027378274 0.986922860
1695814333.587000 -0.922431171 0.363608599 17.633638382 0.018676480 -0.158021092 0.026648726 0.986899436
1695814333.781000 -0.926811457 0.363273591 17.646163940 0.019924993 -0.157842189 0.026398152 0.986910343
1695814333.975000 -0.930883348 0.362930417 17.658227921 0.019275822 -0.157844573 0.026101219 0.986930728
1695814334.167000 -0.934970975 0.362572908 17.670419693 0.018670412 -0.157720998 0.026127227 0.986961424
1695814334.350000 -0.938515902 0.362126082 17.681753159 0.018186139 -0.152444482 0.025507530 0.987815440
1695814334.631000 -0.944095314 0.361690760 17.698953629 0.018875215 -0.151003554 0.028350867 0.987946332
1695814334.925000 -0.949824214 0.361277223 17.716449738 0.019093450 -0.150576890 0.027957927 0.988018394
1695814335.205000 -0.954551637 0.360738099 17.733028412 0.019293198 -0.133507460 0.024561321 0.990555584
1695814335.584000 -0.957935512 0.360161483 17.755561829 0.017685350 -0.091357112 0.025677416 0.995329976
1695814335.873000 -0.961527288 0.359892219 17.772596359 0.017680854 -0.091035850 0.029972341 0.995239437
1695814336.165000 -0.964646697 0.359489679 17.789608002 0.017200284 -0.091197044 0.027851772 0.995294750
1695814336.433000 -0.967429399 0.359152675 17.803781509 0.014985700 -0.090961099 0.027860178 0.995351911
1695814336.750000 -0.970455587 0.358713388 17.820175171 0.014606967 -0.090964623 0.028688068 0.995333672
1695814337.023000 -0.973066449 0.358427107 17.832969666 0.014987735 -0.090537086 0.028838018 0.995362639
1695814337.315000 -0.975599170 0.358089805 17.846038818 0.017920194 -0.090349026 0.028822660 0.995331705
1695814337.597000 -0.977982461 0.357859939 17.858417511 0.017744819 -0.090344489 0.028831042 0.995335042
1695814337.884000 -0.979496121 0.357529759 17.870828629 0.016736068 -0.067841671 0.023824962 0.997271180
1695814338.271000 -0.981086731 0.357161373 17.887634277 0.015943771 -0.056306306 0.030939814 0.997806668
1695814338.557000 -0.980794191 0.356888950 17.899511337 0.014634194 -0.018162508 0.026187282 0.999384940
1695814338.940000 -0.980754197 0.356944591 17.915800095 0.012785448 -0.009109645 0.030929031 0.999398291
1695814339.229000 -0.978073835 0.357074648 17.927070618 0.005189883 0.053802043 0.026013507 0.998199284
1695814339.614000 -0.974737048 0.357078522 17.942764282 0.012346595 0.077585064 0.038973365 0.996147215
1695814340.089000 -0.968801022 0.357402086 17.960695267 0.003901954 0.133512482 0.039942905 0.990234196
1695814340.393000 -0.965300500 0.357509732 17.972082138 0.007344537 0.141397551 0.044664685 0.988917530
1695814340.681000 -0.959777236 0.357891142 17.981706619 0.004933800 0.200379089 0.032051411 0.979181588
1695814340.964000 -0.955075383 0.358123928 17.991575241 0.002512658 0.209078506 0.041777086 0.977002859
1695814341.257000 -0.949013472 0.358466983 18.000722885 0.004590755 0.247524828 0.032039512 0.968340755
1695814341.563000 -0.943008065 0.358804286 18.010513306 0.007227652 0.257805526 0.041504912 0.965277910
1695814341.894000 -0.934846163 0.359313130 18.019290924 0.004854104 0.311614543 0.034410693 0.949572921
1695814342.234000 -0.925496340 0.359866977 18.026865005 0.001750746 0.372454762 0.026401144 0.927673101
1695814342.578000 -0.915182114 0.360569656 18.033313751 -0.004357296 0.430040032 0.027861010 0.902369320
1695814342.987000 -0.904145241 0.361607254 18.042060852 -0.008688047 0.431818426 0.030401578 0.901406169
1695814343.387000 -0.892668247 0.362561166 18.048885345 -0.017489219 0.471442014 0.024905711 0.881371796
1695814343.864000 -0.877906799 0.363425136 18.054079056 -0.014564758 0.540282130 0.022078786 0.841068208
1695814344.367000 -0.862150192 0.364695013 18.061286926 -0.017125562 0.544282138 0.025504522 0.838339567
1695814344.893000 -0.846170425 0.365814507 18.066854477 -0.016957570 0.572067976 0.021140220 0.819758356
1695814345.630000 -0.824094772 0.367287129 18.073936462 -0.016694481 0.593903482 0.019733366 0.804121017
1695814346.028000 -0.812610626 0.368056089 18.076379776 -0.018148208 0.608913183 0.024944128 0.792636871
1695814346.610000 -0.795600891 0.369361341 18.081192017 -0.016247600 0.609515846 0.024327170 0.792234004
1695814347.415000 -0.773521423 0.371028006 18.087230682 -0.016963983 0.609773636 0.024004428 0.792030334
1695814347.798000 -0.762948036 0.371988058 18.090167999 -0.020977974 0.609508693 0.028193807 0.792000115
1695814348.386000 -0.746513367 0.373090208 18.094894409 -0.012721477 0.609622002 0.023390550 0.792244971
1695814348.771000 -0.735015869 0.374061912 18.097967148 -0.017050344 0.609538972 0.025847735 0.792151213
1695814349.161000 -0.723675728 0.374909282 18.101198196 -0.015373435 0.609913826 0.025675468 0.791902423
1695814349.735000 -0.706417084 0.376069188 18.105922699 -0.013200900 0.610222816 0.024816038 0.791731000
1695814350.326000 -0.687857628 0.377524674 18.110923767 -0.014958151 0.610298157 0.026538862 0.791585803
1695814351.076000 -0.669264793 0.378812492 18.116361618 -0.013463925 0.611382723 0.026508940 0.790776372
1695814351.677000 -0.643721581 0.380601674 18.123138428 -0.014285024 0.611510813 0.027663652 0.790623307
1695814352.073000 -0.631069183 0.381530166 18.126527786 -0.012298123 0.611461937 0.026345318 0.790739536
1695814352.672000 -0.611227036 0.383073598 18.131715775 -0.014761149 0.611335337 0.028745607 0.790711641
1695814353.243000 -0.591207504 0.384662181 18.136713028 -0.013197836 0.610955834 0.028834181 0.791029334
1695814353.628000 -0.577756882 0.385683954 18.139982224 -0.013752755 0.611665666 0.028530315 0.790482163
1695814354.030000 -0.563810349 0.386941731 18.142288208 -0.014873819 0.640330672 0.026312442 0.767504513
1695814354.438000 -0.549861908 0.388308406 18.143337250 -0.017725665 0.658579588 0.022581836 0.751963377
1695814354.863000 -0.536174774 0.389154732 18.145112991 -0.017384652 0.665152371 0.023790365 0.746126115
1695814355.265000 -0.524175644 0.390090048 18.144813538 -0.019710774 0.685766160 0.021435289 0.727239251
1695814355.677000 -0.512319565 0.391065180 18.144271851 -0.021797940 0.699231744 0.017768465 0.714341819
1695814356.046000 -0.502336502 0.391633064 18.142416000 -0.023827793 0.736078143 0.015698303 0.676294982
1695814356.444000 -0.491994858 0.392314732 18.141651154 -0.019743163 0.745880187 0.017405665 0.665560007
1695814356.860000 -0.482711792 0.392906070 18.139038086 -0.021566236 0.767011464 0.016027760 0.641070545
1695814357.461000 -0.468387604 0.394386113 18.136005402 -0.020597355 0.775189817 0.018538095 0.631120324
1695814358.091000 -0.455442429 0.395667642 18.131114960 -0.019846277 0.802528918 0.024152784 0.595793605
1695814358.750000 -0.443593979 0.396869600 18.125095367 -0.024975551 0.832125187 0.024993662 0.553461134
1695814359.207000 -0.436521530 0.397629499 18.119680405 -0.024042059 0.859109104 0.027183974 0.510504246
1695814359.686000 -0.430217743 0.398544461 18.113550186 -0.026616242 0.883001804 0.022280315 0.468084365
1695814360.165000 -0.423763275 0.399356663 18.107069016 -0.024813280 0.905760467 0.016167408 0.422753930
1695814360.643000 -0.418720245 0.400008112 18.100109100 -0.026562067 0.925579011 0.012898374 0.377401203
1695814361.137000 -0.414390564 0.400662541 18.092266083 -0.028738003 0.942763925 0.015341305 0.331866026
1695814361.586000 -0.410783768 0.400904834 18.084293365 -0.029104773 0.957594812 0.012285654 0.286381215
1695814362.028000 -0.407909393 0.401194036 18.076457977 -0.027690662 0.969497919 0.008478409 0.243382767
1695814362.452000 -0.404174805 0.401603550 18.068971634 -0.024721293 0.971050262 0.009690803 0.237394989
1695814362.863000 -0.400328636 0.402021796 18.061611176 -0.022914223 0.971103966 0.010327765 0.237329662
1695814363.278000 -0.396332741 0.402318209 18.054140091 -0.020163173 0.971101403 0.009269237 0.237633422
1695814363.694000 -0.392090797 0.402743459 18.045833588 -0.021594439 0.971100807 0.009787321 0.237489283
1695814364.337000 -0.387193680 0.403130472 18.033599854 -0.018092865 0.976913035 0.002682930 0.212852940
1695814364.934000 -0.382456779 0.403714001 18.021228790 -0.019733800 0.979920805 0.010306570 0.198140293
1695814365.512000 -0.377107620 0.404253811 18.006507874 -0.022198156 0.983090580 0.003758477 0.181730911
1695814366.071000 -0.371287346 0.405022860 17.988727570 -0.023617635 0.986496568 0.006006273 0.161958918
1695814366.598000 -0.365792274 0.406123757 17.970195770 -0.022746777 0.988415182 0.011210830 0.149640620
1695814367.135000 -0.358305931 0.406824857 17.946495056 -0.023520911 0.989195883 0.001912064 0.144688010
1695814367.488000 -0.353303909 0.407759875 17.929605484 -0.023539240 0.989057600 0.009133327 0.145353109
1695814367.846000 -0.347921371 0.408138901 17.912338257 -0.023578042 0.989032269 0.003946160 0.145752236
1695814368.432000 -0.339231491 0.409450710 17.883018494 -0.027701337 0.990871608 0.006989141 0.131747037
1695814369.098000 -0.330337524 0.410690248 17.847564697 -0.026618406 0.991271675 0.006768853 0.128942415
1695814369.553000 -0.324296951 0.411321163 17.824592590 -0.025838263 0.991572440 0.003374545 0.126905635
1695814369.990000 -0.318224907 0.412292361 17.800767899 -0.026784856 0.991449952 0.006798958 0.127527818
1695814370.425000 -0.311922073 0.413144708 17.777683258 -0.025854321 0.991498947 0.005763824 0.127390131
1695814370.852000 -0.306000710 0.413908601 17.755151749 -0.026450515 0.991391599 0.006531586 0.128064334
1695814371.290000 -0.299635887 0.414618284 17.731603622 -0.026279930 0.991333127 0.004603026 0.128634721
1695814371.973000 -0.293089867 0.415608466 17.707992554 -0.026271706 0.991357028 0.007045306 0.128341243
1695814372.409000 -0.283393860 0.416753650 17.670316696 -0.028075436 0.993034840 0.004678310 0.114331394
1695814372.830000 -0.278971195 0.417445540 17.651308060 -0.027531644 0.993136406 0.004326592 0.113593169
1695814373.238000 -0.272462368 0.418187767 17.627882004 -0.027031971 0.993098974 0.006073401 0.113959946
1695814373.663000 -0.269865990 0.418414414 17.609153748 -0.023061765 0.991332948 0.007403592 0.129121870
1695814374.088000 -0.262866974 0.419404328 17.588066101 -0.023224844 0.990113258 0.007707426 0.138119370
1695814374.747000 -0.253286362 0.420422286 17.556846619 -0.024844777 0.988814712 0.005717695 0.146954402
1695814375.182000 -0.246288300 0.421324402 17.535350800 -0.025703721 0.988773406 0.007173088 0.147020429
1695814375.621000 -0.240448952 0.422012508 17.514364243 -0.028635770 0.990111470 0.007419021 0.137128398
1695814376.030000 -0.234647751 0.422944188 17.493944168 -0.027468603 0.990758538 0.007232782 0.132630140
1695814376.661000 -0.225811958 0.424239635 17.464466095 -0.025657577 0.990886748 0.006723472 0.132060707
1695814377.077000 -0.219641685 0.424635082 17.444929123 -0.024386285 0.991062403 0.001893962 0.131137595
1695814377.499000 -0.213706970 0.425572187 17.423553467 -0.025750101 0.990824342 0.008648454 0.132398099
1695814377.908000 -0.209193230 0.425966203 17.403415680 -0.025902923 0.990608394 0.004506276 0.134178057
1695814378.518000 -0.199487686 0.427377820 17.370470047 -0.026025040 0.990619242 0.008865028 0.133856893
1695814379.125000 -0.190332413 0.428323269 17.337703705 -0.023339579 0.990516841 0.008873590 0.135103315
1695814379.528000 -0.183950424 0.429298997 17.316284180 -0.021066692 0.990752578 0.008433285 0.133770168
1695814380.124000 -0.175341606 0.430738330 17.285375595 -0.016579270 0.990672290 0.010204522 0.134868309
1695814380.528000 -0.169538498 0.431586236 17.264747620 -0.021114826 0.990520954 0.005905539 0.135600999
1695814380.924000 -0.163794518 0.432656288 17.244358063 -0.027178705 0.990021527 0.008685229 0.137997508
1695814381.315000 -0.157735825 0.432965010 17.224287033 -0.019445973 0.990787268 0.007378978 0.133820727
1695814381.703000 -0.152560234 0.433922052 17.204341888 -0.016664783 0.990720451 0.010306651 0.134495586
1695814382.094000 -0.151253700 0.434091300 17.190650940 -0.016934557 0.990371525 0.009678633 0.137054309
1695814382.493000 -0.144668579 0.435053170 17.171737671 -0.017330259 0.990503550 0.005672973 0.136272416
1695814382.872000 -0.140275955 0.435584813 17.162324905 -0.024657516 0.990347981 0.006930662 0.136216581
1695814383.268000 -0.133471489 0.436376065 17.161844254 -0.027274515 0.990602911 0.005215288 0.133920655
1695814383.651000 -0.127546310 0.437227339 17.146816254 -0.025038810 0.989234924 0.010202912 0.143816814
1695814384.042000 -0.122808456 0.437815309 17.129323959 -0.026109476 0.989057183 0.004484048 0.145134762
1695814384.428000 -0.117571831 0.438695192 17.112670898 -0.028537486 0.989053667 0.008456491 0.144523144
1695814384.813000 -0.112545967 0.439293116 17.096324921 -0.028351188 0.989038348 0.006226791 0.144777566
1695814385.198000 -0.107813835 0.439956427 17.080211639 -0.027090438 0.989055157 0.007412737 0.144848242
1695814385.584000 -0.103342056 0.440530628 17.064495087 -0.028584860 0.989845037 0.006509518 0.139094725
1695814385.952000 -0.100009918 0.441040874 17.049177170 -0.027671773 0.992459118 0.004978360 0.119308122
1695814386.314000 -0.095932961 0.441644520 17.033428192 -0.025054270 0.992682993 0.005388185 0.117999285
1695814386.679000 -0.092042923 0.442130059 17.017520905 -0.027071893 0.992321908 0.007433118 0.120453596
1695814387.238000 -0.085808754 0.442964554 16.994682312 -0.027235264 0.991231441 0.006124538 0.129154831
1695814387.775000 -0.080086708 0.443946809 16.971364975 -0.027264193 0.991194963 0.007108729 0.129378006
1695814388.329000 -0.072133064 0.444070816 16.960453033 -0.032469153 0.991486549 0.001537006 0.126086891
1695814388.865000 -0.075215340 0.446190715 16.960672379 -0.039336104 0.991178691 0.006011658 0.126417339
1695814389.401000 -0.068726540 0.445724487 16.939002991 -0.029332064 0.991433442 0.004279039 0.127205014
1695814389.928000 -0.063529968 0.446281940 16.911403656 -0.028167605 0.991256416 0.007869120 0.128667817
1695814390.453000 -0.058206558 0.446644366 16.887470245 -0.024267387 0.991217852 0.006740741 0.129818544
1695814390.799000 -0.054902077 0.446987242 16.872713089 -0.022023588 0.991172671 0.013352425 0.130051479
1695814391.142000 -0.052518845 0.447406739 16.860475540 -0.024295095 0.991084516 0.005994915 0.130863622
1695814391.482000 -0.046875954 0.447860032 16.859142303 -0.027856773 0.991613567 0.007784948 0.125960290
1695814391.829000 -0.040918350 0.447481424 16.854904175 -0.025069058 0.992227077 0.008432145 0.121597290
1695814392.172000 -0.040158272 0.448269963 16.838766098 -0.024245858 0.991929710 0.008720022 0.124143466
1695814392.681000 -0.040940285 0.449201912 16.817396164 -0.021432161 0.991208076 0.007364747 0.130357221
1695814393.015000 -0.037971497 0.448995292 16.817626953 -0.023245132 0.991558790 0.006855590 0.127372980
1695814393.527000 -0.034830093 0.449865758 16.804149628 -0.024058908 0.991508782 0.007658025 0.127565041
1695814394.029000 -0.030753136 0.450459719 16.788425446 -0.024596967 0.991582036 0.008488256 0.126838431
1695814394.701000 -0.025407791 0.451149493 16.768478394 -0.024700318 0.991640449 0.007802188 0.126405194
1695814395.211000 -0.021673203 0.451704204 16.753704071 -0.028176144 0.991565764 0.007544781 0.126279682
1695814395.707000 -0.017860413 0.452442408 16.738975525 -0.029801290 0.991569757 0.011954775 0.125532642
1695814396.037000 -0.015413284 0.452732325 16.729282379 -0.028932145 0.991635382 0.005323068 0.125673652
1695814396.411000 -0.013006210 0.453055918 16.719841003 -0.025508868 0.991812587 0.005712810 0.124997996
1695814396.739000 -0.010427475 0.453384697 16.710020065 -0.019894686 0.992018282 0.004917816 0.124417730
1695814397.067000 -0.007816315 0.453946650 16.700574875 -0.025867956 0.991812468 0.011846895 0.124493286
1695814397.544000 -0.004329681 0.454271436 16.687229156 -0.030204160 0.991707921 0.005305510 0.124799550
1695814398.014000 -0.001046181 0.454915226 16.674453735 -0.031615116 0.991680384 0.014886889 0.123890713
1695814398.329000 0.001161575 0.455177039 16.666015625 -0.027660685 0.991923034 0.003508978 0.123738527
1695814398.950000 0.005622864 0.455857277 16.648647308 -0.028638696 0.992010593 0.008273240 0.122582048
1695814399.257000 0.007842541 0.456120521 16.640102386 -0.026583498 0.992157161 0.003842531 0.122076683
1695814399.719000 0.010964870 0.456629395 16.627410889 -0.025562756 0.992125928 0.009530269 0.122236997
1695814400.173000 0.014285564 0.457113743 16.614261627 -0.025693208 0.992143035 0.007624602 0.122204602
1695814400.629000 0.017684460 0.457709372 16.601005554 -0.025658384 0.992198348 0.007582025 0.121764533
1695814401.090000 0.020872116 0.458153963 16.587894440 -0.025525255 0.992181718 0.007836425 0.121911682
1695814401.392000 0.022665501 0.458491296 16.579357147 -0.027312076 0.993720710 0.009371089 0.108099058
1695814401.695000 0.024541378 0.458958566 16.570953369 -0.025612405 0.993822813 0.012404868 0.107268125
1695814401.990000 0.026456356 0.459156632 16.562931061 -0.026639726 0.993945479 0.005225440 0.106468171
1695814402.289000 0.028303146 0.459496409 16.554512024 -0.026588505 0.993920922 0.008237858 0.106519476
1695814402.583000 0.030607224 0.459818482 16.546483994 -0.021711109 0.991458297 0.009125640 0.128280535
1695814402.886000 0.032800674 0.460117072 16.538379669 -0.024652952 0.990795791 0.008837483 0.132807523
1695814403.353000 0.036216736 0.460583925 16.525909424 -0.025238544 0.990780115 0.005837107 0.132980153
1695814403.659000 0.038819313 0.460916132 16.517187119 -0.024125595 0.990916729 0.006362806 0.132142112
1695814403.980000 0.040974617 0.461307555 16.509523392 -0.024045389 0.990930557 0.009582566 0.131858334
1695814404.435000 0.044004440 0.461735159 16.498144150 -0.025690963 0.990811586 0.009276437 0.132462561
1695814404.881000 0.046964645 0.462139934 16.486669540 -0.025705148 0.991115510 0.009414976 0.130156472
1695814405.315000 0.049706459 0.462563336 16.475963593 -0.024915388 0.991077423 0.009763888 0.130573392
1695814405.754000 0.052874565 0.463030159 16.465999603 -0.024911068 0.991399288 0.008903640 0.128170520
1695814406.188000 0.055270195 0.463358343 16.455190659 -0.024202269 0.991416752 0.008006752 0.128230438
1695814406.620000 0.057579994 0.463786870 16.449829102 -0.026839023 0.991721988 0.010421059 0.125134230
1695814406.889000 0.059802055 0.463732034 16.457611084 -0.036099657 0.995703161 0.007653700 0.084932297
