1695814282.309000 0.000000000 0.000000000 0.000000000 -0.000000000 -0.000000000 -0.000000000 1.000000000
1695814284.581000 -0.000376654 0.000171607 0.045846768 0.002082582 -0.000317686 0.000265338 0.999997735
1695814284.717000 -0.000513459 0.000193086 0.058835112 0.001204831 -0.000353238 0.000289848 0.999999166
1695814284.992000 0.000124924 0.001243738 0.092755385 0.001384974 -0.000760144 0.000321588 0.999998689
1695814285.126000 -0.001703891 0.001699933 0.114378072 0.001699028 -0.000265046 0.000423832 0.999998450
1695814285.264000 -0.001485881 0.001910376 0.137216240 0.001569393 -0.000423178 0.000473885 0.999998569
1695814285.401000 -0.001174905 0.002524236 0.163459167 0.001537815 -0.000659452 0.000532158 0.999998510
1695814285.539000 -0.001894206 0.002854305 0.191860080 0.001279030 -0.000596353 0.000605701 0.999998808
1695814285.678000 -0.002043899 0.003302028 0.223013282 0.001254879 -0.000779321 0.000675742 0.999998689
1695814285.952000 -0.002824741 0.004737583 0.290709257 0.000542307 -0.000784676 0.000625049 0.999999404
1695814286.222000 -0.003411118 0.006841192 0.359109938 -0.001156786 -0.000858288 0.000719086 0.999998748
1695814286.493000 -0.003521310 0.007426746 0.425290614 0.002280415 -0.001138044 0.000468183 0.999996662
1695814286.759000 -0.004915938 0.009074219 0.501514673 0.002529755 -0.001242203 -0.000551198 0.999995887
1695814287.028000 -0.005182893 0.010282252 0.587247133 0.000671813 -0.001587773 -0.001392415 0.999997556
1695814287.172000 -0.005435829 0.011121439 0.635057986 0.001142042 -0.001689213 -0.001578209 0.999996662
1695814287.455000 -0.010121965 0.013017567 0.739176869 0.000753594 -0.010520902 0.000682649 0.999944150
1695814287.724000 -0.013485404 0.016322596 0.845607758 -0.001900189 -0.011950981 0.000156596 0.999926805
1695814287.988000 -0.015525634 0.017228907 0.944592476 -0.000602757 -0.012324511 -0.000070960 0.999923885
1695814288.254000 -0.021226307 0.019245237 1.041834354 -0.000379029 -0.017496964 0.001720320 0.999845386
1695814288.520000 -0.025522754 0.020717870 1.137672663 -0.000789806 -0.019462418 0.000880601 0.999809921
1695814288.784000 -0.030623155 0.021897933 1.233642340 -0.000803777 -0.019493986 0.000752244 0.999809384
1695814289.180000 -0.038169920 0.025000401 1.377871275 -0.000198121 -0.019466946 0.000748232 0.999810219
1695814289.571000 -0.044713501 0.027494470 1.516649246 -0.000009054 -0.019471953 0.001042242 0.999809861
1695814290.095000 -0.051403269 0.031627528 1.707003355 -0.001470116 -0.019668343 -0.000772066 0.999805212
1695814290.621000 -0.062326599 0.034332316 1.910919666 0.000681392 -0.019000415 0.002870084 0.999815106
1695814291.007000 -0.065582797 0.033875324 2.065311909 0.007165792 -0.020120915 0.003749343 0.999764860
1695814291.386000 -0.073340788 0.037690900 2.221417427 -0.003582503 -0.020018397 0.003169355 0.999788165
1695814291.773000 -0.080525756 0.042072494 2.377060175 -0.003175935 -0.020125296 0.006733992 0.999769747
1695814292.031000 -0.085091002 0.042659827 2.481834888 0.000661702 -0.020623304 0.008213921 0.999753356
1695814292.300000 -0.090705328 0.043989167 2.593540192 0.005790772 -0.021301473 0.004928385 0.999744177
1695814292.555000 -0.095684968 0.046472903 2.698421240 -0.002045067 -0.021542240 0.003374459 0.999760151
1695814292.931000 -0.103892654 0.047787782 2.851984262 0.000885244 -0.021893086 0.001537128 0.999758780
1695814293.180000 -0.107920468 0.050743848 2.949344158 -0.003108607 -0.023194138 0.000433154 0.999726057
1695814293.428000 -0.114421733 0.053379603 3.048025608 -0.001737069 -0.022554750 0.000611811 0.999743938
1695814293.680000 -0.121384583 0.053413421 3.154335022 0.002480999 -0.022168681 0.006454836 0.999730349
1695814293.933000 -0.128593788 0.055310898 3.266499519 0.003307739 -0.022324882 0.007076845 0.999720275
1695814294.206000 -0.138000429 0.057972163 3.389547110 -0.001087970 -0.021741545 0.007654029 0.999733746
1695814294.603000 -0.148451611 0.060912166 3.563570023 0.000420193 -0.022365766 0.005403474 0.999735177
1695814294.852000 -0.156434894 0.063146316 3.671541929 -0.000138180 -0.021627452 0.005210078 0.999752522
1695814295.252000 -0.164355159 0.066210561 3.845687866 -0.002115297 -0.022497987 0.003832241 0.999737322
1695814295.723000 -0.164766997 0.068181247 4.034818649 0.000831209 -0.025330605 0.004029174 0.999670684
1695814295.996000 -0.184679046 0.071136639 4.161384106 -0.000492183 -0.022880537 -0.000115426 0.999738097
1695814296.473000 -0.192260116 0.074274346 4.359960556 -0.000511465 -0.023834147 0.000156253 0.999715805
1695814296.710000 -0.199564442 0.075984128 4.459434032 -0.000936063 -0.023320725 0.000373106 0.999727547
1695814297.099000 -0.208681315 0.078456067 4.617287159 -0.000484345 -0.023518985 0.000353450 0.999723256
1695814297.463000 -0.217671722 0.080501050 4.766676426 -0.000899859 -0.023530522 0.001210971 0.999722004
1695814297.728000 -0.222190186 0.082917988 4.874773979 -0.000796791 -0.024188302 0.001632084 0.999705791
1695814298.134000 -0.230589747 0.084257133 5.037661552 0.002999719 -0.024848619 0.002034859 0.999684691
1695814298.382000 -0.235719159 0.086332597 5.138457298 -0.000700479 -0.024917576 0.001484688 0.999688148
1695814298.646000 -0.242332026 0.087897584 5.242389202 -0.000753448 -0.024656359 0.000104861 0.999695718
1695814298.786000 -0.245017588 0.089174822 5.298951149 -0.000284977 -0.024875665 -0.000579197 0.999690354
1695814299.076000 -0.252181262 0.091118805 5.413904190 -0.000280146 -0.024549751 -0.000731144 0.999698341
1695814299.428000 -0.259551615 0.093701199 5.552873135 -0.000755599 -0.024814073 -0.000346520 0.999691725
1695814299.658000 -0.265849113 0.094964169 5.643371582 -0.000714429 -0.024748689 -0.000677878 0.999693215
1695814299.774000 -0.268012017 0.096223630 5.688871384 -0.000185498 -0.024960488 -0.000743088 0.999688148
1695814300.032000 -0.273733139 0.097624145 5.789898872 -0.000022257 -0.025188986 -0.000482672 0.999682605
1695814300.293000 -0.279357314 0.099141009 5.890255928 -0.000146361 -0.025709236 0.000570954 0.999669313
1695814300.565000 -0.286382288 0.100802124 5.999413490 -0.001084871 -0.025649352 0.001304292 0.999669552
1695814300.814000 -0.292365640 0.102413394 6.097688198 0.000827044 -0.025601497 0.001740891 0.999670386
1695814301.098000 -0.300576866 0.103265211 6.208664417 0.000601518 -0.025332293 0.001574946 0.999677658
1695814301.512000 -0.310162842 0.107009768 6.373220444 -0.000408863 -0.025712365 -0.000958897 0.999668837
1695814301.922000 -0.319618374 0.109445766 6.537249565 -0.000126354 -0.025733201 -0.000021033 0.999668837
1695814302.362000 -0.329428971 0.112310968 6.712800026 0.002467535 -0.026136963 0.000364034 0.999655306
1695814302.623000 -0.338050812 0.114605591 6.836981297 0.000296369 -0.025629526 0.000584337 0.999671340
1695814302.895000 -0.344655424 0.117002629 6.959802628 -0.001276156 -0.026000896 0.001686489 0.999659717
1695814303.165000 -0.352887094 0.118117556 7.087754726 0.003308189 -0.025762040 0.003098816 0.999657810
1695814303.435000 -0.361369938 0.120593369 7.221203804 0.001866205 -0.025720842 0.003385466 0.999661684
1695814303.681000 -0.370540202 0.123306863 7.341234684 -0.001789384 -0.025359450 0.001278843 0.999675989
1695814303.951000 -0.374203891 0.125335589 7.471617222 -0.000183454 -0.026294013 -0.000241891 0.999654233
1695814304.231000 -0.382641673 0.127876669 7.606511116 0.002896115 -0.026230294 0.000689976 0.999651492
1695814304.505000 -0.392303228 0.130265772 7.755058289 0.001157798 -0.026078928 0.001184522 0.999658525
1695814304.904000 -0.406353146 0.135786638 7.967407227 -0.000084472 -0.025832728 0.001414931 0.999665260
1695814305.168000 -0.413496733 0.136280283 8.110610008 0.002669348 -0.026038906 0.003189594 0.999652326
1695814305.568000 -0.426003665 0.138729155 8.336869240 0.000184342 -0.026272941 0.003202462 0.999649644
1695814305.969000 -0.438977420 0.144064233 8.556436539 -0.001711896 -0.026610356 0.010394000 0.999590397
1695814306.256000 -0.451082051 0.144998387 8.720006943 0.003979815 -0.026484011 0.001698455 0.999639869
1695814306.616000 -0.462285340 0.147217155 8.912258148 0.000625221 -0.026190966 0.001928753 0.999654889
1695814306.879000 -0.470673710 0.146593958 9.064346313 0.013125352 -0.026552306 0.004649642 0.999550462
1695814307.136000 -0.480819285 0.150932744 9.221625328 -0.002990510 -0.026754120 0.002913910 0.999633372
1695814307.386000 -0.491700768 0.157946020 9.384359360 -0.009631244 -0.026633745 0.001502397 0.999597728
1695814307.770000 -0.503937006 0.159841597 9.629840851 0.005316138 -0.027429948 0.005894155 0.999592245
1695814308.026000 -0.514647841 0.159707099 9.790755272 0.006275456 -0.027535900 0.008331580 0.999566436
1695814308.400000 -0.532426000 0.166389257 10.028143883 -0.005177781 -0.027249407 0.005256627 0.999601424
1695814308.527000 -0.536453545 0.166564927 10.105933189 0.001075218 -0.027339933 0.006152011 0.999606729
1695814308.904000 -0.553021073 0.169409171 10.344760895 0.000191834 -0.026054177 0.003506933 0.999654353
1695814309.032000 -0.558281898 0.170912772 10.427986145 0.000442033 -0.026040399 0.005485101 0.999645770
1695814309.397000 -0.574108958 0.175529376 10.677176476 -0.000372588 -0.026076827 0.006548046 0.999638438
1695814309.642000 -0.580663681 0.177463353 10.836351395 -0.000479009 -0.027143279 0.007014645 0.999606848
1695814309.887000 -0.591462791 0.181234837 11.002606392 0.003782949 -0.027364897 0.006441776 0.999597609
1695814310.125000 -0.600924969 0.184801713 11.166380882 -0.001500902 -0.028195141 0.004154696 0.999592721
1695814310.491000 -0.617730796 0.188306898 11.415114403 0.000336224 -0.028022248 0.008379288 0.999572158
1695814310.738000 -0.630986631 0.190346181 11.583559990 0.000983675 -0.027233033 0.007174195 0.999602854
1695814310.973000 -0.641485870 0.192645609 11.750925064 -0.000642730 -0.027111851 0.007681821 0.999602675
1695814311.211000 -0.650140166 0.194945380 11.921924591 0.000949809 -0.027994726 0.008688942 0.999569893
1695814311.447000 -0.660722554 0.198109582 12.090238571 -0.000854375 -0.028194394 0.008206969 0.999568403
1695814311.691000 -0.671824455 0.200210676 12.258306503 -0.000289510 -0.028398449 0.005597312 0.999580979
1695814311.926000 -0.684074104 0.202114582 12.433923721 0.005097004 -0.027744878 0.006742743 0.999579310
1695814312.169000 -0.694097042 0.205717102 12.612913132 0.001609381 -0.028269729 0.009214082 0.999556601
1695814312.406000 -0.707151234 0.208313733 12.792414665 -0.001064261 -0.028199084 0.008956741 0.999561667
1695814312.640000 -0.722555697 0.211366042 12.969942093 -0.000644068 -0.027515952 0.009353885 0.999577403
1695814312.876000 -0.734528482 0.214389428 13.152278900 -0.000210575 -0.027309794 0.009527144 0.999581575
1695814313.108000 -0.742829800 0.215975240 13.327223778 -0.001993544 -0.028710136 0.007071143 0.999560773
1695814313.224000 -0.749162436 0.217129633 13.412927628 -0.001931855 -0.028685024 0.006607115 0.999564826
1695814313.452000 -0.759333968 0.219956309 13.578558922 -0.000256963 -0.028412646 0.008339458 0.999561489
1695814313.677000 -0.773498178 0.222363994 13.743603706 -0.000644879 -0.027108273 0.010108559 0.999581218
1695814313.906000 -0.781468332 0.226378977 13.910046577 -0.000373921 -0.028145943 0.010353793 0.999550164
1695814314.137000 -0.792961538 0.227841318 14.069881439 -0.000797142 -0.027907645 0.010478562 0.999555290
1695814314.361000 -0.802912891 0.231322870 14.233817101 0.002137644 -0.028177485 0.010339138 0.999547184
1695814314.581000 -0.814829111 0.233676597 14.395570755 0.001008186 -0.027571559 0.005034894 0.999606669
1695814314.693000 -0.819132507 0.234527767 14.475677490 0.002055430 -0.027530601 0.002738043 0.999615133
1695814314.917000 -0.828303516 0.238048017 14.636631966 -0.005399923 -0.027457351 0.008031250 0.999576151
1695814315.139000 -0.835726678 0.239468813 14.792006493 -0.000645218 -0.027605444 0.011010836 0.999558091
1695814315.359000 -0.845686257 0.241081789 14.946966171 0.001069286 -0.027784873 0.010713544 0.999555945
1695814315.575000 -0.856732666 0.243797645 15.098111153 -0.001245279 -0.027498199 0.010496234 0.999566019
1695814315.793000 -0.865744412 0.247311339 15.252449036 -0.000782879 -0.027440736 0.010775585 0.999565065
1695814316.117000 -0.878478110 0.251566380 15.475530624 -0.002806473 -0.028314311 0.008308495 0.999560654
1695814316.441000 -0.892556012 0.256528765 15.695869446 0.001977007 -0.028412733 0.008281702 0.999560058
1695814316.766000 -0.907008350 0.258401811 15.915110588 0.000094868 -0.028417902 0.003172297 0.999591112
1695814316.980000 -0.916035354 0.260738760 16.057378769 0.000553925 -0.027769754 -0.000557412 0.999614060
1695814317.197000 -0.924962103 0.263306022 16.196866989 -0.002165490 -0.027356515 -0.000799773 0.999623120
1695814317.408000 -0.932561934 0.266036242 16.334953308 -0.002524351 -0.027351987 0.002734295 0.999618948
1695814317.610000 -0.939857304 0.266062975 16.468746185 0.005074731 -0.027333176 0.005846479 0.999596417
1695814317.820000 -0.949511409 0.268482625 16.602197647 0.001790239 -0.026551239 0.005571462 0.999630332
1695814318.031000 -0.956285477 0.269650459 16.736957550 0.001605937 -0.027415801 0.004873023 0.999610960
1695814318.237000 -0.964989722 0.272105664 16.871496201 -0.000485716 -0.027275831 0.005076020 0.999614954
1695814318.548000 -0.976039231 0.275291145 17.067483902 0.000821493 -0.027317747 0.002126714 0.999624252
1695814318.751000 -0.982620180 0.276577294 17.198087692 0.003747143 -0.027673004 0.005899852 0.999592602
1695814318.956000 -0.991122782 0.278480351 17.324310303 0.000054884 -0.027461305 0.007641202 0.999593675
1695814319.161000 -1.000584602 0.280524850 17.451824188 -0.003019248 -0.026924146 0.008364351 0.999597907
1695814319.465000 -1.012695670 0.281263739 17.643037796 0.003077961 -0.027031491 0.010253308 0.999577284
1695814319.580000 -1.017263770 0.282977164 17.715536118 0.002180875 -0.026964232 0.010458158 0.999579310
1695814319.779000 -1.026050448 0.286265165 17.841028214 -0.000239372 -0.026579762 0.010233733 0.999594271
1695814319.980000 -1.033793688 0.287829578 17.964015961 -0.000084743 -0.026461249 0.010372773 0.999596059
1695814320.195000 -1.041087747 0.290108442 18.098920822 0.001672448 -0.026812049 0.011011262 0.999578476
1695814320.396000 -1.047242880 0.291427493 18.225231171 0.003915806 -0.027512040 0.010145259 0.999562323
1695814320.596000 -1.055761814 0.293180257 18.354705811 0.002545047 -0.027218733 0.008715414 0.999588251
1695814320.792000 -1.065231562 0.294473857 18.488088608 0.003513287 -0.026833076 0.009147441 0.999591887
1695814321.007000 -1.075852752 0.296367139 18.636552811 0.004655221 -0.026437005 0.010941068 0.999579787
1695814321.204000 -1.082608938 0.297197908 18.782022476 0.003275219 -0.027101768 0.012025172 0.999554992
1695814321.417000 -1.094383001 0.299334764 18.939523697 0.003226086 -0.026541702 0.011817794 0.999572635
1695814321.613000 -1.102255940 0.300765038 19.089063644 0.003398179 -0.027047271 0.012538173 0.999549806
1695814321.723000 -1.109710097 0.302190006 19.178773880 0.003520519 -0.026307385 0.012172178 0.999573588
1695814321.936000 -1.122611523 0.303561538 19.347061157 0.002530795 -0.025448870 0.010464025 0.999618173
1695814322.050000 -1.121770740 0.305996120 19.438705444 0.001838928 -0.027579067 0.009900114 0.999568939
1695814322.270000 -1.133379817 0.308844805 19.622060776 0.003012540 -0.027820766 0.010904460 0.999548972
1695814322.381000 -1.133380055 0.309719801 19.717872620 0.003973999 -0.029319385 0.011119723 0.999500394
1695814322.594000 -1.151314735 0.312681496 19.902891159 0.004306063 -0.027672293 0.012426840 0.999530554
1695814322.833000 -1.162993550 0.313914150 20.107677460 0.003279266 -0.028789412 0.012391345 0.999503374
1695814323.062000 -1.177364469 0.318083912 20.305921555 0.001930576 -0.028181529 0.011650258 0.999533057
1695814323.279000 -1.192165017 0.321027577 20.501642227 -0.000482527 -0.027634904 0.010376913 0.999564111
1695814323.503000 -1.206180692 0.324092865 20.687555313 0.004226618 -0.027413806 0.011544573 0.999548614
1695814323.714000 -1.219729424 0.324748248 20.870681763 0.003071558 -0.026662013 0.012972468 0.999555647
1695814323.932000 -1.231297255 0.327555001 21.056428909 -0.000086211 -0.026735500 0.012287433 0.999567032
1695814324.151000 -1.246148348 0.330414176 21.244178772 0.000779697 -0.025689544 0.011730586 0.999600828
1695814324.258000 -1.250941992 0.331421763 21.336847305 0.000557139 -0.025859172 0.010527311 0.999610007
1695814324.470000 -1.262706399 0.333348840 21.511730194 0.002888652 -0.025686141 0.010006136 0.999615848
1695814324.681000 -1.273440838 0.334094644 21.688734055 0.002140715 -0.025485111 0.012323588 0.999596953
1695814324.900000 -1.284934402 0.336024672 21.867198944 0.000137831 -0.025044909 0.012599829 0.999606907
1695814325.005000 -1.289752007 0.336647868 21.955669403 0.000243095 -0.025080036 0.012899838 0.999602199
1695814325.110000 -1.293074608 0.337595433 22.041435242 0.000708477 -0.025371803 0.012743017 0.999596596
1695814325.212000 -1.297248721 0.338420689 22.128204346 0.001059291 -0.025543308 0.013151300 0.999586642
1695814325.412000 -1.308192015 0.341591626 22.293903351 0.000529300 -0.024997534 0.011450082 0.999621809
1695814325.623000 -1.319253564 0.345112264 22.460876465 -0.001863730 -0.024688389 0.007948840 0.999661863
1695814325.829000 -1.329530478 0.347292393 22.627370834 0.000923783 -0.024365550 0.006794560 0.999679625
1695814326.029000 -1.338197827 0.347921133 22.786943436 0.004641890 -0.024324937 0.006305669 0.999673426
1695814326.228000 -1.346852779 0.352316678 22.943351746 -0.004443482 -0.024171159 0.006917043 0.999674022
1695814326.528000 -1.361817360 0.353165746 23.177820206 0.006396978 -0.023498267 0.006526112 0.999682128
1695814326.722000 -1.367740035 0.355553120 23.318689346 -0.005740604 -0.023663001 0.006279096 0.999683797
1695814327.119000 -1.383887887 0.357246488 23.598281860 0.001287088 -0.022292161 0.015459971 0.999631166
1695814327.320000 -1.391089559 0.360135555 23.737442017 -0.003113994 -0.022086427 0.010982578 0.999690890
1695814327.512000 -1.398783445 0.359824061 23.866628647 0.002425865 -0.021808449 0.009097027 0.999717891
1695814327.707000 -1.406130910 0.361032009 23.990831375 0.006106730 -0.021646021 0.008549959 0.999710500
1695814327.994000 -1.417260051 0.363242984 24.176744461 -0.000203135 -0.021260992 0.011088667 0.999712467
1695814328.089000 -1.421088815 0.364199191 24.238704681 -0.001081236 -0.021076128 0.011401790 0.999712288
1695814328.281000 -1.427235842 0.366213977 24.361749649 0.001475395 -0.021166552 0.009962160 0.999725223
1695814328.501000 -1.434098721 0.367341042 24.481281281 0.000928517 -0.020429855 0.006467342 0.999769986
1695814328.593000 -1.436994672 0.368181765 24.556230545 0.003385261 -0.020456890 0.008940742 0.999745071
1695814328.778000 -1.442448258 0.370333374 24.672391891 0.000102646 -0.020253591 0.006418796 0.999774277
1695814328.967000 -1.448494792 0.372024536 24.788610458 0.000439105 -0.019358071 0.006797651 0.999789417
1695814329.250000 -1.456013918 0.373644054 24.960317612 0.002207897 -0.019146349 0.010408812 0.999760091
1695814329.428000 -1.461727500 0.374510497 25.069797516 0.002259820 -0.018878231 0.010712771 0.999761879
1695814329.522000 -1.465246439 0.375307858 25.125526428 0.002053303 -0.018505212 0.010780913 0.999768555
1695814329.702000 -1.469011307 0.376182467 25.233331680 0.001411291 -0.018961145 0.011138794 0.999757171
1695814329.887000 -1.475185394 0.378305137 25.342819214 0.001739560 -0.018474216 0.011337805 0.999763548
1695814330.082000 -1.480114341 0.379303783 25.454837799 0.000065139 -0.018428601 0.012124615 0.999756694
1695814330.286000 -1.485765338 0.379275054 25.568939209 0.002970587 -0.018192956 0.015552478 0.999709129
1695814330.469000 -1.491761804 0.380130440 25.664628983 0.002834682 -0.021555666 0.016397446 0.999629200
1695814330.662000 -1.502971411 0.380975485 25.766464233 0.000237587 -0.040946227 0.016352272 0.999027491
1695814330.862000 -1.512182474 0.382394135 25.864450455 0.001712901 -0.042709872 0.012864897 0.999003232
1695814331.052000 -1.522275686 0.383213311 25.968387604 0.002628232 -0.042757291 0.011609652 0.999014616
1695814331.358000 -1.537150145 0.386038601 26.122823715 0.002371372 -0.042701975 0.012356556 0.999008656
1695814331.554000 -1.550173998 0.386536926 26.221406937 0.002339139 -0.051542975 0.015027773 0.998554945
1695814331.831000 -1.566098332 0.387149364 26.356513977 0.003037463 -0.052961279 0.013998234 0.998493850
1695814332.117000 -1.582803845 0.389067292 26.496143341 0.003253707 -0.053630952 0.013519890 0.998463988
1695814332.509000 -1.613922119 0.390998393 26.685394287 0.002178579 -0.067417189 0.012711969 0.997641504
1695814332.801000 -1.633460283 0.391743004 26.822938919 0.003316492 -0.067492492 0.009662474 0.997667491
1695814333.197000 -1.660397053 0.394031316 27.005086899 0.001026689 -0.067234106 0.008385310 0.997701466
1695814333.587000 -1.684319139 0.394882888 27.171079636 0.003689677 -0.066969596 0.006412991 0.997727573
1695814333.877000 -1.702297926 0.395186424 27.291799545 0.003912590 -0.066812091 0.004688433 0.997746885
1695814334.167000 -1.720591545 0.396329224 27.412857056 0.003148187 -0.066441476 0.004712839 0.997774243
1695814334.534000 -1.740483165 0.397268951 27.563217163 0.003057882 -0.059665594 0.005239475 0.998199999
1695814334.830000 -1.756839514 0.398332685 27.683727264 0.003544347 -0.059291173 0.006001453 0.998216450
1695814335.111000 -1.771211624 0.399483114 27.797882080 0.003867228 -0.056279778 0.005778564 0.998390853
1695814335.487000 -1.766723514 0.401344985 27.947122574 0.003418162 0.000185798 -0.001948519 0.999992251
1695814335.774000 -1.767022848 0.401593179 28.062042236 0.003413673 0.000530802 0.006592617 0.999972284
1695814336.068000 -1.767385006 0.402539790 28.176769257 0.003167314 0.000451375 0.005123473 0.999981761
1695814336.335000 -1.767794371 0.403741479 28.259471893 0.001768071 0.000564626 0.004178586 0.999989569
1695814336.750000 -1.768091321 0.404920131 28.415004730 0.000249827 0.000639175 0.005279420 0.999985814
1695814337.117000 -1.769964457 0.407111883 28.530519485 0.002060154 0.001202690 0.005461157 0.999982238
1695814337.695000 -1.771098733 0.407970399 28.698917389 0.003192691 0.001600768 0.005313668 0.999979496
1695814338.271000 -1.755355954 0.409527004 28.862241745 0.002534598 0.035361715 0.006878044 0.999347746
1695814338.841000 -1.725490451 0.412303001 29.016210556 0.002932336 0.074660711 0.009987961 0.997154653
1695814339.229000 -1.690096498 0.416200578 29.109617233 -0.005426007 0.145346880 0.001656964 0.989364505
1695814339.789000 -1.639932632 0.417015731 29.228868484 0.000097719 0.172185093 0.013284000 0.984975040
1695814340.189000 -1.579005122 0.420646846 29.336044312 -0.002785931 0.223565459 0.018199721 0.974515021
1695814340.485000 -1.540499926 0.421667099 29.398712158 0.000304255 0.248632133 0.014673845 0.968486786
1695814340.776000 -1.491602421 0.424246818 29.453395844 -0.003376862 0.296861589 0.009445011 0.954867840
1695814341.058000 -1.450878143 0.426331401 29.510278702 -0.001890796 0.300606936 0.014812301 0.953631222
1695814341.361000 -1.397593498 0.428273261 29.561464310 0.001402456 0.342891693 0.008479492 0.939335644
1695814341.563000 -1.365503788 0.429593801 29.598524094 0.002895944 0.344404548 0.014737519 0.938701212
1695814341.781000 -1.325138569 0.429996014 29.631214142 -0.000101916 0.375898242 0.008909884 0.926618099
1695814341.994000 -1.282916546 0.431358278 29.657428741 0.000959963 0.414258242 0.003857587 0.910150707
1695814342.234000 -1.234629631 0.433358401 29.682277679 -0.000786989 0.455159038 -0.000697173 0.890409529
1695814342.578000 -1.160427094 0.436433017 29.710891724 -0.004617639 0.510051727 0.001343685 0.860130310
1695814342.987000 -1.078228951 0.440879494 29.755256653 -0.008669885 0.512245476 0.004315737 0.858784497
1695814343.387000 -0.997129440 0.443992138 29.784786224 -0.017315105 0.549945116 -0.000798482 0.835020900
1695814343.864000 -0.897123337 0.446096420 29.799280167 -0.011847122 0.614389360 -0.003492991 0.788906395
1695814344.201000 -0.823225021 0.449046433 29.817197800 -0.012919569 0.617686749 0.000601125 0.786317885
1695814344.705000 -0.716056824 0.452766865 29.840902328 -0.012152992 0.626703143 -0.002700201 0.779158652
1695814345.254000 -0.603166580 0.455768645 29.856252670 -0.011040456 0.647699773 -0.003150037 0.761809111
1695814345.829000 -0.488998413 0.458780289 29.863014221 -0.012358188 0.677134752 -0.002359403 0.735751450
1695814346.223000 -0.413570404 0.461492389 29.868364334 -0.012112102 0.678493381 -0.001028906 0.734505951
1695814346.807000 -0.300357819 0.464845836 29.878530502 -0.011507099 0.678682268 -0.001463362 0.734340489
1695814347.415000 -0.188264847 0.468079150 29.888652802 -0.011988033 0.679045260 -0.001435298 0.733997107
1695814348.000000 -0.079378128 0.473088026 29.898572922 -0.015355784 0.679107308 0.001520809 0.733876884
1695814348.578000 0.033533096 0.476295412 29.908206940 -0.010255432 0.678511262 -0.001774875 0.734516263
1695814349.161000 0.149181366 0.479582071 29.918268204 -0.010393167 0.678927898 0.000116687 0.734131396
1695814349.735000 0.265527725 0.482771724 29.928182602 -0.008416586 0.679083228 -0.001050439 0.734012306
1695814350.326000 0.391984940 0.487402737 29.938707352 -0.009880076 0.679310262 0.000746543 0.733784258
1695814350.713000 0.473274231 0.489585876 29.945117950 -0.010152387 0.679214418 0.000740795 0.733869314
1695814351.474000 0.644376755 0.494880259 29.959754944 -0.009782276 0.679547608 0.001743923 0.733564138
1695814351.877000 0.732629776 0.497394621 29.966648102 -0.009015352 0.679468751 0.001570108 0.733647406
1695814352.486000 0.865736008 0.500190616 29.978616714 -0.009196348 0.679952919 0.001084165 0.733197331
1695814353.050000 1.008499146 0.505701661 29.988193512 -0.008381204 0.679681122 0.001967930 0.733457267
1695814353.628000 1.148727417 0.511127114 30.001638412 -0.008874149 0.681426942 0.001967955 0.731829703
1695814354.229000 1.288402557 0.515671968 29.998365402 -0.009159981 0.709752560 0.000641445 0.704391241
1695814354.646000 1.378385544 0.519505262 29.988861084 -0.010407237 0.729088724 -0.001519007 0.684338450
1695814355.265000 1.505966187 0.521561980 29.969619751 -0.013014954 0.749834836 -0.003587224 0.661487281
1695814355.859000 1.615333557 0.524345994 29.941356659 -0.016811930 0.779701471 -0.008710079 0.625865102
1695814356.643000 1.740554810 0.525726080 29.894632339 -0.015318456 0.817014217 -0.011127003 0.576306701
1695814357.058000 1.799606323 0.532106757 29.868011475 -0.006785069 0.823451936 -0.005466799 0.567319214
1695814357.461000 1.859142303 0.529582679 29.843135834 -0.011512538 0.829633117 -0.005145954 0.558166504
1695814357.871000 1.911697388 0.531838119 29.809083939 -0.012919109 0.851956904 -0.002455281 0.523446858
1695814358.311000 1.964759827 0.536302447 29.779180527 -0.007314173 0.856355250 0.003003943 0.516326606
1695814358.983000 2.031227112 0.537144303 29.718553543 -0.012201630 0.891201675 0.004310775 0.453422606
1695814359.686000 2.085834503 0.539670944 29.648841858 -0.013854075 0.922572792 0.001578241 0.385571063
1695814360.411000 2.130531311 0.540938973 29.572288513 -0.013963921 0.948783994 -0.006407647 0.315551877
1695814360.882000 2.152383804 0.542100370 29.518276215 -0.012627912 0.963276863 -0.003043222 0.268195748
1695814361.363000 2.168970108 0.542469978 29.464492798 -0.016342284 0.975071907 -0.003060536 0.221265420
1695814361.820000 2.181072235 0.541692615 29.412675858 -0.012424882 0.984590471 -0.006851577 0.174299538
1695814362.240000 2.191114426 0.541947603 29.352987289 -0.010706667 0.988694847 -0.007824242 0.149354205
1695814362.863000 2.215847015 0.542124093 29.275728226 -0.007907175 0.988874316 -0.006578443 0.148397297
1695814363.694000 2.251091003 0.542469740 29.162662506 -0.007245331 0.988900721 -0.007331663 0.148219779
1695814364.337000 2.268445969 0.540499508 29.074926376 -0.003898737 0.992280245 -0.014078887 0.123152152
1695814364.742000 2.277847290 0.541592658 29.017269135 -0.005286404 0.994016111 -0.006376693 0.108919263
1695814365.512000 2.302101135 0.539957643 28.885871887 -0.007278235 0.995687842 -0.011941350 0.091707334
1695814365.884000 2.314810753 0.540737391 28.804563522 -0.005148672 0.996210158 -0.009991289 0.086249612
1695814366.260000 2.322556496 0.540742397 28.714193344 -0.007285596 0.998056412 -0.009897672 0.061093956
1695814366.776000 2.338994980 0.542567194 28.576993942 -0.009597789 0.998287618 -0.008151182 0.057125445
1695814367.135000 2.352076530 0.541865826 28.464111328 -0.007885942 0.998378217 -0.013569669 0.054723069
1695814367.669000 2.372558594 0.542787790 28.288892746 -0.007698783 0.998400629 -0.008779097 0.055316083
1695814368.028000 2.386341095 0.542036712 28.165689468 -0.008714139 0.998366117 -0.009302790 0.055701669
1695814368.655000 2.406013012 0.541939974 27.943489075 -0.010104366 0.999087453 -0.008782813 0.040558878
1695814369.098000 2.418478489 0.542014897 27.783357620 -0.009878411 0.999195397 -0.007843771 0.038072597
1695814369.772000 2.437195778 0.540661573 27.542036057 -0.009669916 0.999241173 -0.012211065 0.035699695
1695814370.211000 2.449159622 0.540530384 27.377187729 -0.009777673 0.999268413 -0.007227797 0.036261011
1695814370.639000 2.459335804 0.539696574 27.215101242 -0.010036575 0.999220192 -0.008501135 0.037229780
1695814371.073000 2.472327232 0.539960921 27.054971695 -0.009878590 0.999201417 -0.009819406 0.037450813
1695814371.973000 2.490105152 0.538444817 26.805494308 -0.009901337 0.999195576 -0.007270796 0.038175154
1695814372.409000 2.504942894 0.537815988 26.554182053 -0.011232903 0.999586105 -0.009677339 0.024654523
1695814372.830000 2.516047955 0.537998796 26.404794693 -0.009589200 0.999637723 -0.009622798 0.023236945
1695814373.238000 2.522766590 0.537868977 26.246892929 -0.009968290 0.999627233 -0.008346941 0.024009323
1695814373.663000 2.534990311 0.537533283 26.090847015 -0.006739152 0.999260783 -0.008368716 0.036911905
1695814373.879000 2.544274807 0.538264871 26.009803772 -0.007177137 0.999184847 -0.008316455 0.038845222
1695814374.306000 2.562842369 0.538200557 25.853464127 -0.007118868 0.998490453 -0.007637474 0.053923883
1695814374.747000 2.581343651 0.536851168 25.698871613 -0.009106664 0.998361468 -0.010150988 0.055574220
1695814375.182000 2.600444794 0.536504745 25.539775848 -0.009475781 0.998337328 -0.008170234 0.056268539
1695814375.393000 2.610606194 0.536490262 25.458835602 -0.010459914 0.998329759 -0.007025530 0.056382410
1695814375.823000 2.624742508 0.536875486 25.303911209 -0.011944463 0.999022126 -0.008568469 0.041698724
1695814376.241000 2.637844086 0.537598848 25.152605057 -0.011289822 0.999057710 -0.008341582 0.041068804
1695814376.661000 2.652638435 0.537456036 25.003082275 -0.010540575 0.999070644 -0.008524966 0.040915910
1695814377.077000 2.666573048 0.536012769 24.848358154 -0.009879491 0.999007642 -0.014218433 0.041035987
1695814377.289000 2.673075199 0.535999298 24.766929626 -0.009925988 0.999021053 -0.011746609 0.041478816
1695814377.702000 2.688926697 0.536086142 24.609161377 -0.011781747 0.999040604 -0.008131177 0.041388761
1695814378.320000 2.712220192 0.534081221 24.358207703 -0.011895672 0.999013245 -0.008378753 0.041962612
1695814379.125000 2.741896629 0.531121969 24.015384674 -0.010067479 0.998967648 -0.006767511 0.043777980
1695814379.528000 2.760999680 0.532513738 23.846889496 -0.006868331 0.999051511 -0.007862638 0.042274162
1695814380.124000 2.783955097 0.534124672 23.602767944 -0.002389630 0.999021947 -0.006325580 0.043697722
1695814380.528000 2.800186634 0.533953726 23.443006516 -0.006953025 0.998955369 -0.009975763 0.044049624
1695814380.924000 2.814209461 0.534132361 23.287252426 -0.012796539 0.998807192 -0.006044192 0.046732228
1695814381.509000 2.838438988 0.533179879 23.050136566 -0.002860644 0.999043882 -0.006753288 0.043099523
1695814381.703000 2.846940994 0.534390569 22.970321655 -0.001855013 0.999057770 -0.005927029 0.042953853
1695814382.294000 2.871146202 0.533812940 22.736555099 -0.006135864 0.999026954 -0.011365061 0.042170472
1695814382.684000 2.884094715 0.532290518 22.583158493 -0.006038926 0.998978853 -0.011701938 0.043218907
1695814383.078000 2.899029732 0.532879412 22.432603836 -0.007073123 0.998948455 -0.010035566 0.044172876
1695814383.651000 2.922220707 0.531384230 22.217786789 -0.006372031 0.998365223 -0.005937445 0.056489371
1695814383.844000 2.931092739 0.531267464 22.146106720 -0.006801605 0.998325944 -0.009815255 0.056592595
1695814384.232000 2.948532581 0.530601084 22.004323959 -0.009025316 0.998329282 -0.007504716 0.056575850
1695814384.619000 2.966537476 0.530714273 21.862434387 -0.009712947 0.998332441 -0.008957648 0.056194443
1695814385.007000 2.982614517 0.530726969 21.724573135 -0.008735440 0.998362243 -0.008161215 0.055946216
1695814385.395000 2.996656895 0.530894518 21.589494705 -0.007924342 0.998332739 -0.008774614 0.056498002
1695814385.767000 3.003324032 0.530731618 21.456748962 -0.011158689 0.999346673 -0.009765195 0.032960784
1695814386.135000 3.014113903 0.529775798 21.325283051 -0.006518515 0.999489069 -0.011717434 0.029014416
1695814386.314000 3.019433022 0.530340970 21.258737564 -0.006033791 0.999524295 -0.010145581 0.028493701
1695814386.679000 3.028342724 0.530284524 21.126386642 -0.007994634 0.999464214 -0.008344898 0.030623240
1695814386.862000 3.034747601 0.530123174 21.060468674 -0.007360562 0.999188066 -0.008661601 0.038653165
1695814387.238000 3.046529293 0.529217482 20.928785324 -0.008138796 0.999137461 -0.009480122 0.039601378
1695814387.599000 3.057581425 0.528762758 20.794487000 -0.007523126 0.999130011 -0.009589279 0.039883837
1695814387.963000 3.069105625 0.529061019 20.660036087 -0.007156479 0.999139786 -0.008735308 0.039902966
1695814388.329000 3.080900192 0.526544631 20.522264481 -0.006805242 0.999106407 -0.012451756 0.039812651
1695814388.684000 3.092354774 0.527409494 20.374574661 -0.006240556 0.999116123 -0.009844423 0.040388349
1695814389.037000 3.106958389 0.527403295 20.223426819 -0.008445386 0.999136508 -0.007641868 0.039956104
1695814389.401000 3.119786263 0.527168572 20.073200226 -0.008790791 0.999108791 -0.011829793 0.039552666
1695814389.754000 3.131870270 0.527129233 19.914960861 -0.008701124 0.999141634 -0.008236836 0.039655186
1695814390.103000 3.145352364 0.526827991 19.767755508 -0.007884545 0.999136746 -0.009436556 0.039680921
1695814390.453000 3.158211231 0.525737345 19.619045258 -0.007261563 0.999149084 -0.009609791 0.039446950
1695814390.799000 3.168481827 0.526575029 19.478134155 -0.007455412 0.999195099 -0.003530566 0.039257571
1695814391.142000 3.178433418 0.525585175 19.338586807 -0.009016207 0.999128997 -0.010551357 0.039351877
1695814391.482000 3.198610783 0.526076138 19.223043442 -0.007671820 0.999210358 -0.008312628 0.038088638
1695814392.000000 3.212365627 0.524953425 19.027288437 -0.007324206 0.999190152 -0.009022884 0.038522519
1695814392.681000 3.233589172 0.523316503 18.772676468 -0.006213446 0.999168634 -0.009028223 0.039267782
1695814393.015000 3.224649429 0.515643239 18.747259140 -0.010607805 0.999152184 -0.008657403 0.038825907
1695814393.362000 3.194367409 0.511154532 18.758399963 -0.010219270 0.999107540 -0.004190566 0.040769134
