1695814282.148000 0.000000000 0.000000000 0.000000000 -0.000000000 -0.000000000 -0.000000000 1.000000000
1695814284.581000 0.000012780 0.000874534 0.048220754 0.001737467 -0.000751905 0.000183918 0.999998212
1695814284.992000 -0.000595421 0.001648286 0.094386466 0.001616555 -0.000765973 0.000442432 0.999998331
1695814285.264000 -0.001215544 0.002619239 0.136251926 0.001545449 -0.000681538 0.000554634 0.999998450
1695814285.539000 -0.002430144 0.003357773 0.187180474 0.001481014 -0.000580124 0.000414300 0.999998629
1695814285.817000 -0.002417625 0.003836853 0.246694744 0.001237309 -0.000714623 0.000295387 0.999998927
1695814286.085000 -0.002423325 0.005174691 0.307583451 -0.001048269 -0.001043816 0.000200426 0.999998927
1695814286.356000 -0.003439324 0.006122611 0.360173762 0.000405173 -0.000918102 0.000352175 0.999999464
1695814286.625000 -0.003689782 0.007400344 0.432743609 0.002743628 -0.001249370 -0.000318257 0.999995410
1695814286.893000 -0.003901098 0.009249973 0.507546961 0.001087199 -0.001656724 -0.001912892 0.999996245
1695814287.172000 -0.004303791 0.010865443 0.593869686 0.001393645 -0.001802544 -0.001851486 0.999995708
1695814287.455000 -0.006382649 0.012089862 0.690945685 -0.000464199 -0.011507794 -0.000323712 0.999933660
1695814287.863000 -0.010849033 0.015355091 0.837661326 -0.000685532 -0.011918559 -0.001053883 0.999928176
1695814288.254000 -0.017093355 0.016624613 0.960499525 -0.000652092 -0.018431569 0.000971770 0.999829471
1695814288.653000 -0.026038744 0.020399302 1.092145562 -0.000511444 -0.018514415 -0.000315151 0.999828458
1695814289.050000 -0.028802836 0.022643505 1.224770546 0.000239780 -0.019326260 -0.000119852 0.999813199
1695814289.571000 -0.036281563 0.027080221 1.394472599 0.001025378 -0.019513765 0.000043827 0.999809086
1695814289.969000 -0.041687280 0.027502952 1.526318431 -0.000554060 -0.019528156 -0.001679789 0.999807775
1695814290.494000 -0.052267026 0.032050781 1.708535194 0.004224298 -0.018488696 0.000880484 0.999819756
1695814290.879000 -0.056721028 0.032423228 1.848579168 0.004504118 -0.019151920 0.002769221 0.999802589
1695814291.260000 -0.063236147 0.033941567 1.989986777 -0.000493004 -0.019113148 0.001999383 0.999815226
1695814291.645000 -0.068288341 0.037038159 2.131550789 -0.002362662 -0.019739101 0.004774529 0.999790967
1695814291.902000 -0.071927309 0.038355913 2.239012241 -0.000458215 -0.020366000 0.006708599 0.999769986
1695814292.300000 -0.077698044 0.040500261 2.378279448 0.003740419 -0.021176377 0.002935977 0.999764442
1695814292.680000 -0.084972940 0.042792551 2.518844843 -0.000600934 -0.021035537 0.001751206 0.999777019
1695814293.055000 -0.091144942 0.045353156 2.654578447 -0.000926384 -0.022006027 -0.001036399 0.999756873
1695814293.304000 -0.095767625 0.047592148 2.744996309 -0.002298849 -0.021591080 -0.002215920 0.999761820
1695814293.554000 -0.101132594 0.049174763 2.854519367 0.003008305 -0.021412209 0.003816601 0.999758959
1695814293.808000 -0.105498500 0.049749486 2.958721638 0.003778198 -0.021861136 0.004799994 0.999742389
1695814294.206000 -0.113599129 0.052790541 3.119629860 -0.001968513 -0.022104332 0.004470109 0.999743760
1695814294.727000 -0.121932738 0.056078754 3.314628124 0.000671454 -0.022643533 0.003386014 0.999737680
1695814295.252000 -0.134300068 0.058536042 3.520923376 -0.002687821 -0.022245139 0.000211964 0.999748945
1695814295.723000 -0.142805725 0.061395798 3.715121031 0.001836305 -0.023503376 -0.001265997 0.999721289
1695814295.996000 -0.150015011 0.062191796 3.819468260 -0.000703063 -0.022916019 -0.003263235 0.999731839
1695814296.353000 -0.157989487 0.063958257 3.956690550 -0.000534978 -0.022685474 -0.002389435 0.999739647
1695814296.592000 -0.161903843 0.066027656 4.048772812 -0.000309387 -0.023127202 -0.002293718 0.999729872
1695814297.099000 -0.172039747 0.069630809 4.239731789 -0.000028177 -0.023300499 -0.002761476 0.999724686
1695814297.344000 -0.175089523 0.069950201 4.322488785 -0.000479970 -0.023886077 -0.002027058 0.999712527
1695814297.607000 -0.179863125 0.071535572 4.420548916 -0.000567993 -0.024210475 -0.001050512 0.999706209
1695814297.869000 -0.187655434 0.073445387 4.526586533 0.004384986 -0.023629127 -0.000820559 0.999710858
1695814298.134000 -0.191951886 0.075034730 4.613096714 0.002904187 -0.024050264 -0.000521215 0.999706447
1695814298.382000 -0.197727636 0.075791150 4.713118076 -0.000524569 -0.023796085 -0.002126964 0.999714434
1695814298.646000 -0.203388527 0.077825479 4.809814453 0.000377028 -0.023698421 -0.003095257 0.999714315
1695814298.933000 -0.207964122 0.079372674 4.914591789 0.000206199 -0.024348088 -0.002796591 0.999699593
1695814299.192000 -0.212892950 0.080744237 5.000657558 0.000030386 -0.024236413 -0.002385693 0.999703407
1695814299.428000 -0.217922211 0.082239553 5.095957279 -0.000234249 -0.024538998 -0.002427883 0.999695897
1695814299.658000 -0.222691551 0.083722763 5.177715302 0.000260485 -0.024431434 -0.002828214 0.999697506
1695814299.916000 -0.228719190 0.084779769 5.269023418 0.000430756 -0.024444481 -0.002689135 0.999697506
1695814300.293000 -0.236389428 0.086507969 5.403419018 0.000083047 -0.024922770 -0.001216350 0.999688625
1695814300.565000 -0.241486982 0.087836429 5.503004074 -0.000212129 -0.025522474 -0.000316721 0.999674201
1695814300.955000 -0.250200063 0.089477196 5.642519951 0.001518402 -0.025292346 -0.000719758 0.999678731
1695814301.235000 -0.256073117 0.091802470 5.745415211 -0.000180107 -0.025364019 -0.002921215 0.999674022
1695814301.512000 -0.261968821 0.092889093 5.844096661 0.000123428 -0.025427908 -0.003755174 0.999669611
1695814301.922000 -0.271132559 0.095658273 5.994719982 -0.000092601 -0.025444990 -0.002733977 0.999672472
1695814302.362000 -0.281251311 0.098401114 6.161014080 0.002961556 -0.025381627 -0.002304042 0.999670804
1695814302.758000 -0.291824579 0.101547368 6.329758644 -0.000916164 -0.025096571 -0.001327520 0.999683738
1695814303.165000 -0.301536351 0.104400843 6.506438255 0.005034570 -0.025439326 0.000761316 0.999663413
1695814303.567000 -0.313637316 0.106505461 6.686319351 -0.001431377 -0.025024444 -0.000808629 0.999685526
1695814303.951000 -0.320250779 0.109254226 6.858404636 0.001065970 -0.025693195 -0.002244039 0.999666810
1695814304.368000 -0.331219226 0.112300709 7.054078579 0.002237065 -0.026052980 -0.001167096 0.999657393
1695814304.640000 -0.340097696 0.114482872 7.185684681 -0.001324689 -0.025680311 -0.001483722 0.999668241
1695814305.303000 -0.357779980 0.116631269 7.517179966 0.003433580 -0.025815831 0.000056081 0.999660850
1695814305.568000 -0.365262955 0.121040806 7.654620171 -0.002410630 -0.026148180 0.000437039 0.999655068
1695814306.116000 -0.381877631 0.125998020 7.933231831 0.004779020 -0.026802400 0.001067608 0.999628782
1695814306.359000 -0.389127791 0.126028582 8.046933174 -0.000957001 -0.026422396 -0.002357664 0.999647617
1695814306.616000 -0.398552865 0.127742276 8.182636261 0.004813220 -0.025828883 0.000981181 0.999654293
1695814306.879000 -0.405969322 0.127816275 8.324371338 0.010769037 -0.026638759 0.001729053 0.999585629
1695814307.136000 -0.415914893 0.130319878 8.467600822 -0.009782075 -0.026532041 -0.000665611 0.999599874
1695814307.386000 -0.426049232 0.136679381 8.619143486 -0.008235590 -0.026212845 -0.000675396 0.999622226
1695814307.644000 -0.436673641 0.139728591 8.773279190 0.001975523 -0.025902214 0.003225165 0.999657333
1695814308.026000 -0.448153377 0.142329305 8.995512009 -0.000239241 -0.027110398 0.006043027 0.999614179
1695814308.273000 -0.458515644 0.144259244 9.136992455 -0.007535642 -0.026490521 0.002502489 0.999617577
1695814308.778000 -0.472875923 0.149382621 9.424571037 0.000491904 -0.026412426 -0.000137415 0.999651015
1695814309.032000 -0.478799850 0.152353898 9.575841904 0.000597037 -0.027208397 0.003747724 0.999622583
1695814309.275000 -0.493029863 0.154958144 9.713983536 -0.000385725 -0.025941348 0.003809019 0.999656141
1695814309.518000 -0.501286864 0.157546982 9.859580994 -0.000409540 -0.026502378 0.004091907 0.999640286
1695814309.767000 -0.506025732 0.157586753 10.008605957 0.001991726 -0.028455434 0.004738057 0.999581873
1695814310.006000 -0.517723143 0.160583749 10.154178619 -0.000301809 -0.028021280 0.002150446 0.999605000
1695814310.247000 -0.529863596 0.164226145 10.297542572 -0.005548818 -0.027091222 0.005227671 0.999603927
1695814310.491000 -0.539596140 0.167217523 10.444445610 0.000984895 -0.027154440 0.006041090 0.999612510
1695814310.738000 -0.547556698 0.169765517 10.590772629 -0.000373406 -0.027848728 0.004846884 0.999600351
1695814310.973000 -0.559385955 0.172354594 10.733683586 0.000610439 -0.026955098 0.005692369 0.999620259
1695814311.093000 -0.563210905 0.172197610 10.805320740 0.000545780 -0.027301999 0.005815545 0.999610186
1695814311.330000 -0.571872592 0.174758926 10.948471069 -0.000977134 -0.027537568 0.005968759 0.999602497
1695814311.571000 -0.581402242 0.177468687 11.090145111 -0.001465416 -0.027352648 0.002967531 0.999620378
1695814311.807000 -0.591298223 0.178751275 11.237130165 0.004539028 -0.027495151 0.004027213 0.999603510
1695814312.044000 -0.601024926 0.182001486 11.388438225 0.001595210 -0.027404184 0.005991118 0.999605179
1695814312.285000 -0.610591412 0.184398130 11.546263695 -0.001162320 -0.027508002 0.006179475 0.999601841
1695814312.523000 -0.620414019 0.185831219 11.700822830 -0.001412655 -0.027793465 0.006236232 0.999593258
1695814312.876000 -0.633471847 0.189538851 11.926466942 -0.001320228 -0.028799862 0.006259134 0.999564707
1695814313.224000 -0.651363909 0.193303451 12.143188477 -0.001557018 -0.027685972 0.004348344 0.999606013
1695814313.452000 -0.661780775 0.194927901 12.281577110 -0.000904337 -0.026795495 0.007193436 0.999614656
1695814313.677000 -0.669580579 0.197434098 12.420632362 -0.001193674 -0.027338738 0.007428371 0.999597907
1695814314.019000 -0.681118667 0.200499162 12.626000404 -0.001352256 -0.028240692 0.007796100 0.999569893
1695814314.247000 -0.690587401 0.204717711 12.765310287 0.001239614 -0.028195733 0.008507836 0.999565482
1695814314.473000 -0.700871825 0.207011580 12.905385971 -0.000060514 -0.028320793 0.006077175 0.999580443
1695814314.693000 -0.711209238 0.209072545 13.040352821 -0.001071025 -0.027147187 0.002220516 0.999628425
1695814314.917000 -0.720959783 0.210281193 13.175107002 -0.004967156 -0.026725512 0.008400686 0.999595165
1695814315.139000 -0.727729201 0.212980375 13.306426048 0.000448249 -0.027161743 0.009928227 0.999581635
1695814315.359000 -0.737096906 0.215366840 13.437139511 0.000551309 -0.026707798 0.009212432 0.999600708
1695814315.683000 -0.747626722 0.216417149 13.627332687 -0.001911432 -0.027246099 0.009590649 0.999580920
1695814315.901000 -0.751968503 0.219850421 13.753659248 -0.001307137 -0.028595343 0.008387926 0.999555051
1695814316.334000 -0.769287467 0.224394366 14.001585007 0.000436274 -0.028526634 0.008932068 0.999553025
1695814316.661000 -0.778984845 0.226842195 14.187179565 -0.000889605 -0.029132113 0.004226547 0.999566257
1695814317.089000 -0.795855939 0.230901286 14.425742149 -0.001117047 -0.027144374 -0.000175720 0.999630928
1695814317.300000 -0.803043246 0.232850999 14.541072845 -0.005534898 -0.027040279 0.001338588 0.999618173
1695814317.610000 -0.812158167 0.236583635 14.710852623 0.003651043 -0.027292078 0.006486525 0.999599814
1695814317.820000 -0.819473386 0.237444550 14.824890137 0.001948079 -0.026947636 0.005262081 0.999621153
1695814318.031000 -0.826558471 0.238431007 14.937788963 -0.000413640 -0.027139466 0.005230562 0.999617934
1695814318.343000 -0.838040650 0.240496740 15.114995956 -0.001798474 -0.026503751 0.002620497 0.999643683
1695814318.548000 -0.846541762 0.243472189 15.212171555 0.000906609 -0.025470974 0.002076209 0.999673009
1695814318.854000 -0.854167104 0.245162457 15.371335983 0.000299689 -0.026034975 0.007012123 0.999636412
1695814319.059000 -0.861405611 0.246598616 15.476905823 -0.004180966 -0.025751833 0.008303229 0.999625146
1695814319.367000 -0.871832788 0.249918997 15.646490097 0.002543149 -0.026006419 0.010823761 0.999599934
1695814319.580000 -0.878736019 0.250658184 15.750919342 0.000116154 -0.025618136 0.010272680 0.999619007
1695814319.880000 -0.888298035 0.254112661 15.918793678 -0.001050055 -0.025220064 0.010172401 0.999629617
1695814320.082000 -0.895830214 0.255079269 16.021642685 -0.000232455 -0.024877602 0.010871818 0.999631405
1695814320.396000 -0.900655687 0.256950647 16.180992126 0.002018160 -0.026460081 0.009793372 0.999599874
1695814320.596000 -0.907932878 0.258731484 16.303773880 0.000486031 -0.026042124 0.008344118 0.999625921
1695814320.890000 -0.921440423 0.258625537 16.479032516 0.002053588 -0.024587989 0.010707098 0.999638259
1695814321.106000 -0.924834967 0.261179000 16.612667084 0.001157852 -0.026245706 0.011518499 0.999588490
1695814321.305000 -0.933540344 0.264302284 16.735027313 0.001551702 -0.025964836 0.010969645 0.999601483
1695814321.513000 -0.942634940 0.267168134 16.870590210 0.002044773 -0.025556898 0.010784279 0.999613106
1695814321.723000 -0.948671818 0.268995047 16.997390747 0.001828611 -0.026477907 0.010694865 0.999590516
1695814321.936000 -0.960112572 0.271169424 17.154390335 0.000461983 -0.026008429 0.009045942 0.999620736
1695814322.170000 -0.967994034 0.273860484 17.306194305 0.000775025 -0.026326649 0.009103356 0.999611676
1695814322.381000 -0.979589164 0.277083606 17.458934784 0.002740800 -0.025333660 0.011655392 0.999607325
1695814322.594000 -0.987250984 0.278993279 17.626342773 0.001823416 -0.025661247 0.010357663 0.999615371
1695814322.833000 -0.994436800 0.281747371 17.810205460 0.001407207 -0.026875572 0.011012046 0.999577165
1695814323.062000 -1.002498746 0.284144253 17.987792969 -0.002231206 -0.027868535 0.009874912 0.999560356
1695814323.279000 -1.017565370 0.285108358 18.156780243 -0.002341078 -0.026098542 0.009727730 0.999609292
1695814323.390000 -1.021751046 0.287239909 18.241422653 0.000327423 -0.026329041 0.010302860 0.999600172
1695814323.604000 -1.032235384 0.290285885 18.409233093 0.001002132 -0.026074946 0.011819685 0.999589622
1695814323.821000 -1.039765120 0.294363290 18.575729370 -0.002274171 -0.026708968 0.011531618 0.999574184
1695814324.040000 -1.051118374 0.296810418 18.741739273 -0.002288963 -0.025702477 0.011702917 0.999598503
1695814324.151000 -1.056048751 0.298348397 18.826669693 -0.002091686 -0.025642423 0.010606418 0.999612749
1695814324.364000 -1.065055966 0.302462488 18.986167908 -0.000449150 -0.025732439 0.008888968 0.999629259
1695814324.575000 -1.075317144 0.304378062 19.147727966 0.000372090 -0.025201792 0.010182961 0.999630451
1695814324.790000 -1.085242271 0.307123363 19.310297012 -0.002100569 -0.025420371 0.011617429 0.999607146
1695814325.005000 -1.096852303 0.308688879 19.468824387 -0.002113638 -0.024476940 0.011610885 0.999630749
1695814325.313000 -1.110581994 0.312694490 19.689334869 -0.001796823 -0.023598937 0.010247555 0.999667406
1695814325.623000 -1.120076776 0.318600208 19.911289215 -0.004888725 -0.024359940 0.007025964 0.999666631
1695814325.929000 -1.133388758 0.322449148 20.130743027 0.002539957 -0.023667006 0.006185994 0.999697566
1695814326.228000 -1.146185756 0.327076346 20.338426590 -0.006124934 -0.022567702 0.006664130 0.999704361
1695814326.528000 -1.156662822 0.329558939 20.547582626 -0.000169811 -0.022559438 0.004923054 0.999733388
1695814326.722000 -1.164020658 0.333025157 20.676902771 -0.008234859 -0.021965895 0.005220709 0.999711215
1695814326.925000 -1.171606064 0.335291952 20.809492111 0.000318676 -0.021178523 0.010755593 0.999717832
1695814327.119000 -1.185450792 0.346346706 20.922023773 -0.001393292 -0.019509563 0.006373780 0.999788404
1695814327.320000 -1.184645057 0.339053690 21.055221558 -0.003806084 -0.020778872 0.007377155 0.999749660
1695814327.512000 -1.189975500 0.340580195 21.170724869 0.001728017 -0.020808069 0.005491430 0.999766946
1695814327.803000 -1.197774291 0.342913747 21.343166351 0.000427688 -0.020730561 0.007589467 0.999756217
1695814328.089000 -1.205393553 0.346087992 21.512374878 -0.002911433 -0.021063665 0.007193336 0.999748051
1695814328.281000 -1.211076260 0.347755760 21.621963501 -0.000705894 -0.020663099 0.003098254 0.999781489
1695814328.593000 -1.219854355 0.349638343 21.801029205 -0.000202941 -0.020091062 0.005151711 0.999784887
1695814328.778000 -1.225327373 0.351084381 21.905836105 -0.002822427 -0.019417996 0.002400520 0.999804616
1695814329.061000 -1.232971787 0.354998440 22.064466476 -0.001390609 -0.018785397 0.005402434 0.999807954
1695814329.337000 -1.240847468 0.357230932 22.216859818 -0.000210248 -0.018261192 0.006741826 0.999810517
1695814329.522000 -1.244689465 0.358637780 22.323135376 -0.000917776 -0.018823048 0.007145273 0.999796867
1695814329.793000 -1.251709819 0.361442685 22.465242386 -0.001062516 -0.018212810 0.006805324 0.999810398
1695814329.991000 -1.256290913 0.362809002 22.575586319 -0.002477794 -0.017974410 0.007034050 0.999810636
1695814330.185000 -1.261782289 0.364137203 22.672626495 -0.000300531 -0.017799320 0.010654937 0.999784768
1695814330.469000 -1.268717408 0.365370005 22.810108185 -0.001425673 -0.032178294 0.013423332 0.999391019
1695814330.751000 -1.279065371 0.367999285 22.943140030 -0.001371430 -0.042329069 0.008767731 0.999064326
1695814330.952000 -1.287399530 0.369703084 23.038679123 -0.000050715 -0.042753056 0.006266258 0.999065995
1695814331.157000 -1.298860908 0.371381313 23.134714127 -0.000270462 -0.041851740 0.006608719 0.999101937
1695814331.358000 -1.307012916 0.373067886 23.227165222 -0.000611330 -0.044030271 0.007930083 0.998998582
1695814331.554000 -1.317180157 0.373970240 23.317977905 -0.000413976 -0.052264817 0.009830917 0.998584807
1695814331.742000 -1.327302575 0.376124024 23.403558731 0.000594401 -0.052674413 0.009009503 0.998570919
1695814331.929000 -1.337762237 0.377105743 23.487291336 0.000278360 -0.052567899 0.008814401 0.998578429
1695814332.117000 -1.347700834 0.378549099 23.569355011 0.000078089 -0.058566634 0.009690689 0.998236477
1695814332.310000 -1.360007763 0.379403442 23.653388977 -0.001408146 -0.067044944 0.009236082 0.997706234
1695814332.605000 -1.378230453 0.381917387 23.780397415 0.000297314 -0.067495182 0.005898174 0.997702122
1695814332.908000 -1.396947861 0.383558393 23.910041809 0.000127824 -0.067256734 0.004013125 0.997727633
1695814333.197000 -1.414841056 0.385536224 24.027442932 -0.002288230 -0.066854544 0.003349128 0.997754514
1695814333.587000 -1.435966849 0.387737602 24.177194595 0.001431726 -0.066711463 0.001624820 0.997769952
1695814333.877000 -1.451209307 0.389305860 24.286199570 0.001020940 -0.066864416 0.000975887 0.997761130
1695814334.253000 -1.470823050 0.391139269 24.425691605 0.000272292 -0.062355589 0.000808109 0.998053610
1695814334.631000 -1.489325285 0.392581433 24.562822342 0.000479388 -0.059655942 0.002379396 0.998216093
1695814335.014000 -1.508913755 0.395012856 24.700105667 0.000785754 -0.057781842 0.002629548 0.998325467
1695814335.390000 -1.514315486 0.397833109 24.831615448 0.001022022 -0.000123776 -0.006903004 0.999975681
1695814335.873000 -1.517167091 0.399405062 24.999574661 0.001003590 0.000890398 0.002911285 0.999994874
1695814336.259000 -1.516545177 0.401019186 25.107706070 -0.000396592 0.000757250 0.000922143 0.999999225
1695814336.662000 -1.517137527 0.403151155 25.249309540 -0.002071996 0.001232123 0.002192949 0.999994695
1695814337.315000 -1.523262978 0.405202061 25.422927856 0.001143478 0.002446210 0.002398936 0.999993503
1695814337.787000 -1.520839810 0.406834066 25.546060562 0.000228422 0.019019103 -0.001817331 0.999817431
1695814338.174000 -1.511880040 0.408995450 25.641944885 0.000395097 0.035250042 0.003190174 0.999373376
1695814338.940000 -1.486207366 0.412156671 25.821468353 -0.004047811 0.096739508 -0.000732879 0.995301247
1695814339.229000 -1.465831280 0.414333254 25.884582520 -0.006295510 0.161767274 -0.003696602 0.986801982
1695814339.517000 -1.442410588 0.415535748 25.948738098 0.001304337 0.168925971 0.009277198 0.985584259
1695814339.889000 -1.408902287 0.416972131 26.026603699 -0.006610902 0.219595313 0.006636039 0.975546062
1695814340.393000 -1.356465101 0.420137525 26.129598618 -0.001072467 0.245830789 0.011362768 0.969245613
1695814340.869000 -1.298620462 0.422808558 26.214843750 -0.004755069 0.298171878 0.011178542 0.954434872
1695814341.155000 -1.260053873 0.424323916 26.265184402 -0.002489077 0.329125792 0.002306224 0.944279969
1695814341.563000 -1.202026367 0.427144676 26.331592560 0.001487941 0.350736201 0.010002141 0.936419725
1695814341.894000 -1.149370193 0.427859306 26.378917694 -0.000103556 0.411770880 0.000519542 0.911287248
1695814342.234000 -1.094424248 0.429116309 26.416019440 -0.002654070 0.469466150 -0.004586165 0.882934570
1695814342.578000 -1.032286644 0.431283712 26.449899673 -0.007466150 0.512997925 -0.001154684 0.858356595
1695814342.987000 -0.959657669 0.434091896 26.489608765 -0.009767533 0.513976932 -0.000127360 0.857748389
1695814343.387000 -0.892600060 0.436122686 26.517368317 -0.019781655 0.562015772 -0.006342621 0.826865613
1695814343.864000 -0.803073883 0.438937843 26.541852951 -0.011071106 0.617069900 -0.006874046 0.786800444
1695814344.532000 -0.675968170 0.442734510 26.572853088 -0.011556204 0.620338976 -0.004446115 0.784236073
1695814345.254000 -0.542881012 0.446304530 26.596937180 -0.010399141 0.648334742 -0.008140362 0.761240959
1695814345.829000 -0.442075729 0.449220896 26.607576370 -0.011682207 0.678301811 -0.004741577 0.734675229
1695814346.419000 -0.339925766 0.452051342 26.616867065 -0.010121555 0.679128528 -0.005133314 0.733931661
1695814347.002000 -0.240209579 0.454130262 26.625038147 -0.010909203 0.679080188 -0.005649073 0.733961284
1695814347.607000 -0.141910553 0.456700146 26.633390427 -0.013357432 0.679246306 -0.001086167 0.733788013
1695814348.196000 -0.042985916 0.459464610 26.642086029 -0.008118255 0.678869843 -0.004634607 0.734199107
1695814348.771000 0.063198090 0.462999552 26.652116776 -0.010227093 0.679191649 -0.003157412 0.733882904
1695814349.354000 0.168344498 0.465396941 26.662357330 -0.008864223 0.679892004 -0.003208195 0.733251691
1695814349.936000 0.279430389 0.468337625 26.671695709 -0.008342114 0.679791331 -0.002401973 0.733354270
1695814350.518000 0.390478134 0.470773548 26.681575775 -0.007694184 0.680091798 -0.002396454 0.733082652
1695814351.279000 0.542840958 0.474800557 26.695869446 -0.007719968 0.680813015 -0.001597481 0.732414842
1695814351.877000 0.652368546 0.477712154 26.698652267 -0.005988972 0.679351151 -0.002379608 0.733785033
1695814352.486000 0.770179749 0.478340626 26.707038879 -0.008573718 0.679051578 -0.000882904 0.734039962
1695814353.050000 0.898427963 0.483059347 26.717267990 -0.006575508 0.679007053 -0.001156107 0.734101415
1695814353.438000 0.969259262 0.484061599 26.707937241 -0.006213006 0.674797833 0.000122184 0.737976491
1695814353.824000 1.068981171 0.488774598 26.717464447 -0.008088531 0.702201426 -0.004256179 0.711919665
1695814354.229000 1.137792587 0.491066784 26.692768097 -0.008738888 0.706164539 -0.004662520 0.707978487
1695814354.863000 1.254394531 0.494418025 26.678089142 -0.010099059 0.724818707 -0.006722397 0.688832939
1695814355.447000 1.348123550 0.496894300 26.663814545 -0.009795926 0.739504576 -0.007957891 0.673033237
1695814356.248000 1.452426910 0.497420251 26.632459641 -0.007286808 0.784169734 -0.007621784 0.620456815
1695814356.860000 1.529479980 0.498990357 26.604469299 -0.006295605 0.806258202 -0.008301659 0.591472030
1695814357.261000 1.582214355 0.499770522 26.585840225 -0.005316650 0.807115436 -0.005843070 0.590340912
1695814357.871000 1.653415680 0.501751423 26.551860809 -0.006583538 0.835051358 -0.002158469 0.550128281
1695814358.523000 1.720523834 0.505346417 26.516681671 -0.006386711 0.853483200 0.001439688 0.521079302
1695814359.207000 1.785724640 0.506304622 26.471641541 -0.005593757 0.890163541 0.004870220 0.455580860
1695814359.927000 1.842578888 0.509215534 26.416955948 -0.006714516 0.921054780 -0.001528846 0.389372200
1695814360.411000 1.878189087 0.504045963 26.377674103 -0.013025257 0.939627469 -0.005510172 0.341906846
1695814360.882000 1.910890579 0.505253553 26.333683014 -0.011450849 0.955473304 -0.001069916 0.294853419
1695814361.363000 1.936773300 0.504966259 26.285503387 -0.014923285 0.968511581 -0.002067514 0.248512253
1695814361.820000 1.958948135 0.506517291 26.235631943 -0.010111913 0.979189932 -0.005968290 0.202605933
1695814362.452000 1.988698959 0.507034063 26.160783768 -0.007196069 0.982929051 -0.005244039 0.183769614
1695814363.278000 2.029226303 0.507495105 26.059913635 -0.002953168 0.982850909 -0.006791742 0.184253454
1695814363.694000 2.051031113 0.508006155 26.005678177 -0.004554236 0.983011186 -0.006782772 0.183363706
1695814364.337000 2.078256607 0.508000851 25.922826767 -0.001412770 0.987686455 -0.012062731 0.155974448
1695814364.742000 2.094568253 0.507441282 25.868194580 -0.002032712 0.989515364 -0.003802623 0.144363523
1695814365.319000 2.122058868 0.508009076 25.776332855 -0.002776123 0.990169883 -0.010292614 0.139463082
1695814365.884000 2.151378632 0.508561134 25.663993835 -0.002419630 0.992758393 -0.007889374 0.119844727
1695814366.422000 2.176008224 0.509701490 25.546350479 -0.001799742 0.995472729 -0.002510739 0.094997682
1695814366.954000 2.205965042 0.510265410 25.393081665 -0.006142275 0.995824993 -0.012291311 0.090242833
1695814367.488000 2.239342690 0.512016177 25.227901459 -0.004268931 0.995903075 -0.004242016 0.090226494
1695814368.028000 2.277915001 0.512842953 25.032209396 -0.005824775 0.995926142 -0.005518193 0.089815564
1695814368.655000 2.312274933 0.513634980 24.816852570 -0.006198813 0.997098386 -0.007021775 0.075545810
1695814369.098000 2.334706306 0.513305306 24.665044785 -0.006741567 0.997362137 -0.005873780 0.072033770
1695814369.772000 2.368565559 0.512584388 24.435268402 -0.005976768 0.997347414 -0.007571868 0.072146729
1695814370.211000 2.394311905 0.513180494 24.282651901 -0.006442858 0.997394502 -0.006020525 0.071599498
1695814370.639000 2.418485641 0.514075339 24.132390976 -0.006100467 0.997402132 -0.006048565 0.071520641
1695814371.073000 2.440413475 0.514462948 23.980749130 -0.006156074 0.997336864 -0.008724714 0.072147004
1695814371.973000 2.487951279 0.515075266 23.660413742 -0.006525138 0.997433126 -0.007531954 0.070907488
1695814372.409000 2.506695271 0.515571713 23.513206482 -0.006720108 0.998207986 -0.006739394 0.059077814
1695814372.830000 2.525546074 0.515250802 23.366773605 -0.005452191 0.998211324 -0.008885520 0.058869038
1695814373.238000 2.544048309 0.515438855 23.218719482 -0.004595623 0.998232245 -0.004757816 0.059065372
1695814373.663000 2.564217567 0.515994608 23.066869736 -0.002729513 0.997220457 -0.006535638 0.074170135
1695814374.306000 2.603809357 0.517060041 22.849264145 -0.003550480 0.995902956 -0.006194822 0.090146162
1695814374.969000 2.640719414 0.516553223 22.639398575 -0.006000050 0.995724857 -0.007516120 0.091866583
1695814375.182000 2.654148102 0.517452359 22.567371368 -0.006928439 0.995699167 -0.005224707 0.092238650
1695814375.621000 2.678847313 0.517002821 22.424549103 -0.009562628 0.996816456 -0.006166914 0.078914396
1695814376.030000 2.701773643 0.517969370 22.286375046 -0.008796097 0.996942699 -0.005452611 0.077447742
1695814376.448000 2.726069450 0.519020081 22.149608612 -0.007753047 0.996981204 -0.005976868 0.077023692
1695814376.865000 2.749606133 0.519886911 22.011627197 -0.007572075 0.996960759 -0.009429068 0.076961130
1695814377.289000 2.772707939 0.518531501 21.864192963 -0.007100801 0.996937692 -0.005797344 0.077661023
1695814377.702000 2.797195435 0.518818378 21.718833923 -0.009161670 0.996916234 -0.007255041 0.077597976
1695814378.320000 2.832377434 0.522206187 21.482599258 -0.009154403 0.996814072 -0.005646473 0.079031684
1695814379.326000 2.901704788 0.520523727 21.093050003 -0.004987988 0.996909797 -0.004504834 0.078267045
1695814379.723000 2.926774025 0.522880852 20.940925598 -0.002703249 0.996904016 -0.007379390 0.078234948
1695814380.124000 2.952254295 0.522791922 20.792764664 -0.002189706 0.996812165 -0.001022827 0.079747729
1695814380.721000 2.990155220 0.523857594 20.574445724 -0.009320685 0.996620059 -0.005528873 0.081431203
1695814381.120000 3.018245697 0.522761464 20.426542282 -0.003217124 0.996886313 -0.007881454 0.078391068
1695814381.509000 3.042084694 0.524206340 20.279878616 0.000012143 0.996939361 -0.003532460 0.078099154
1695814381.904000 3.065191269 0.525420666 20.137521744 0.000116446 0.996893108 -0.004605317 0.078631304
1695814382.294000 3.090000153 0.525306642 19.995477676 -0.002577343 0.996957183 -0.006332074 0.077650733
1695814382.684000 3.112364769 0.526652992 19.857585907 -0.003947170 0.996841609 -0.007323057 0.078978799
1695814383.268000 3.147467613 0.525807559 19.655462265 -0.004263290 0.996196628 -0.007290321 0.086723141
1695814383.651000 3.174830437 0.526631355 19.525709152 -0.003065254 0.995838344 -0.003771487 0.091007493
1695814384.232000 3.207023621 0.524554968 19.330102921 -0.005732601 0.995575368 -0.002301822 0.093763828
1695814384.619000 3.235273361 0.526301801 19.201353073 -0.004889560 0.995684564 -0.005604675 0.092504077
1695814385.198000 3.272718430 0.528087795 19.016469955 -0.004387765 0.995735228 -0.004772562 0.092029348
1695814385.584000 3.295287132 0.529282510 18.894819260 -0.007251699 0.997313797 -0.005935481 0.072646089
1695814385.952000 3.316129684 0.529186130 18.775369644 -0.002197431 0.997883737 -0.007470655 0.064555898
1695814386.314000 3.331123352 0.530633688 18.656436920 -0.000371037 0.997843266 -0.005547055 0.065405704
1695814386.679000 3.345767975 0.530773818 18.544691086 -0.000965417 0.997277319 -0.004517444 0.073598228
1695814387.045000 3.365427971 0.531975687 18.429243088 -0.002454115 0.997065902 -0.006255420 0.076252900
1695814387.415000 3.381332397 0.532154202 18.318803787 -0.001187428 0.997032106 -0.007688351 0.076592982
1695814387.775000 3.398058891 0.532523513 18.208129883 -0.001521893 0.997034550 -0.005268543 0.076759480
1695814388.147000 3.416755676 0.533060431 18.097066879 -0.001192432 0.997057080 -0.009068026 0.076115429
1695814388.506000 3.435677528 0.532404184 17.974662781 -0.000481477 0.997069836 -0.007304936 0.076145709
1695814388.865000 3.455580711 0.533121705 17.852659225 -0.002272233 0.997074246 -0.004878683 0.076249227
1695814389.219000 3.473413467 0.533525467 17.732427597 -0.002875442 0.997028768 -0.007248871 0.076634854
1695814389.577000 3.493588448 0.533724368 17.606021881 -0.002660639 0.997081637 -0.006081801 0.076053925
1695814389.928000 3.512696266 0.533163548 17.483139038 -0.001862765 0.997108459 -0.004995544 0.075804852
1695814390.453000 3.541680336 0.533736587 17.305759430 -0.000640912 0.997100174 -0.005214233 0.075918958
1695814390.799000 3.560518265 0.534811914 17.192268372 -0.000713264 0.997117221 -0.001557208 0.075857274
1695814391.142000 3.578039169 0.535416186 17.080566406 -0.001778928 0.997086883 -0.006162287 0.076004662
1695814391.482000 3.597353935 0.536127806 16.969554901 -0.001233773 0.997143090 -0.004649065 0.075382456
1695814392.000000 3.625479698 0.536198020 16.803726196 -0.000098063 0.997209787 -0.004540437 0.074511573
1695814392.339000 3.641278267 0.537102103 16.693426132 -0.000488529 0.997174561 -0.005305771 0.074930348
1695814393.015000 3.674412727 0.537233531 16.479961395 -0.000993954 0.997191668 -0.004554748 0.074746676
1695814393.362000 3.690793991 0.538425565 16.374555588 -0.001102136 0.997191012 -0.004992997 0.074725688
1695814393.695000 3.707646370 0.538815677 16.271953583 -0.001166383 0.997218847 -0.005112526 0.074344762
1695814394.198000 3.730861664 0.540144086 16.121055603 -0.000761724 0.997228682 -0.005037753 0.074222460
1695814394.861000 3.763187408 0.541517258 15.922126770 -0.001663470 0.997272134 -0.005750456 0.073569767
1695814395.542000 3.795834541 0.541898549 15.723736763 -0.005453338 0.997373044 -0.001285882 0.072218977
1695814396.037000 3.818145752 0.543364286 15.578293800 -0.003644950 0.997367024 -0.007616386 0.072025903
1695814396.411000 3.832990646 0.542470396 15.480425835 0.000393196 0.997388899 -0.010368644 0.071468957
1695814396.739000 3.847175598 0.542531073 15.388491631 0.003203005 0.997440398 -0.004725486 0.071274757
1695814397.067000 3.861087799 0.543008924 15.294919014 -0.002900663 0.997389615 -0.003600528 0.072059959
1695814397.544000 3.881812096 0.543423414 15.161753654 -0.006212513 0.997394204 -0.006465733 0.071585402
1695814397.857000 3.896981239 0.545532048 15.074778557 -0.005971513 0.997499883 0.000171972 0.070415236
1695814398.329000 3.914796352 0.545390904 14.949329376 -0.004885322 0.997439563 -0.011981125 0.070334151
1695814398.638000 3.927466869 0.545775890 14.863082886 -0.004939605 0.997505724 -0.004309401 0.070281290
1695814399.102000 3.947283268 0.546398520 14.734271049 -0.001805366 0.997546673 -0.008609787 0.069450177
1695814399.412000 3.960780144 0.546093643 14.649501801 -0.000747444 0.997611225 -0.005432368 0.068860658
1695814399.719000 3.973096371 0.546358168 14.565043449 -0.001157713 0.997600317 -0.006141413 0.068953097
1695814400.021000 3.985577106 0.547128320 14.477408409 -0.000665847 0.997583807 -0.008048531 0.069002680
1695814400.480000 4.005724430 0.548011303 14.343701363 -0.001178188 0.997643173 -0.005739335 0.068365589
1695814400.941000 4.022064209 0.548303902 14.211236954 -0.000523804 0.997583866 -0.006251254 0.069188908
1695814401.392000 4.036118031 0.549080551 14.079936981 -0.001635862 0.998462498 -0.001085196 0.055396475
1695814401.695000 4.044546127 0.550236464 13.992514610 -0.000987882 0.998456657 -0.004313566 0.055360328
1695814402.143000 4.059739113 0.550665140 13.860658646 -0.001596326 0.998472452 -0.006206733 0.054879196
1695814402.434000 4.072210789 0.550558150 13.772215843 0.002267966 0.997574806 -0.004605165 0.069413230
1695814402.735000 4.085906982 0.550916195 13.684144020 0.000072855 0.996762216 -0.005516735 0.080216490
1695814403.044000 4.100093842 0.551020384 13.595233917 -0.001156032 0.996719122 -0.005089839 0.080770150
1695814403.353000 4.115306854 0.551348686 13.502404213 -0.000205502 0.996675789 -0.009093449 0.080960818
1695814403.659000 4.131840706 0.551770508 13.405479431 0.000868951 0.996675491 -0.006327837 0.081223704
1695814403.980000 4.149121284 0.551990509 13.308834076 -0.000046641 0.996716797 -0.004531238 0.080839753
1695814404.278000 4.164937019 0.552727103 13.215326309 -0.000993464 0.996721983 -0.004751778 0.080757976
1695814404.590000 4.180949211 0.553784192 13.119589806 -0.000460438 0.996816099 -0.005992655 0.079508618
1695814405.170000 4.209929466 0.554138243 12.942601204 -0.000138281 0.996904314 -0.005416988 0.078437343
1695814405.462000 4.223970413 0.554557383 12.855466843 0.000127288 0.996880710 -0.005921784 0.078700297
1695814405.899000 4.245574951 0.554624677 12.727782249 0.000249151 0.996921778 -0.006076208 0.078166865
1695814406.188000 4.259513855 0.554965496 12.644799232 -0.000435375 0.996953070 -0.006332928 0.077745132
1695814406.476000 4.276002884 0.554638267 12.565598488 -0.000495220 0.997076690 -0.003693257 0.076316744
1695814406.753000 4.281607628 0.555535436 12.484760284 -0.007317807 0.999002814 -0.006502075 0.043560214
1695814407.025000 4.288722038 0.556205273 12.410907745 -0.001627544 0.999190331 -0.005891352 0.039765831
1695814407.302000 4.296554089 0.556751728 12.336130142 -0.000909144 0.999223828 -0.005632548 0.038977887
1695814407.567000 4.302183151 0.556764662 12.266904831 -0.001505823 0.999213636 -0.005811276 0.039193027
1695814407.836000 4.307733059 0.556398392 12.195394516 -0.000312069 0.999212861 -0.005869443 0.039231207
1695814408.103000 4.313606739 0.557387471 12.125350952 0.000395768 0.999219179 -0.005802295 0.039080266
1695814408.499000 4.321513653 0.557384491 12.022649765 0.000868166 0.999193668 -0.009189472 0.039074633
1695814408.901000 4.331461430 0.557204545 11.920853615 -0.001764965 0.999227285 -0.004225120 0.039037086
1695814409.166000 4.337108612 0.557193995 11.854846954 -0.002622523 0.999222517 -0.006026387 0.038874730
1695814409.597000 4.345026493 0.558058023 11.749015808 -0.001287589 0.999216914 -0.005166527 0.039207548
1695814410.053000 4.355564117 0.558471441 11.638032913 -0.001082280 0.999233246 -0.005438753 0.038758602
1695814410.697000 4.367360115 0.560161948 11.482705116 0.001747796 0.999235451 -0.004954946 0.038742524
1695814411.246000 4.374713421 0.561315000 11.355008125 0.002074845 -0.999974132 0.005034411 0.004705734
1695814411.918000 4.368686676 0.562710643 11.198120117 0.000990455 -0.998182356 0.004235457 0.060109384
1695814412.334000 4.344004631 0.563772321 11.110662460 0.005366409 -0.985511661 0.003681332 0.169482768
1695814412.575000 4.321718216 0.563783288 11.063796997 0.008779308 -0.973041892 0.002959134 0.230442330
1695814412.916000 4.284593582 0.562285542 11.000700951 0.005732170 -0.962398350 0.010830654 0.271365762
1695814413.371000 4.233956337 0.560225248 10.918358803 0.003759003 -0.962727964 0.010557692 0.270239443
1695814413.710000 4.197579861 0.561282158 10.857465744 -0.001871029 -0.962823212 0.009803312 0.269947886
1695814414.056000 4.157886505 0.560996830 10.799741745 0.007341325 -0.951043427 0.004401496 0.308938831
1695814414.476000 4.107656956 0.562195599 10.731267929 0.005152924 -0.950524211 0.000081760 0.310607791
1695814414.695000 4.080355644 0.562876403 10.697212219 0.011701956 -0.942616701 -0.002927639 0.333659023
1695814415.012000 4.040805817 0.564940095 10.648139000 0.006719647 -0.942429125 0.001076279 0.334336728
