1695436643.711000 0.000000000 0.000000000 0.000000000 -0.000000000 -0.000000000 -0.000000000 1.000000000
1695436643.752000 0.001288763 0.000768563 0.041694958 0.000139174 -0.000402908 0.000216473 0.999999881
1695436643.812000 -0.001349818 0.002706022 0.104126878 -0.000214465 0.000344412 0.000178056 0.999999940
1695436643.852000 0.001910339 0.003167629 0.145289436 -0.001178354 -0.000654287 -0.000125108 0.999999106
1695436643.911000 0.001161803 0.005079075 0.207015276 -0.001900894 -0.000298931 -0.000687889 0.999997914
1695436643.952000 0.001668242 0.005680548 0.248477429 -0.002301134 -0.000468737 -0.000657633 0.999997020
1695436644.011000 0.002035832 0.007206562 0.307877958 -0.002923525 -0.000607819 -0.001331669 0.999994695
1695436644.054000 0.001777008 0.007980449 0.349591285 -0.003443872 -0.000557446 -0.001748947 0.999992430
1695436644.113000 0.001249255 0.009284891 0.412548304 -0.003505058 -0.000378046 -0.001720810 0.999992311
1695436644.152000 0.001675209 0.010224352 0.453167230 -0.003588553 -0.000584947 -0.002110246 0.999991179
1695436644.210000 0.001679700 0.011571345 0.512101710 -0.003388653 -0.000359772 -0.002640606 0.999990702
1695436644.250000 0.000815727 0.012896459 0.554100871 -0.003240416 -0.000148230 -0.002717905 0.999991059
1695436644.308000 -0.000116140 0.013580210 0.610665977 -0.003860063 -0.000165686 -0.003386018 0.999986827
1695436644.405000 0.000505609 0.016178349 0.710053205 -0.004707428 0.002772089 -0.005034093 0.999972403
1695436644.462000 0.002436132 0.018046347 0.767512143 -0.005873783 0.009001081 -0.007926035 0.999910831
1695436644.559000 0.005896389 0.021007216 0.863981426 -0.005954817 0.015209767 -0.010544975 0.999810994
1695436644.617000 0.007613372 0.022015747 0.923145771 -0.005059126 0.017463319 -0.012237651 0.999759793
1695436644.776000 0.012193777 0.023809537 1.078789592 0.000796288 0.020843385 -0.013844458 0.999686599
1695436644.875000 0.013650171 0.026693629 1.177174449 0.001527646 0.022687312 -0.012812863 0.999659359
1695436644.972000 0.019148551 0.027963322 1.274248004 -0.003150786 0.023020536 -0.008968230 0.999689817
1695436645.127000 0.025106678 0.032683853 1.430354476 -0.005019788 0.024125889 -0.006060641 0.999677956
1695436645.222000 0.028493216 0.035569295 1.526492476 -0.002822755 0.024608891 -0.006292263 0.999673367
1695436645.280000 0.032861415 0.035767008 1.588234782 -0.001364114 0.024808658 -0.006326217 0.999671280
1695436645.376000 0.037110750 0.037590377 1.684612632 -0.003307577 0.025062868 -0.006174132 0.999661326
1695436645.433000 0.038911913 0.037852574 1.740682960 -0.003535972 0.025191039 -0.006677981 0.999654114
1695436645.529000 0.045319401 0.039040778 1.840532899 -0.000310542 0.025325265 -0.005026445 0.999666631
1695436645.584000 0.048515588 0.040432006 1.898424745 0.002609843 0.025311187 -0.003705085 0.999669373
1695436645.682000 0.054711267 0.041721590 1.997050643 0.004102761 0.025373189 0.000181532 0.999669611
1695436645.738000 0.057221793 0.042731438 2.055174351 0.001668307 0.025622712 0.001964895 0.999668360
1695436645.833000 0.061243080 0.045442041 2.152892828 -0.004022667 0.026061637 0.002237014 0.999649763
1695436645.891000 0.063722000 0.047052495 2.210986853 -0.005501544 0.026119629 0.000963753 0.999643266
1695436645.987000 0.068828240 0.048914999 2.310199976 -0.005561067 0.025861787 -0.003461858 0.999644101
1695436646.042000 0.071862631 0.049641885 2.366758585 -0.003714104 0.025710572 -0.005313809 0.999648452
1695436646.137000 0.076582804 0.049952302 2.459474802 -0.001729762 0.025499897 -0.007964196 0.999641657
1695436646.233000 0.079584941 0.051460624 2.554960012 0.000393738 0.026063621 -0.009894481 0.999611259
1695436646.331000 0.086406320 0.053339623 2.652673006 0.001718695 0.025913069 -0.006375744 0.999642372
1695436646.444000 0.091671139 0.055178411 2.765718222 0.000163244 0.024752375 -0.003040102 0.999688983
1695436646.543000 0.093541667 0.056301735 2.862368107 -0.003095723 0.016323671 0.000313745 0.999861956
1695436646.582000 0.092215814 0.058125474 2.903497219 -0.003022053 0.014832862 0.000223510 0.999885440
1695436646.636000 0.095995724 0.058609601 2.957412720 -0.003464313 0.012108129 -0.000080985 0.999920726
1695436646.692000 0.097041376 0.060727481 3.012578964 -0.004619722 0.010793852 0.000054364 0.999931097
1695436646.730000 0.099665172 0.060980950 3.048927784 -0.005868005 0.009332011 -0.000655052 0.999939024
1695436646.840000 0.101822726 0.062919982 3.156306505 -0.004530325 0.008133831 -0.001619397 0.999955356
1695436646.942000 0.094805077 0.067120902 3.263421535 0.000875555 0.009153092 -0.002755985 0.999953926
1695436647.038000 0.102509715 0.068458483 3.351701498 0.001331035 0.007370925 -0.005865962 0.999954760
1695436647.132000 0.105116159 0.069240674 3.445322752 -0.000944369 0.006778837 -0.003512111 0.999970436
1695436647.185000 0.100027911 0.071812265 3.496654749 -0.002440236 0.008350355 -0.001995453 0.999960184
1695436647.240000 0.102768645 0.072725609 3.548549891 -0.004207906 0.007593771 -0.001179269 0.999961674
1695436647.294000 0.103337854 0.074305788 3.601379156 -0.004813803 0.007610283 -0.000903467 0.999959052
1695436647.386000 0.104651004 0.075217493 3.692314148 -0.004617924 0.007378676 -0.001679485 0.999960721
1695436647.441000 0.103916936 0.076554164 3.746310472 -0.004062157 0.008056292 -0.002034228 0.999957263
1695436647.495000 0.106522076 0.076854385 3.797183752 -0.003220228 0.007244753 -0.002622966 0.999965131
1695436647.586000 0.105743967 0.078474544 3.887044668 -0.001843487 0.008167781 -0.002884949 0.999960780
1695436647.641000 0.108086988 0.078841098 3.936772585 -0.001621661 0.007825424 -0.003196943 0.999962986
1695436647.695000 0.108047925 0.080211468 3.990606070 -0.001382394 0.007799442 -0.003203090 0.999963522
1695436647.785000 0.107919849 0.082093112 4.077844620 -0.001554778 0.008198137 -0.002330466 0.999962449
1695436647.839000 0.109773777 0.083487809 4.127408504 -0.001877258 0.007961618 -0.002413282 0.999963641
1695436647.982000 0.110868394 0.086070105 4.263487339 -0.001981081 0.008346720 -0.002230919 0.999960721
1695436648.089000 0.112472877 0.088868335 4.364844322 -0.001807387 0.008183231 -0.001592518 0.999963641
1695436648.196000 0.113551587 0.087684266 4.465238571 0.006306262 0.008504111 -0.002256895 0.999941409
1695436648.286000 0.115580104 0.088741310 4.548919678 0.006318152 0.008196793 -0.002483716 0.999943376
1695436648.394000 0.117220268 0.092468299 4.648430824 0.001286426 0.008360035 -0.003640512 0.999957621
1695436648.485000 0.119215526 0.095160104 4.732787609 -0.002653551 0.008236425 -0.003478841 0.999956548
1695436648.589000 0.118814975 0.097558580 4.830612183 -0.004576517 0.008887457 -0.003220260 0.999944866
1695436648.696000 0.121590719 0.099436216 4.926410675 -0.003471715 0.008510898 -0.003325678 0.999952257
1695436648.785000 0.122295968 0.100327164 5.009892464 -0.002282491 0.008837971 -0.003616256 0.999951839
1695436648.891000 0.124399409 0.101909123 5.105598927 -0.000798170 0.008776280 -0.003492928 0.999955118
1695436648.982000 0.126082510 0.103705153 5.187540531 -0.000590113 0.008812437 -0.003429245 0.999955118
1695436649.034000 0.126874328 0.104869083 5.235976219 -0.000794065 0.008703764 -0.002999451 0.999957323
1695436649.086000 0.127604142 0.105833746 5.284287453 -0.000795133 0.008911790 -0.002991511 0.999955535
1695436649.141000 0.130907133 0.105918214 5.330397129 -0.001328876 0.008045037 -0.003097180 0.999961972
1695436649.192000 0.130168840 0.107307680 5.378227234 -0.001107512 0.008617833 -0.003098725 0.999957442
1695436649.244000 0.130272254 0.108050056 5.425456047 -0.001122728 0.008829714 -0.003070346 0.999955714
1695436649.280000 0.130593881 0.108561784 5.457914829 -0.001169380 0.008935167 -0.003348922 0.999953806
1695436649.333000 0.131779850 0.109485291 5.505694866 -0.001128816 0.008743275 -0.003581536 0.999954700
1695436649.385000 0.132071689 0.110120632 5.552400589 -0.001063919 0.008992335 -0.003316283 0.999953508
1695436649.480000 0.133954316 0.112511054 5.645375729 -0.002475355 0.009494167 -0.006709313 0.999929368
1695436649.577000 0.135583505 0.113019899 5.721326351 -0.004963217 0.009808679 -0.008582116 0.999902785
1695436649.666000 0.136839628 0.114901662 5.801261902 -0.004597993 0.010306190 -0.007085412 0.999911249
1695436649.718000 0.137120709 0.115828559 5.848557472 -0.004128884 0.010639509 -0.006583996 0.999913216
1695436649.770000 0.138339192 0.117029145 5.894135952 -0.002721931 0.010843183 -0.005267705 0.999923646
1695436649.822000 0.139510408 0.117260575 5.939676762 -0.001674174 0.010862224 -0.004257574 0.999930561
1695436649.873000 0.139869437 0.118094333 5.985169411 -0.000782094 0.011203772 -0.004031046 0.999928832
1695436649.924000 0.140578240 0.119069405 6.029516697 -0.000068595 0.011298850 -0.003485706 0.999930084
1695436649.975000 0.141781107 0.119605429 6.074331284 0.000202705 0.011187141 -0.003524501 0.999931216
1695436650.061000 0.142382115 0.121111445 6.149481773 0.000354073 0.011434022 -0.003313878 0.999929130
1695436650.113000 0.142827526 0.121645555 6.193838596 -0.000092291 0.010281203 -0.003178721 0.999942124
1695436650.164000 0.142537549 0.122188576 6.238504887 -0.000596792 0.006606943 -0.002006006 0.999976039
1695436650.268000 0.142217398 0.123696268 6.327497959 -0.001248365 0.001812406 -0.001167048 0.999996901
1695436650.371000 0.142349258 0.125477478 6.415822029 -0.001170872 0.000357549 -0.000801309 0.999998927
1695436650.424000 0.141777545 0.125856638 6.461659908 -0.001106462 0.000079251 -0.001314433 0.999998510
1695436650.526000 0.141175196 0.127616122 6.550104618 -0.000372014 -0.000262434 -0.002274021 0.999997318
1695436650.612000 0.140917331 0.128432378 6.624098301 -0.000249754 -0.000370479 -0.003506470 0.999993801
1695436650.715000 0.140455723 0.129813448 6.713112354 -0.000220212 -0.000153677 -0.004998700 0.999987483
1695436650.768000 0.141074657 0.130168676 6.756208897 -0.000736753 -0.000600106 -0.005554176 0.999984145
1695436650.870000 0.140529037 0.131410107 6.843930721 -0.001649840 -0.000294364 -0.005333578 0.999984384
1695436650.975000 0.140472114 0.133258313 6.931074142 -0.002017190 -0.000194837 -0.005194381 0.999984443
1695436651.079000 0.141386732 0.134779841 7.016457558 -0.001613098 -0.000548334 -0.005324706 0.999984384
1695436651.166000 0.140846044 0.136036173 7.091247559 -0.000981392 -0.000357908 -0.005403651 0.999984860
1695436651.271000 0.141509995 0.137965381 7.175976753 -0.000435626 0.001636176 -0.006105412 0.999979913
1695436651.376000 0.143364966 0.139069080 7.266199589 -0.000482259 0.012292095 -0.008840489 0.999885261
1695436651.463000 0.145301729 0.140676066 7.336512566 -0.000380795 0.015507835 -0.009354641 0.999835908
1695436651.567000 0.148313507 0.141506255 7.424872398 -0.000872019 0.017213760 -0.009702124 0.999804378
1695436651.648000 0.150142670 0.142545223 7.495201111 -0.000878717 0.018172434 -0.008710798 0.999796569
1695436651.737000 0.153405383 0.143930390 7.562816143 -0.000519871 0.018361785 -0.008047470 0.999798894
1695436651.790000 0.156272933 0.143949896 7.603726387 -0.000684220 0.018110871 -0.007752290 0.999805689
1695436651.841000 0.153987929 0.145043701 7.648154259 -0.000416554 0.019372685 -0.007339093 0.999785304
1695436651.933000 0.159175903 0.145715520 7.717618942 -0.000468028 0.019449739 -0.007021721 0.999786079
1695436651.985000 0.162091896 0.146446437 7.760042191 -0.000720228 0.022806505 -0.008201028 0.999706030
1695436652.041000 0.164421007 0.147480682 7.802824020 -0.001113404 0.031496249 -0.009922436 0.999454021
1695436652.092000 0.171667814 0.148426101 7.846936226 -0.001729253 0.045823947 -0.013706767 0.998854041
1695436652.196000 0.190230429 0.149172395 7.926601887 -0.002976507 0.080854535 -0.021337679 0.996493101
1695436652.285000 0.211859748 0.150504962 7.993864059 -0.003766116 0.115042575 -0.028990317 0.992930293
1695436652.395000 0.240149751 0.151638567 8.070672989 -0.004367786 0.161945954 -0.032222744 0.986263752
1695436652.482000 0.267895579 0.152206451 8.134162903 -0.004470893 0.195977315 -0.030928113 0.980110407
1695436652.538000 0.287273973 0.153651118 8.172884941 -0.004158220 0.210136637 -0.028813059 0.977238536
1695436652.592000 0.302703619 0.153854221 8.209151268 -0.004473239 0.222906291 -0.025978846 0.974483371
1695436652.682000 0.333341271 0.155277342 8.270948410 -0.005021610 0.239376381 -0.023995990 0.970617294
1695436652.790000 0.372258842 0.157474503 8.343845367 -0.006262135 0.250672489 -0.025841434 0.967706740
1695436652.899000 0.413154542 0.159742847 8.415462494 -0.005526286 0.255364060 -0.016787022 0.966683447
1695436652.991000 0.446142823 0.160922199 8.475974083 -0.004715948 0.254924506 -0.007452712 0.966920793
1695436653.100000 0.482921600 0.162852392 8.550983429 -0.001952794 0.237060606 0.009313770 0.971448302
1695436653.385000 0.574066997 0.167715564 8.746477127 0.000156142 0.215595663 0.011577957 0.976414084
1695436654.980000 0.583213925 0.170369133 8.798874855 -0.008024515 0.371124744 0.003243072 0.928542733
1695436655.557000 0.506737351 0.166646525 8.719533920 -0.005916866 0.370633692 -0.001107621 0.928759634
1695436655.801000 0.474731088 0.164787292 8.685821533 -0.002360737 0.370628297 0.000997039 0.928777754
1695436655.902000 0.461668849 0.164135173 8.671943665 -0.002446365 0.370597333 0.000226048 0.928790390
1695436656.164000 0.430613875 0.162845060 8.635646820 -0.001999443 0.378410339 -0.002531030 0.925632358
1695436656.491000 0.400038123 0.160939589 8.587966919 0.003192311 0.413070112 -0.003404916 0.910687327
1695436656.767000 0.378198147 0.160051152 8.560277939 0.003427611 0.431597948 -0.005368201 0.902043641
1695436657.486000 0.341710091 0.159365907 8.531046867 0.001825792 0.432014704 -0.008767689 0.901822090
1695436658.884000 0.392950177 0.161027536 8.613543510 0.002276890 0.362754703 -0.003970738 0.931873441
1695436659.205000 0.420107961 0.162879765 8.666684151 0.001385725 0.322804660 0.000491309 0.946464479
1695436659.447000 0.445540130 0.164329723 8.708358765 -0.000905148 0.312133253 -0.000537453 0.950037777
1695436659.595000 0.464709401 0.165830478 8.734063148 -0.004347348 0.312145382 -0.001051849 0.950023830
1695436659.742000 0.483565331 0.167455629 8.759803772 -0.007330630 0.312287152 -0.001244582 0.949958682
1695436659.891000 0.502349377 0.168890446 8.784235954 -0.007686112 0.312126279 0.003276927 0.950003922
1695436660.056000 0.520629108 0.169949025 8.813782692 -0.006715439 0.303303480 0.009620310 0.952821851
1695436660.201000 0.532517374 0.170258373 8.842493057 -0.005488498 0.282736421 0.010431685 0.959125280
1695436660.342000 0.541257620 0.170010060 8.870296478 -0.004660009 0.262752593 0.004599903 0.964841068
1695436660.502000 0.553666413 0.170616195 8.902893066 -0.001250865 0.249336988 0.002856568 0.968411744
1695436660.853000 0.587925553 0.171354607 8.966341019 -0.001398258 0.249197483 0.001017996 0.968451142
1695436661.391000 0.639312625 0.169855475 9.061049461 0.008519617 0.247528926 -0.014700987 0.968731523
1695436661.549000 0.651711941 0.167058438 9.088850021 0.013208288 0.246632487 -0.033554323 0.968437970
1695436661.693000 0.664172411 0.167058244 9.111614227 0.012470407 0.245834440 -0.034265202 0.968625724
1695436661.996000 0.695136905 0.170100674 9.160545349 0.001215256 0.259219438 -0.032468650 0.965271771
1695436662.156000 0.712866068 0.170911685 9.182722092 -0.013055053 0.274587065 -0.046965055 0.960325897
1695436662.301000 0.726809502 0.173101962 9.204962730 -0.021514665 0.275883764 -0.045921460 0.959852338
1695436662.443000 0.740728498 0.175715387 9.226062775 -0.022460766 0.276942939 -0.032711934 0.960066676
1695436662.605000 0.757423520 0.177532271 9.249480247 -0.020885356 0.280317128 -0.020854665 0.959453583
1695436662.749000 0.775193393 0.177357107 9.267268181 -0.020237491 0.294880807 -0.021630358 0.955074787
1695436662.897000 0.793973446 0.176948473 9.283887863 -0.020349884 0.313196748 -0.023121459 0.949188650
1695436663.048000 0.814825177 0.176850528 9.300367355 -0.017291516 0.332401812 -0.019919077 0.942768991
1695436663.343000 0.853105903 0.175585270 9.333740234 -0.000607659 0.352114469 -0.005268990 0.935941935
1695436663.500000 0.870688260 0.174706772 9.353209496 0.003061466 0.351955175 -0.004872419 0.935999155
1695436663.655000 0.889047503 0.174991235 9.371777534 0.001247905 0.356688261 -0.008792803 0.934181273
1695436663.813000 0.910754025 0.175651342 9.388133049 0.001556005 0.373339623 -0.010435001 0.927634776
1695436663.954000 0.930379868 0.175271779 9.399552345 0.004170218 0.388476342 -0.009227612 0.921403050
1695436664.118000 0.954264641 0.175215542 9.413367271 0.006764006 0.406046242 -0.008877360 0.913784385
1695436664.268000 0.974860311 0.175001025 9.424273491 0.007126279 0.421493471 -0.008707628 0.906761646
1695436664.445000 1.000120997 0.174543649 9.436117172 0.005633038 0.439038664 -0.008032737 0.898414612
1695436664.608000 1.023131609 0.175340235 9.445842743 0.004596587 0.454641372 -0.005633297 0.890644908
1695436664.779000 1.047074795 0.175716937 9.455404282 0.003000687 0.470977426 -0.003937015 0.882131398
1695436664.930000 1.068725824 0.176314071 9.463167191 0.002496227 0.485001236 -0.002931590 0.874504983
1695436665.086000 1.091052294 0.176210225 9.470163345 0.001597869 0.499071330 -0.004274625 0.866548896
1695436665.246000 1.113587856 0.176819786 9.477094650 0.001290622 0.513116181 -0.005575600 0.858300090
1695436665.410000 1.136753082 0.176636577 9.482491493 0.001778952 0.527261198 -0.005359574 0.849684417
1695436665.762000 1.185047626 0.176868320 9.492177963 -0.000246527 0.556686640 -0.007110573 0.830692112
1695436665.947000 1.209816456 0.177987114 9.499532700 -0.002716547 0.563131511 -0.006399032 0.826338053
1695436666.191000 1.241442204 0.178240165 9.511582375 -0.004301430 0.564045131 -0.007235295 0.825701058
1695436666.385000 1.266852379 0.178401977 9.516788483 -0.005637846 0.575560868 -0.008523532 0.817695141
1695436666.587000 1.293822765 0.178043574 9.519598961 -0.003861897 0.590661168 -0.006323480 0.806885600
1695436666.731000 1.312393188 0.177678719 9.520758629 -0.004288269 0.601158082 -0.010513476 0.799049497
1695436666.882000 1.331823349 0.177808553 9.521466255 -0.003599705 0.612227142 -0.012921079 0.790568173
1695436667.040000 1.352087021 0.177627832 9.522216797 -0.002846209 0.622996330 -0.013406609 0.782104731
1695436667.195000 1.371560097 0.177760839 9.525695801 -0.002766858 0.624952674 -0.011557260 0.780572116
1695436667.349000 1.391034126 0.179109752 9.530339241 -0.004315670 0.625367403 -0.009255085 0.780263662
1695436667.505000 1.410163403 0.179369032 9.533028603 -0.007945455 0.628986657 -0.011418303 0.777291656
1695436667.673000 1.430618286 0.178948194 9.532699585 -0.008218261 0.638890386 -0.014042303 0.769125640
1695436667.849000 1.451969147 0.178760797 9.531644821 -0.007005204 0.650587499 -0.012915000 0.759289205
1695436668.028000 1.473545074 0.179166287 9.530921936 -0.005669181 0.659146905 -0.010015207 0.751926124
1695436668.203000 1.494676113 0.179323643 9.533243179 -0.005270687 0.659952223 -0.009474905 0.751229346
1695436668.379000 1.516772747 0.178955972 9.536594391 -0.003029029 0.659874260 -0.012864515 0.751259804
1695436668.556000 1.542574406 0.178458422 9.539703369 -0.003964574 0.660299182 -0.017226709 0.750794590
1695436668.802000 1.568170547 0.179016352 9.542721748 -0.007322802 0.660477042 -0.015733266 0.750645757
1695436668.979000 1.594120026 0.179422244 9.546239853 -0.006580135 0.662189603 -0.014817234 0.749160886
1695436669.160000 1.619746685 0.178904846 9.544048309 -0.005504161 0.672820568 -0.016224230 0.739607394
1695436669.351000 1.646659374 0.178936467 9.540000916 -0.005206469 0.686935484 -0.015030458 0.726544321
1695436669.549000 1.674344540 0.179926813 9.535638809 -0.007157561 0.700472176 -0.012815384 0.713528752
1695436669.745000 1.700829506 0.179156244 9.535039902 -0.005485421 0.702684999 -0.014660340 0.711328864
1695436669.942000 1.727139473 0.178416342 9.535436630 -0.004586348 0.703167796 -0.016505320 0.710817635
1695436670.139000 1.753344059 0.178957134 9.535802841 -0.005554834 0.703468680 -0.015676368 0.710531712
1695436670.335000 1.778778553 0.179310963 9.535757065 -0.003167800 0.703307331 -0.014209989 0.710736871
1695436670.533000 1.806051254 0.178884044 9.536223412 -0.001782100 0.703427196 -0.016580371 0.710571766
1695436670.730000 1.839208126 0.179416180 9.536636353 -0.004430484 0.703612387 -0.013453215 0.710442781
1695436670.928000 1.875661373 0.179577827 9.537382126 -0.005354596 0.703791738 -0.013114883 0.710265100
1695436671.126000 1.917288303 0.179486036 9.538346291 -0.003761992 0.703968465 -0.014844910 0.710066199
1695436671.324000 1.963635921 0.179354876 9.538862228 -0.002968752 0.703951716 -0.016186491 0.710057139
1695436671.527000 2.014797688 0.179259107 9.539236069 -0.003525620 0.703988433 -0.016732838 0.710005522
1695436671.725000 2.070366383 0.179431692 9.540279388 -0.004688289 0.704225898 -0.016504437 0.709768653
1695436671.922000 2.130128384 0.179687634 9.540284157 -0.004623401 0.704276323 -0.016459823 0.709720075
1695436672.117000 2.194248676 0.180169135 9.540771484 -0.005667781 0.704413593 -0.015621806 0.709595203
1695436672.318000 2.261106491 0.181593940 9.540787697 -0.009502500 0.704536021 -0.013975512 0.709466994
1695436672.519000 2.333400249 0.182123005 9.537603378 -0.009832901 0.711053014 -0.013299021 0.702943861
1695436672.724000 2.408986568 0.181975007 9.537129402 -0.007374674 0.713993371 -0.016695445 0.699914515
1695436672.930000 2.484067440 0.182497293 9.535198212 -0.005990359 0.714456737 -0.015165982 0.699489594
1695436673.132000 2.557751179 0.183135673 9.533596992 -0.006403046 0.714671314 -0.013711230 0.699296772
1695436673.334000 2.631141663 0.183270693 9.533317566 -0.005998517 0.715044618 -0.014576206 0.698901117
1695436673.541000 2.705411911 0.182966083 9.530828476 -0.006161788 0.716354012 -0.015268762 0.697542727
1695436673.770000 2.778323174 0.184066594 9.519537926 -0.010156821 0.740611255 -0.019686742 0.671568513
1695436674.003000 2.849408150 0.183890939 9.504046440 -0.006335954 0.759273708 -0.016490838 0.650531590
1695436674.192000 2.922086716 0.183877885 9.491703987 -0.005009571 0.761685073 -0.015687319 0.647738159
1695436674.461000 2.993683815 0.183178410 9.479954720 -0.004104553 0.762300670 -0.014654191 0.647044241
1695436674.692000 3.064463615 0.183179185 9.467537880 -0.003573238 0.762396753 -0.014107701 0.646946311
1695436674.922000 3.135349274 0.182694465 9.456622124 -0.002869999 0.762608171 -0.013657722 0.646710157
1695436675.038000 3.171196938 0.182694614 9.450629234 -0.002453316 0.762547314 -0.013699329 0.646782696
1695436675.267000 3.242793083 0.182845876 9.442315102 -0.002031237 0.763578534 -0.013476841 0.645571172
1695436675.383000 3.275528908 0.183415607 9.433154106 -0.001713193 0.762964725 -0.012953552 0.646308184
1695436675.499000 3.309812546 0.182472393 9.427911758 -0.001809997 0.761709452 -0.012012196 0.647804856
1695436675.611000 3.343929768 0.181757182 9.425526619 -0.000743739 0.757754326 -0.010839236 0.652449489
1695436675.722000 3.378223419 0.182113960 9.420066833 -0.000505354 0.756198645 -0.012071045 0.654230595
1695436675.834000 3.412697792 0.182691962 9.416511536 -0.000344523 0.756097317 -0.012982317 0.654330373
1695436675.945000 3.446729183 0.182600126 9.411789894 -0.000558844 0.755816221 -0.012971533 0.654655159
1695436676.059000 3.480174541 0.182583421 9.407920837 -0.000917026 0.754639506 -0.012116860 0.656027138
1695436676.172000 3.514128685 0.182638660 9.405560493 0.000387877 0.746276915 -0.010013198 0.665560186
1695436676.282000 3.547787666 0.183176056 9.405603409 -0.001163737 0.740790784 -0.010814961 0.671647727
1695436676.389000 3.580816269 0.182902023 9.402481079 -0.003007818 0.738923728 -0.011963915 0.673676133
1695436676.497000 3.614197254 0.183112860 9.399517059 -0.003615165 0.738259792 -0.012653102 0.674388111
1695436676.602000 3.647067070 0.183118090 9.396482468 -0.003863354 0.737971067 -0.013168359 0.674692810
1695436676.708000 3.680264950 0.183168545 9.394343376 -0.003750707 0.738116384 -0.013309979 0.674531698
1695436676.815000 3.712601662 0.183246136 9.390811920 -0.003349524 0.737906456 -0.013447788 0.674760699
1695436676.922000 3.745360374 0.183035702 9.387701035 -0.003235620 0.737911046 -0.013387620 0.674757421
1695436677.027000 3.777852535 0.183119684 9.385253906 -0.003074844 0.738110423 -0.013303005 0.674541771
1695436677.132000 3.810140133 0.183212712 9.382283211 -0.003345755 0.738075435 -0.013141132 0.674581945
1695436677.238000 3.841986656 0.183310777 9.379671097 -0.003394139 0.738115489 -0.013192554 0.674536943
1695436677.345000 3.873929977 0.183606878 9.376432419 -0.003179536 0.738031447 -0.013008319 0.674633503
1695436677.451000 3.906512737 0.183397964 9.373157501 -0.003172952 0.737993240 -0.012656617 0.674681962
1695436677.558000 3.937810898 0.183591053 9.370564461 -0.003133730 0.738012016 -0.012735381 0.674660146
1695436677.665000 3.970101833 0.183461130 9.367553711 -0.002868665 0.738073528 -0.012631585 0.674596071
1695436677.772000 4.001839161 0.183158532 9.364179611 -0.002836511 0.738025784 -0.012152557 0.674657106
1695436677.878000 4.032215595 0.183261171 9.361612320 -0.002960788 0.738197029 -0.012153520 0.674469173
1695436677.983000 4.064313889 0.183560699 9.358678818 -0.003053466 0.738203347 -0.012403441 0.674457312
1695436678.088000 4.095533848 0.183388650 9.356513977 -0.002967187 0.738346040 -0.012070974 0.674307585
1695436678.298000 4.158049107 0.183397919 9.350351334 -0.002836315 0.738261163 -0.012251972 0.674397767
1695436678.403000 4.188665390 0.183436707 9.347455025 -0.002876372 0.739512265 -0.012917285 0.673013091
1695436678.620000 4.249612331 0.183469206 9.331245422 -0.004564695 0.759433270 -0.014797797 0.650400817
1695436678.731000 4.279347420 0.183318421 9.323565483 -0.003371862 0.765939534 -0.013648676 0.642758906
1695436678.845000 4.309909821 0.183312625 9.318506241 -0.002398627 0.768356740 -0.012620547 0.639892995
1695436678.958000 4.339601517 0.184256718 9.313980103 -0.001870271 0.769488454 -0.012037194 0.638544559
1695436679.188000 4.400432587 0.181400478 9.301828384 0.000628996 0.774286330 -0.011788962 0.632725298
1695436679.440000 4.453509331 0.180130526 9.279742241 0.000776133 0.797044516 -0.015732359 0.603715122
1695436679.700000 4.505290031 0.181318104 9.252835274 0.003250586 0.815140247 -0.009995514 0.579168379
1695436679.827000 4.532773972 0.180573896 9.241221428 0.002586884 0.817202151 -0.004889378 0.576324642
1695436680.083000 4.584096909 0.182509542 9.218849182 0.002349456 0.817305744 -0.004891066 0.576178730
1695436680.209000 4.612160683 0.182366937 9.210049629 0.002696839 0.817752123 -0.005737207 0.575535655
1695436680.337000 4.640505791 0.182737976 9.198482513 0.002895503 0.818669915 -0.006315074 0.574222326
1695436680.469000 4.665612221 0.183744282 9.185034752 0.000476431 0.824245811 -0.006966308 0.566189110
1695436680.605000 4.688307762 0.183521360 9.169090271 -0.002084432 0.833727837 -0.007537725 0.552120209
1695436680.743000 4.712167740 0.184758738 9.152101517 -0.002143990 0.844429612 -0.007100659 0.535615146
1695436680.887000 4.734484673 0.184671819 9.134849548 -0.001551712 0.855274856 -0.007372264 0.518119812
1695436681.034000 4.755793571 0.184164286 9.116383553 -0.003052722 0.865632534 -0.010412707 0.500562310
1695436681.182000 4.777582169 0.183416933 9.097990990 -0.003472819 0.876057386 -0.012369432 0.482035667
1695436681.333000 4.796068192 0.183514476 9.078099251 -0.002446572 0.885666490 -0.013949966 0.464105994
1695436681.490000 4.815443993 0.183395088 9.056951523 -0.004521162 0.894915760 -0.016554825 0.445905030
1695436681.649000 4.832901001 0.182744503 9.035779953 -0.003538755 0.903808117 -0.016142398 0.427618742
1695436681.805000 4.851885796 0.183770210 9.014253616 -0.003105131 0.912483573 -0.016850984 0.408754408
1695436681.963000 4.865122795 0.183339626 8.991500854 -0.002879906 0.920239925 -0.016628893 0.390990615
1695436682.121000 4.881908417 0.184141517 8.968105316 -0.001302657 0.928119898 -0.015390984 0.371960849
1695436682.283000 4.896613121 0.184283078 8.944674492 -0.000323038 0.935553968 -0.014435512 0.352888435
1695436682.456000 4.909264565 0.183929861 8.920996666 -0.002885115 0.942360401 -0.014969640 0.334252208
1695436682.632000 4.921336174 0.183804661 8.896850586 -0.001858341 0.948945761 -0.014577606 0.315096855
1695436682.809000 4.932648659 0.183307096 8.871732712 0.001369186 0.954848111 -0.015308348 0.296696544
1695436682.969000 4.941578865 0.182154655 8.847302437 0.004103817 0.960399926 -0.016565813 0.278102070
1695436683.127000 4.950504303 0.181414843 8.820569992 0.004843628 0.965598226 -0.018433889 0.259339184
1695436683.285000 4.959733009 0.180584490 8.794300079 0.004001747 0.970560968 -0.020141302 0.239978567
1695436683.444000 4.965714455 0.179535419 8.769197464 0.001896787 0.974961817 -0.021111773 0.221359968
1695436683.598000 4.971235275 0.178795293 8.742996216 0.004143130 0.979053378 -0.019608097 0.202615172
1695436683.753000 4.975696564 0.178645149 8.717256546 0.006339981 0.982771337 -0.018883852 0.183749214
1695436683.901000 4.978654861 0.177912772 8.691711426 0.008245829 0.986048639 -0.018521082 0.165218160
1695436684.049000 4.981585503 0.177273527 8.665552139 0.008183843 0.989024520 -0.018443985 0.146367446
1695436684.196000 4.984468460 0.176835001 8.639333725 0.007344941 0.991649449 -0.018411726 0.127430111
1695436684.336000 4.984953880 0.176166534 8.613862038 0.005664635 0.993840992 -0.018469645 0.109118551
1695436684.475000 4.985535145 0.175920054 8.587707520 0.007290324 0.995392680 -0.017639115 0.093963571
1695436684.747000 4.992518425 0.174879134 8.538558960 0.010872423 0.995922744 -0.016666010 0.087988459
1695436684.888000 4.996542931 0.173738897 8.515899658 0.009616096 0.995868325 -0.018501215 0.088383414
1695436685.024000 5.000445843 0.171851814 8.491512299 0.010500941 0.995703936 -0.023436788 0.088961355
1695436685.161000 5.005691051 0.170799881 8.467737198 0.011118525 0.995684803 -0.025468549 0.088541247
1695436685.302000 5.009662151 0.169917971 8.443350792 0.010792651 0.995674312 -0.025939908 0.088562846
1695436685.439000 5.012186527 0.170104966 8.420141220 0.009823314 0.996050596 -0.024759218 0.084697768
1695436685.573000 5.012028694 0.169758588 8.395898819 0.006168433 0.997146606 -0.022325383 0.071848005
1695436685.712000 5.010707855 0.169739366 8.372314453 0.005520607 0.998268485 -0.017843474 0.055778269
1695436685.845000 5.010440826 0.169334769 8.348423004 0.008580054 0.998709559 -0.015035244 0.047744151
1695436685.986000 5.011011600 0.169147074 8.325810432 0.009342946 0.998807192 -0.014175744 0.045781646
1695436686.117000 5.013276577 0.168431297 8.301877975 0.009838098 0.998835027 -0.015189442 0.044733796
1695436686.480000 5.013017178 0.166002959 8.235511780 0.006663140 0.999579072 -0.019198880 0.020705067
1695436686.616000 5.008856773 0.165862709 8.213582039 0.006237783 0.999796808 -0.018542316 0.004864318
1695436686.858000 4.999128819 0.165928990 8.169482231 -0.007050651 -0.999526739 0.017480807 0.024309510
1695436687.094000 4.996548176 0.165139630 8.125833511 -0.010420460 -0.999383748 0.016358145 0.029258575
1695436687.328000 4.992522240 0.163954139 8.082786560 -0.008818412 -0.999405563 0.015937649 0.029271273
1695436687.443000 4.990797043 0.163917810 8.061140060 -0.008538291 -0.999393404 0.017001390 0.029169464
1695436687.677000 4.987480640 0.162334323 8.013319969 -0.008646781 -0.999363184 0.018985173 0.028949173
1695436687.792000 4.986742020 0.162181109 7.987818718 -0.008959119 -0.999407887 0.016879117 0.028612131
1695436687.910000 4.985283852 0.163582072 7.961340904 -0.008193386 -0.999488115 0.012893474 0.028111173
1695436688.146000 4.982082367 0.162636787 7.904748917 -0.007896480 -0.999513209 0.012403587 0.027517799
1695436688.380000 4.979107857 0.160724327 7.843353271 -0.006561450 -0.999432564 0.018127413 0.027621152
1695436688.611000 4.976175308 0.158447146 7.777833939 -0.006964214 -0.999392152 0.020233771 0.027523341
1695436688.842000 4.972604752 0.157940269 7.707100868 -0.007739432 -0.999441981 0.017732486 0.027230296
1695436689.073000 4.969125271 0.156325281 7.630984306 -0.008320156 -0.999446630 0.017409921 0.027093748
1695436689.305000 4.964225769 0.154343471 7.551573753 -0.008488603 -0.999456286 0.017402355 0.026688984
1695436689.538000 4.961027622 0.154316187 7.465078354 -0.008499209 -0.999442935 0.017745251 0.026958061
1695436689.778000 4.957034588 0.152392581 7.374356270 -0.008750873 -0.999423802 0.018505143 0.027073849
1695436690.008000 4.950180531 0.150905102 7.276894093 -0.009074257 -0.999458849 0.017727403 0.026179755
1695436690.239000 4.945757866 0.149131387 7.176058769 -0.009298668 -0.999461532 0.018155443 0.025700983
1695436690.472000 4.942493439 0.146316737 7.069025993 -0.009833879 -0.999561012 0.018655514 0.020810785
1695436690.708000 4.938185692 0.146384642 6.956118584 -0.009206525 -0.999595761 0.017962962 0.020021973
1695436690.941000 4.930542469 0.141787678 6.841589928 -0.008789578 -0.999600708 0.019174572 0.018803213
1695436691.172000 4.928395748 0.139262855 6.720035076 -0.008906439 -0.999547541 0.021223813 0.019365620
1695436691.287000 4.926083088 0.138444290 6.657226562 -0.009261075 -0.999574840 0.019662952 0.019435897
1695436691.401000 4.923551083 0.137468979 6.593494415 -0.010094414 -0.999609530 0.017755490 0.019070026
1695436691.516000 4.920163155 0.136796609 6.528316498 -0.010466983 -0.999619484 0.017456237 0.018620338
1695436691.634000 4.917954445 0.135617629 6.462195873 -0.010375138 -0.999616325 0.017573126 0.018728444
1695436691.749000 4.915680408 0.134497061 6.394927979 -0.010226468 -0.999608099 0.018030260 0.018814312
1695436691.872000 4.913318634 0.133069664 6.326328754 -0.010156360 -0.999603152 0.018207900 0.018943319
1695436691.986000 4.911081791 0.131549656 6.256541252 -0.010281820 -0.999606252 0.018176228 0.018743675
1695436692.104000 4.906641960 0.130894989 6.184561729 -0.009832902 -0.999618292 0.018396972 0.018116806
1695436692.218000 4.904362679 0.129290000 6.113986015 -0.010383304 -0.999619305 0.018019905 0.018131129
1695436692.332000 4.903074741 0.127161369 6.040474892 -0.009761294 -0.999624133 0.017599169 0.018618619
1695436692.445000 4.899433136 0.125881135 5.966757298 -0.009657433 -0.999609292 0.018755713 0.018335219
1695436692.559000 4.895482540 0.125176296 5.891541004 -0.009402514 -0.999629200 0.018251540 0.017889136
1695436692.672000 4.893554688 0.122821540 5.814038277 -0.009254928 -0.999629736 0.017911708 0.018274095
1695436692.786000 4.891256332 0.121769287 5.735296726 -0.008866487 -0.999616981 0.018948816 0.018119339
1695436692.899000 4.889081955 0.119595140 5.656140804 -0.009037912 -0.999598145 0.019567311 0.018413110
1695436693.012000 4.885748863 0.118268222 5.576701164 -0.009586333 -0.999595284 0.019596564 0.018258145
1695436693.125000 4.880129337 0.116626687 5.495935917 -0.010531140 -0.999631107 0.018389206 0.016989436
1695436693.238000 4.877079487 0.115020968 5.413725853 -0.010803195 -0.999619067 0.019004855 0.016847370
1695436693.349000 4.872690201 0.113250732 5.331054688 -0.011071225 -0.999670148 0.016875708 0.015882920
1695436693.462000 4.870516300 0.111608848 5.249021530 -0.010591717 -0.999658465 0.017396130 0.016376315
1695436693.574000 4.869946480 0.110638574 5.164638042 -0.010047679 -0.999640226 0.018145517 0.017008429
1695436693.796000 4.861990929 0.106594034 4.989775658 -0.010312078 -0.999660254 0.018067539 0.015703980
1695436693.908000 4.860560894 0.104347885 4.902470589 -0.010462347 -0.999675274 0.017128380 0.015699545
1695436694.134000 4.854303837 0.099502966 4.720541000 -0.009857203 -0.999677837 0.017554794 0.015456171
1695436694.244000 4.850115776 0.098176189 4.628132343 -0.009565176 -0.999658287 0.019182071 0.014962542
1695436694.465000 4.843204498 0.093403570 4.449742794 -0.011205494 -0.999704599 0.016354123 0.014061982
1695436694.575000 4.841722012 0.092898116 4.362269402 -0.012604720 -0.999715209 0.014637592 0.014015507
1695436694.795000 4.838457108 0.090419456 4.189509869 -0.012034939 -0.999705434 0.015465834 0.014321904
1695436694.905000 4.834700584 0.088922374 4.100918770 -0.011434358 -0.999704778 0.016226672 0.014011433
