1695814282.148000 0.000000000 0.000000000 0.000000000 -0.000000000 -0.000000000 -0.000000000 1.000000000
1695814284.581000 -0.000268126 0.000788296 0.042921007 0.001728630 -0.000685585 0.000317789 0.999998212
1695814284.992000 -0.000795848 0.001385174 0.084178276 0.001568364 -0.000759687 0.000546570 0.999998331
1695814285.264000 -0.001769723 0.002213979 0.121498294 0.001505172 -0.000576869 0.000635911 0.999998510
1695814285.539000 -0.002993833 0.002745923 0.166437596 0.001340236 -0.000326180 0.000555892 0.999998927
1695814285.817000 -0.002719472 0.003391857 0.219597012 0.001199024 -0.000646370 0.000463690 0.999998987
1695814286.085000 -0.002745181 0.004394744 0.273837596 -0.001245482 -0.001046787 0.000332015 0.999998629
1695814286.356000 -0.004171580 0.005415906 0.320837677 0.000383378 -0.000717519 0.000534234 0.999999523
1695814286.625000 -0.004260568 0.006711515 0.385637820 0.002866633 -0.001208193 -0.000068463 0.999995172
1695814286.893000 -0.004970522 0.008156077 0.452479213 0.001072082 -0.001470947 -0.001658024 0.999997020
1695814287.172000 -0.005916629 0.010068078 0.529126048 0.001605214 -0.001443986 -0.001180646 0.999996960
1695814287.455000 -0.007853811 0.011151292 0.616705179 -0.000303607 -0.011500443 0.000717392 0.999933600
1695814287.863000 -0.012289310 0.014087483 0.745932698 -0.000481126 -0.011760579 -0.000310955 0.999930680
1695814288.254000 -0.016619289 0.016001025 0.853640378 -0.000425212 -0.018615009 0.002299388 0.999823987
1695814288.653000 -0.023600489 0.018801473 0.968858898 -0.000228713 -0.018785408 0.000862131 0.999823153
1695814289.050000 -0.027658867 0.019695120 1.084115863 0.000165581 -0.019199777 0.001039426 0.999815106
1695814289.571000 -0.035824109 0.023566997 1.235132933 0.000870093 -0.019052586 0.001588954 0.999816835
1695814290.225000 -0.041692726 0.024627997 1.427182913 0.001761144 -0.019479178 0.001933345 0.999806821
1695814290.879000 -0.051302850 0.028805291 1.636255860 0.004402653 -0.019339286 0.003987780 0.999795318
1695814291.386000 -0.057330601 0.030968502 1.803302765 -0.003968169 -0.020136451 0.002959715 0.999785006
1695814291.773000 -0.064062044 0.033265706 1.929020286 -0.003411703 -0.020191517 0.007166070 0.999764621
1695814292.031000 -0.068847477 0.034126408 2.015678644 0.004244200 -0.020577077 0.008096431 0.999746501
1695814292.300000 -0.073553190 0.035776280 2.104423523 0.003547814 -0.021001803 0.004487537 0.999763072
1695814292.555000 -0.079453915 0.037522446 2.188658953 -0.001844060 -0.020150930 0.002804800 0.999791324
1695814292.808000 -0.081522726 0.038642336 2.272818327 0.000663857 -0.021204550 0.001010183 0.999774456
1695814293.055000 -0.086036749 0.040318400 2.352293730 -0.001210385 -0.021976626 0.000650542 0.999757528
1695814293.304000 -0.090647325 0.041618515 2.433188677 -0.002974782 -0.021534942 -0.000677256 0.999763489
1695814293.554000 -0.096199647 0.043024492 2.531272650 0.002188480 -0.021137077 0.005301513 0.999760151
1695814293.933000 -0.101802543 0.044701036 2.660402536 0.002855129 -0.021831151 0.006719545 0.999735057
1695814294.206000 -0.110866971 0.046730965 2.773468494 -0.003018857 -0.020792944 0.006668313 0.999756992
1695814294.603000 -0.121821076 0.048624460 2.916141510 -0.000410485 -0.020200018 0.005186220 0.999782443
1695814295.103000 -0.126576409 0.053215116 3.098074675 -0.000938027 -0.022206727 0.004433377 0.999743164
1695814295.723000 -0.142497718 0.057389848 3.316276550 0.001620127 -0.021886190 0.001024966 0.999758661
1695814296.112000 -0.151077628 0.056656275 3.452817202 -0.001221883 -0.021606086 -0.001181747 0.999765158
1695814296.710000 -0.158539042 0.059036959 3.669270515 -0.001384954 -0.023533925 -0.001051160 0.999721527
1695814297.225000 -0.169706687 0.064497747 3.855047703 -0.000224195 -0.023330232 -0.000480051 0.999727666
1695814297.869000 -0.184903800 0.068060815 4.092566967 0.004528989 -0.023603549 0.001598730 0.999709904
1695814298.134000 -0.188960642 0.068219259 4.176619530 0.002255535 -0.024023697 0.001886262 0.999707103
1695814298.500000 -0.198928237 0.070126794 4.315394878 -0.000818705 -0.023323804 0.000315814 0.999727607
1695814298.786000 -0.204273060 0.072273761 4.417907238 -0.000138780 -0.023730299 -0.000500330 0.999718249
1695814299.192000 -0.211346716 0.075329192 4.551650047 -0.000129790 -0.023574097 0.000320597 0.999722064
1695814299.546000 -0.214231834 0.077478938 4.683489323 -0.000337469 -0.024906736 -0.000018150 0.999689698
1695814299.658000 -0.216790348 0.078213423 4.722773075 0.000070540 -0.024788054 -0.000319037 0.999692678
1695814299.916000 -0.221834391 0.079583101 4.808419704 0.000238755 -0.024893954 -0.000045326 0.999690056
1695814300.293000 -0.230280697 0.081479788 4.937599659 -0.000109381 -0.025153900 0.001266428 0.999682784
1695814300.565000 -0.236317769 0.082680650 5.030601501 -0.000375190 -0.025257712 0.002215084 0.999678433
1695814300.955000 -0.243989617 0.084970258 5.164133549 0.001530067 -0.025174968 0.001772997 0.999680340
1695814301.235000 -0.248270959 0.086653680 5.262613297 -0.000326556 -0.025938150 -0.000353067 0.999663413
1695814301.649000 -0.259109467 0.088184513 5.404271603 0.000197292 -0.025046661 -0.000549040 0.999686122
1695814301.922000 -0.263710469 0.090329818 5.499083519 -0.000227939 -0.025500169 0.000100187 0.999674797
1695814302.489000 -0.276949286 0.093826562 5.710780621 0.001590734 -0.025097249 0.000087586 0.999683738
1695814302.895000 -0.285450488 0.096134558 5.870997429 0.000125186 -0.025480768 0.001911821 0.999673486
1695814303.165000 -0.291937411 0.098122142 5.984666824 0.004673100 -0.025574841 0.002819892 0.999657989
1695814303.435000 -0.298855931 0.099379502 6.100243568 0.000139993 -0.025590628 0.002490060 0.999669433
1695814303.818000 -0.308766723 0.101738378 6.262356281 -0.000620576 -0.025653524 -0.000107364 0.999670684
1695814304.231000 -0.316309899 0.104825355 6.442663193 0.002921261 -0.026131669 0.000623229 0.999654055
1695814304.505000 -0.326726705 0.106512524 6.571101665 -0.000523090 -0.025468037 0.000623472 0.999675333
1695814304.773000 -0.334263086 0.110023946 6.696282387 -0.000564856 -0.025520448 0.000966236 0.999673665
1695814305.303000 -0.347090334 0.110044301 6.951280594 0.003156601 -0.025742520 0.002043069 0.999661565
1695814305.568000 -0.355544746 0.115447432 7.083368301 -0.002208064 -0.025632596 0.002331919 0.999666274
1695814305.831000 -0.363336951 0.117171451 7.211544991 -0.003138649 -0.025707068 0.008466210 0.999628782
1695814306.116000 -0.371469378 0.120012172 7.350265503 0.004887266 -0.026091220 0.003108827 0.999642789
1695814306.359000 -0.379076391 0.121214084 7.459634304 -0.000171822 -0.025552001 -0.000518057 0.999673367
1695814306.616000 -0.387541026 0.122236334 7.589646339 0.005367613 -0.025019890 0.002851698 0.999668479
1695814306.879000 -0.394932151 0.122171693 7.725660324 0.011440675 -0.025556173 0.003510416 0.999601781
1695814307.136000 -0.403161883 0.125688374 7.863181114 -0.008527077 -0.025795672 0.001059735 0.999630332
1695814307.386000 -0.411131561 0.130330861 8.008275986 -0.007577723 -0.026067827 0.001093621 0.999630868
1695814307.644000 -0.422710091 0.132840097 8.154937744 0.002601296 -0.025222940 0.004912590 0.999666393
1695814308.026000 -0.435744673 0.134575650 8.364747047 0.000241916 -0.025669403 0.007852762 0.999639630
1695814308.273000 -0.444187671 0.137320593 8.500905037 -0.006443016 -0.025805766 0.004334818 0.999636829
1695814308.778000 -0.461298794 0.141331062 8.775116920 0.001107548 -0.024519311 0.001348038 0.999697864
1695814309.032000 -0.470401645 0.144098803 8.919030190 0.001372379 -0.024194609 0.005222570 0.999692678
1695814309.152000 -0.472265899 0.145320982 8.986918449 0.001040269 -0.024867425 0.005552934 0.999674797
1695814309.397000 -0.481648415 0.147623390 9.127305031 0.000448421 -0.024699137 0.005613194 0.999679089
1695814309.642000 -0.488840520 0.148993298 9.266332626 0.001388124 -0.025169136 0.006126260 0.999663472
1695814309.887000 -0.496803522 0.151120663 9.407094955 0.004023129 -0.025425714 0.005020787 0.999656022
1695814310.125000 -0.504632175 0.154577270 9.550457001 -0.004053144 -0.026026536 0.002508525 0.999649882
1695814310.373000 -0.513991177 0.156751350 9.694150925 -0.000386647 -0.025638834 0.007020160 0.999646604
1695814310.615000 -0.523197830 0.158828333 9.835676193 0.002270874 -0.025880737 0.006041553 0.999644220
1695814310.855000 -0.532720804 0.161553770 9.974103928 0.000169922 -0.025580363 0.007012730 0.999648154
1695814311.093000 -0.540681839 0.163727075 10.114345551 0.002310581 -0.025876069 0.007208040 0.999636531
1695814311.330000 -0.549982309 0.165979803 10.254152298 0.000703413 -0.025650209 0.007369207 0.999643624
1695814311.571000 -0.558023691 0.167274117 10.391126633 -0.000036581 -0.025729625 0.004665705 0.999658048
1695814311.807000 -0.565657794 0.168139756 10.533121109 0.005962953 -0.026467977 0.005168338 0.999618530
1695814312.044000 -0.576879680 0.171320722 10.678723335 0.003191863 -0.025741329 0.007635561 0.999634385
1695814312.285000 -0.584450185 0.173090547 10.831555367 0.000549876 -0.026290031 0.007642991 0.999625027
1695814312.523000 -0.594211221 0.174583718 10.978473663 0.000415054 -0.026281931 0.007744389 0.999624491
1695814312.761000 -0.606847763 0.175906837 11.125821114 0.000711032 -0.025330432 0.008628290 0.999641657
1695814312.995000 -0.615735888 0.178686708 11.268704414 -0.000202659 -0.025353836 0.006108296 0.999659836
1695814313.224000 -0.620463610 0.180723757 11.407804489 0.000454876 -0.026694734 0.005263653 0.999629676
1695814313.452000 -0.632323563 0.181855112 11.541457176 0.001174490 -0.025054324 0.008200592 0.999651790
1695814313.677000 -0.638363183 0.183975339 11.676557541 0.000956104 -0.026171392 0.008608566 0.999619961
1695814313.906000 -0.646653056 0.185651362 11.809228897 0.000997879 -0.025994414 0.008701741 0.999623716
1695814314.137000 -0.653747261 0.187080204 11.941067696 0.001308135 -0.026351972 0.008881560 0.999612391
1695814314.361000 -0.661808074 0.189543769 12.072503090 0.003815879 -0.026261760 0.007764624 0.999617696
1695814314.581000 -0.669191241 0.191412404 12.201366425 0.003511369 -0.025947794 0.001271082 0.999656320
1695814314.807000 -0.676524520 0.192733228 12.331453323 -0.003312243 -0.025733786 0.005383560 0.999648869
1695814315.026000 -0.683051407 0.195043281 12.456973076 0.000302135 -0.026379125 0.010880314 0.999592781
1695814315.249000 -0.695205212 0.195783302 12.583909988 0.003311118 -0.025176974 0.010860872 0.999618530
1695814315.575000 -0.713185608 0.196629584 12.762515068 0.000140752 -0.023620714 0.011280598 0.999657333
1695814315.793000 -0.701781631 0.196238011 12.887026787 0.000117437 -0.028745541 0.010736585 0.999529123
1695814316.117000 -0.708929002 0.199182466 13.064571381 -0.002144452 -0.030564912 0.008345279 0.999495625
1695814316.441000 -0.724349022 0.203904882 13.238669395 0.002368898 -0.029533319 0.009677783 0.999514163
1695814316.766000 -0.740467727 0.203966349 13.412553787 0.001406186 -0.027701037 0.003467334 0.999609232
1695814317.089000 -0.751518786 0.206758752 13.580922127 0.000741606 -0.026551012 0.001182980 0.999646485
1695814317.300000 -0.759257615 0.208953798 13.690067291 -0.003244653 -0.026165554 0.002832909 0.999648392
1695814317.610000 -0.770654738 0.211349428 13.851728439 0.005600964 -0.025187427 0.007942547 0.999635518
1695814317.820000 -0.776341558 0.211971998 13.958976746 0.004227049 -0.025411848 0.007053802 0.999643266
1695814318.031000 -0.783827245 0.213182524 14.065955162 0.002088076 -0.025042059 0.006927522 0.999660254
1695814318.237000 -0.789731741 0.214060873 14.170201302 0.001452842 -0.024891714 0.006500431 0.999668002
1695814318.548000 -0.799150586 0.215675458 14.324903488 0.002933450 -0.024288489 0.003696431 0.999693871
1695814318.854000 -0.806816459 0.218066469 14.475667953 0.002961633 -0.024340047 0.008652785 0.999661922
1695814319.059000 -0.812074780 0.218647510 14.575325012 -0.001762818 -0.024518039 0.009820187 0.999649644
1695814319.261000 -0.817670047 0.220570952 14.676113129 0.002659169 -0.024391981 0.011779903 0.999629557
1695814319.465000 -0.824564755 0.221400931 14.785234451 0.004583480 -0.023908874 0.012119010 0.999630213
1695814319.680000 -0.830532610 0.222248763 14.882096291 0.001403002 -0.023698622 0.011810368 0.999648452
1695814319.880000 -0.835326195 0.223605901 14.985786438 0.001052126 -0.024060775 0.011805929 0.999640226
1695814320.195000 -0.842403293 0.224943817 15.129361153 0.003143459 -0.024253167 0.012429474 0.999623656
1695814320.396000 -0.848201752 0.225595579 15.228966713 0.004190602 -0.023913849 0.011347581 0.999640882
1695814320.596000 -0.852263808 0.227198020 15.340684891 0.002829155 -0.024465671 0.010093365 0.999645770
1695814320.792000 -0.856944978 0.227970392 15.437124252 0.004726892 -0.024750428 0.010828037 0.999623895
1695814321.007000 -0.865338326 0.229046986 15.565247536 0.004461339 -0.024317907 0.012253992 0.999619246
1695814321.204000 -0.871193171 0.229682952 15.668782234 0.003657736 -0.024080789 0.012916799 0.999619901
1695814321.417000 -0.877262533 0.232396156 15.802315712 0.004281699 -0.025047267 0.012515260 0.999598801
1695814321.613000 -0.883731306 0.233871356 15.920155525 0.004435807 -0.024828633 0.012890237 0.999598801
1695814321.822000 -0.893359840 0.234867319 16.048654556 0.003504153 -0.023647817 0.011269676 0.999650717
1695814322.050000 -0.901027799 0.236573547 16.196102142 0.002505588 -0.023805007 0.009608863 0.999667346
1695814322.270000 -0.909439802 0.238004804 16.336856842 0.004279146 -0.023347301 0.011000928 0.999657750
1695814322.480000 -0.918604374 0.239545628 16.469985962 0.004437553 -0.022647643 0.012357784 0.999657273
1695814322.716000 -0.922243893 0.241832569 16.628379822 0.003946574 -0.024964167 0.012060883 0.999607801
1695814322.943000 -0.932629466 0.242737919 16.788377762 0.002196598 -0.024148948 0.011700867 0.999637485
1695814323.172000 -0.942126513 0.244823605 16.946186066 -0.001044983 -0.023317521 0.009638927 0.999681115
1695814323.390000 -0.948729575 0.247583166 17.092298508 0.003259730 -0.024150619 0.010535034 0.999647558
1695814323.604000 -0.959352434 0.249247611 17.238857269 0.003781746 -0.023114456 0.012179817 0.999651492
1695814323.821000 -0.964608669 0.251523435 17.386026382 0.000460520 -0.024012636 0.012221981 0.999636829
1695814324.040000 -0.972721338 0.253590047 17.533233643 0.000769791 -0.023465190 0.012445914 0.999646902
1695814324.151000 -0.976057231 0.254175782 17.608755112 0.000619856 -0.023708504 0.011613571 0.999651313
1695814324.364000 -0.984509408 0.257138312 17.750043869 0.002425688 -0.023184104 0.009433854 0.999683738
1695814324.575000 -0.991433203 0.257718772 17.891662598 0.002902253 -0.023259792 0.010967372 0.999665082
1695814324.790000 -1.000910401 0.259874851 18.034397125 0.000845325 -0.022713231 0.012552995 0.999662876
1695814325.005000 -1.008661270 0.261259526 18.172552109 0.001315479 -0.022449451 0.012734431 0.999666035
1695814325.212000 -1.014937997 0.261738777 18.306337357 0.001289525 -0.022487916 0.012647839 0.999666274
1695814325.412000 -1.022319674 0.264756471 18.434661865 0.000572075 -0.021891356 0.010262006 0.999707580
1695814325.727000 -1.032188892 0.267588377 18.633193970 0.000046746 -0.021762453 0.006815830 0.999739945
1695814326.029000 -1.043062687 0.268248707 18.822992325 0.002155087 -0.020900331 0.005479336 0.999764204
1695814326.228000 -1.049456477 0.270346850 18.946758270 -0.003379988 -0.020327009 0.006669166 0.999765456
1695814326.528000 -1.056714654 0.271614701 19.131332397 0.002913158 -0.020684687 0.004784062 0.999770403
1695814326.722000 -1.062786460 0.273454428 19.244335175 -0.005308009 -0.020146843 0.005667640 0.999766886
1695814327.022000 -1.072271347 0.274192601 19.413919449 0.002771234 -0.019015051 0.014495793 0.999710321
1695814327.220000 -1.076312304 0.274756998 19.521703720 -0.003323017 -0.019377271 0.010233796 0.999754369
1695814327.512000 -1.083832622 0.276394725 19.679990768 0.003930775 -0.018977305 0.006423865 0.999791563
1695814327.707000 -1.088030457 0.277360111 19.786128998 0.006287150 -0.019304853 0.006263105 0.999774277
1695814327.994000 -1.096550703 0.279180437 19.939594269 -0.000692806 -0.018680390 0.009610977 0.999779046
1695814328.187000 -1.100636363 0.280058652 20.042013168 0.001114668 -0.018860212 0.008254337 0.999787450
1695814328.379000 -1.105396390 0.282979876 20.142080307 0.001231129 -0.018160230 0.004260255 0.999825239
1695814328.685000 -1.113923311 0.284152389 20.300794601 0.000749018 -0.016928755 0.004687115 0.999845445
1695814328.967000 -1.120212555 0.285911620 20.445568085 0.000938755 -0.016050836 0.006277681 0.999851048
1695814329.250000 -1.125177503 0.288875729 20.594823837 0.003189765 -0.016115446 0.008757979 0.999826670
1695814329.522000 -1.130230665 0.289686322 20.730787277 0.002349437 -0.016066186 0.008758694 0.999829829
1695814329.793000 -1.135735273 0.291232795 20.861015320 0.002154547 -0.015950823 0.009263656 0.999827564
1695814330.082000 -1.143574357 0.291576058 21.003612518 0.000314786 -0.015050247 0.010936834 0.999826908
1695814330.286000 -1.146399021 0.292340487 21.096593857 0.004916121 -0.015624734 0.014306869 0.999763489
1695814330.572000 -1.155156255 0.293238878 21.223115921 0.001234820 -0.037581574 0.015185284 0.999177456
1695814330.862000 -1.166054845 0.294840574 21.348625183 0.003057605 -0.039624628 0.010192799 0.999157965
1695814331.052000 -1.173985124 0.295920968 21.429559708 0.003567836 -0.039327666 0.009680560 0.999173105
1695814331.257000 -1.180764198 0.296274006 21.516580582 0.002774281 -0.040074393 0.010570608 0.999136984
1695814331.554000 -1.195413947 0.297551423 21.643407822 0.003202206 -0.049704205 0.013909642 0.998661995
1695814331.831000 -1.209355712 0.299083501 21.758659363 0.003785998 -0.049677577 0.013223213 0.998670578
1695814332.117000 -1.221113920 0.299854398 21.875427246 0.003581397 -0.056282558 0.013306297 0.998319805
1695814332.408000 -1.237949848 0.300604284 21.993223190 0.002481846 -0.064947665 0.011602933 0.997818112
1695814332.704000 -1.255317211 0.301437616 22.110807419 0.003948699 -0.064384423 0.008530505 0.997880936
1695814332.998000 -1.271041274 0.302332938 22.225986481 0.002826808 -0.064366624 0.007284576 0.997895777
1695814333.293000 -1.285875082 0.303422302 22.334863663 0.001391137 -0.064262740 0.006623841 0.997910082
1695814333.587000 -1.299613118 0.304048061 22.437639236 0.005001868 -0.064237975 0.004987845 0.997909665
1695814333.975000 -1.317698359 0.304624140 22.571281433 0.004054856 -0.064175561 0.003942316 0.997922599
1695814334.350000 -1.334385037 0.305579275 22.699481964 0.003638833 -0.057757802 0.003681909 0.998317182
1695814334.732000 -1.347677708 0.306392312 22.826606750 0.004459173 -0.057592887 0.005433165 0.998315394
1695814335.111000 -1.381112218 0.307798862 22.918458939 0.004329835 -0.043039795 0.003570236 0.999057591
1695814335.290000 -1.367831707 0.307558447 23.001157761 0.003941571 -0.001870492 -0.006111331 0.999971807
1695814335.584000 -1.367577672 0.308010876 23.095222473 0.003944255 0.002756597 0.003874591 0.999980927
1695814335.970000 -1.369523525 0.308583170 23.213634491 0.003735400 0.002909674 0.005053148 0.999976039
1695814336.433000 -1.371080875 0.309531897 23.349754333 0.000492986 0.003620238 0.004166635 0.999984682
1695814337.023000 -1.370613098 0.310861737 23.503145218 0.001989112 0.003944884 0.004817158 0.999978662
1695814337.597000 -1.370748162 0.312142581 23.643779755 0.003737893 0.004395554 0.004728620 0.999972165
1695814338.174000 -1.362689376 0.313629180 23.774238586 0.003224285 0.037680715 0.005805019 0.999267757
1695814338.940000 -1.337715268 0.315642774 23.939348221 -0.001278502 0.098990545 0.002374996 0.995084763
1695814339.420000 -1.304744244 0.316853732 24.035873413 0.002106465 0.171545371 0.008469946 0.985137582
1695814339.789000 -1.275930882 0.318232358 24.109291077 -0.003301271 0.201756433 0.010422377 0.979374707
1695814340.189000 -1.238297820 0.320580840 24.185066223 -0.001802621 0.226532117 0.018542778 0.973825514
1695814340.681000 -1.186493397 0.322488189 24.267372131 -0.003168404 0.299602479 0.006626718 0.954035878
1695814340.964000 -1.153786659 0.324231774 24.314630508 -0.001969435 0.302257210 0.014694409 0.953111112
1695814341.257000 -1.114955902 0.325865179 24.359825134 0.000700982 0.345589459 0.005775360 0.938367784
1695814341.665000 -1.060914516 0.327495545 24.419767380 0.000982604 0.371774971 0.009303486 0.928275764
1695814341.994000 -1.014402390 0.328516215 24.457946777 0.000541885 0.429738492 0.001165946 0.902952492
1695814342.355000 -0.957309723 0.331542939 24.492624283 -0.000846917 0.492749006 0.000635250 0.870170891
1695814342.716000 -0.898656845 0.333414137 24.523998260 -0.008314462 0.515614271 0.004923347 0.856766343
1695814343.132000 -0.830532074 0.337001681 24.559118271 -0.009160289 0.528361619 0.003940189 0.848960876
1695814343.531000 -0.767831802 0.338066131 24.581430435 -0.015875641 0.587146699 -0.002303596 0.809321523
1695814344.031000 -0.681949615 0.340944111 24.602600098 -0.010345650 0.620152175 0.000268901 0.784413278
1695814344.532000 -0.595493317 0.343854398 24.623537064 -0.010152739 0.622650325 -0.000596934 0.782434046
1695814345.074000 -0.504823685 0.346099496 24.638895035 -0.010953818 0.649641633 -0.002002900 0.760159016
1695814345.630000 -0.414131165 0.348551512 24.649829865 -0.011580193 0.676024556 -0.004502828 0.736774325
1695814346.223000 -0.319538116 0.351687312 24.658521652 -0.009940892 0.681065500 -0.000932359 0.732154429
1695814346.807000 -0.228542328 0.354616553 24.665279388 -0.009663691 0.680919409 -0.001339465 0.732293367
1695814347.415000 -0.137033463 0.357208729 24.673072815 -0.010410125 0.681512594 -0.001277747 0.731731236
1695814348.000000 -0.049066544 0.359917343 24.680492401 -0.012880832 0.681564629 0.001456179 0.731643081
1695814348.578000 0.046422958 0.363338917 24.687850952 -0.009902304 0.680983663 -0.000433227 0.732231557
1695814349.161000 0.141904831 0.366165221 24.695966721 -0.008662658 0.681356847 -0.000007395 0.731900156
1695814349.735000 0.240060806 0.368841618 24.704938889 -0.007128530 0.681864917 -0.000341257 0.731443286
1695814350.518000 0.377479553 0.373677254 24.717016220 -0.007004342 0.682473660 0.001106765 0.730875790
1695814351.474000 0.549924850 0.377944469 24.729648590 -0.007065461 0.682779908 0.001901891 0.730587482
1695814352.284000 0.691333771 0.381814867 24.740245819 -0.005198781 0.682997644 0.000155617 0.730402112
1695814352.860000 0.807748795 0.385271013 24.750257492 -0.006746395 0.683506072 0.002029533 0.729910910
1695814353.438000 0.918308258 0.388190746 24.754051208 -0.006429208 0.682446837 0.002866984 0.730901420
1695814354.030000 1.030876160 0.393045306 24.752708435 -0.006015147 0.709076166 0.001246801 0.705105126
1695814354.438000 1.104694366 0.394385934 24.749151230 -0.008733939 0.728574574 -0.001030774 0.684910059
1695814354.863000 1.180309296 0.396821737 24.742439270 -0.010095813 0.737601876 -0.002648303 0.675155282
1695814355.447000 1.272434235 0.399573416 24.730188370 -0.010224025 0.753930390 -0.004095833 0.656861901
1695814356.046000 1.348953247 0.400928080 24.711675644 -0.012146678 0.797868729 -0.006995652 0.602668285
1695814356.444000 1.399961472 0.401510179 24.695838928 -0.009791751 0.807171345 -0.007713598 0.590185642
1695814356.860000 1.447099686 0.402616411 24.677749634 -0.007698825 0.822652519 -0.005310981 0.568467557
1695814357.461000 1.518285751 0.403799355 24.649105072 -0.009176801 0.833068728 -0.003686385 0.553081214
1695814358.091000 1.582826614 0.406802177 24.615043640 -0.005588464 0.852736592 0.003187599 0.522301614
1695814358.523000 1.624376297 0.408045143 24.590854645 -0.009847899 0.869995117 0.004041132 0.492945462
1695814358.983000 1.662567139 0.409476459 24.562900543 -0.008039597 0.893892825 0.006592563 0.448160172
1695814359.686000 1.713603973 0.411763072 24.514099121 -0.010588158 0.924631178 0.002942433 0.380705297
1695814360.411000 1.757268906 0.413426071 24.458007812 -0.011691146 0.950352013 -0.004207950 0.310928762
1695814361.137000 1.791133881 0.414679468 24.396951675 -0.012824839 0.970509291 0.000193763 0.240722343
1695814361.586000 1.808296204 0.415426433 24.353261948 -0.010513552 0.980850041 -0.003016977 0.194457293
1695814362.240000 1.828618050 0.416346073 24.286386490 -0.007649235 0.988163412 -0.004863347 0.153136909
1695814362.658000 1.842713356 0.416934162 24.241598129 -0.006441835 0.988294899 -0.004082246 0.152364939
1695814363.482000 1.871623039 0.417024225 24.153024673 -0.002944525 0.988228917 -0.004878513 0.152876094
1695814363.913000 1.903377533 0.421461433 24.147331238 -0.002400340 0.990945637 -0.011274676 0.133768454
1695814364.742000 1.907874107 0.417032182 24.012775421 -0.002533682 0.993629575 -0.002804168 0.112632275
1695814365.512000 1.930666924 0.417929888 23.900861740 -0.004245719 0.995577276 -0.008866171 0.093430728
1695814366.071000 1.949418068 0.418201149 23.799970627 -0.005840597 0.997524738 -0.006522191 0.069769733
1695814366.422000 1.957936287 0.419058919 23.734527588 -0.002354022 0.997976840 -0.001397750 0.063519523
1695814366.954000 1.974889278 0.419808477 23.602306366 -0.006936308 0.998193085 -0.011169221 0.058632310
1695814367.488000 1.992834568 0.421077192 23.460634232 -0.004933427 0.998249233 -0.003007718 0.058865912
1695814368.028000 2.015147209 0.421489239 23.297191620 -0.006305450 0.998257697 -0.004188328 0.058518127
1695814368.655000 2.031831264 0.422166228 23.113672256 -0.006941787 0.998986900 -0.005404141 0.044134740
1695814369.326000 2.048102379 0.422510028 22.920091629 -0.006865959 0.999165893 -0.006446974 0.039735019
1695814369.990000 2.062695980 0.422880083 22.721126556 -0.006536220 0.999133527 -0.003485663 0.040954895
1695814370.425000 2.074539185 0.424164027 22.589229584 -0.006876552 0.999128759 -0.005553657 0.040787399
1695814370.852000 2.085759640 0.424531102 22.462610245 -0.006833615 0.999103189 -0.005218790 0.041460041
1695814371.290000 2.099717617 0.425661206 22.328216553 -0.006468353 0.999106646 -0.005959102 0.041334618
1695814371.973000 2.103997231 0.426991433 22.145374298 -0.006570584 0.999097347 -0.006476317 0.041466087
1695814372.409000 2.111385822 0.427408308 22.025594711 -0.006541754 0.999526680 -0.005680671 0.029519066
1695814373.035000 2.123922348 0.427788496 21.845705032 -0.005725861 0.999521732 -0.006123316 0.029766202
1695814373.454000 2.132687092 0.428524703 21.724842072 -0.003226817 0.999275982 -0.004751064 0.037611227
1695814374.088000 2.151112556 0.430112988 21.543266296 -0.002447841 0.998306215 -0.004059129 0.057985343
1695814374.306000 2.158537865 0.430441260 21.482284546 -0.004150599 0.998140514 -0.005179991 0.060592961
1695814374.969000 2.181815147 0.430229485 21.301424026 -0.006418691 0.998050392 -0.006441464 0.061747622
1695814375.393000 2.197701931 0.431410342 21.180118561 -0.008427369 0.998188078 -0.004632828 0.059398096
1695814375.823000 2.209698677 0.432200909 21.059408188 -0.008951481 0.998830974 -0.005028512 0.047236033
1695814376.241000 2.219653606 0.434078991 20.941509247 -0.007697883 0.998788238 -0.005502352 0.048295781
1695814376.661000 2.232577324 0.433942944 20.826246262 -0.006899389 0.998803496 -0.004754281 0.048181444
1695814377.077000 2.245110035 0.434359282 20.704940796 -0.006068145 0.998738647 -0.010967260 0.048621032
1695814377.499000 2.258446693 0.435805440 20.582359314 -0.008535907 0.998762846 -0.004434777 0.048788555
1695814377.908000 2.272789955 0.433810741 20.456457138 -0.008843790 0.998739839 -0.008405130 0.048681580
1695814378.320000 2.287981033 0.435232371 20.323274612 -0.008587034 0.998769224 -0.003983025 0.048687305
1695814379.125000 2.319001675 0.438517123 20.061773300 -0.005425860 0.998787224 -0.005404355 0.048635315
1695814379.723000 2.340759754 0.439225584 19.870958328 -0.002499680 0.998811245 -0.007473452 0.048104286
1695814380.124000 2.355440617 0.439490169 19.749799728 -0.001683273 0.998799741 -0.001292619 0.048934221
1695814380.721000 2.374428272 0.439234078 19.570945740 -0.009148935 0.998626411 -0.005172812 0.051331028
1695814381.120000 2.388998032 0.439664066 19.449838638 -0.002943845 0.998784363 -0.008273467 0.048504401
1695814381.509000 2.401757240 0.440833807 19.331426620 0.001264475 0.998847783 -0.004040532 0.047803640
1695814381.904000 2.409430504 0.442238688 19.215433121 0.001510804 0.998756230 -0.004804433 0.049605086
1695814382.094000 2.434971809 0.444975138 19.123250961 0.001758750 0.998910546 -0.008906102 0.045775112
1695814382.684000 2.453564644 0.444071829 18.951723099 -0.000242322 0.998889923 -0.007536447 0.046497710
1695814383.078000 2.463385582 0.444399893 18.838813782 -0.001875166 0.998814464 -0.007485863 0.048064318
1695814383.461000 2.476406097 0.444344223 18.727706909 -0.001505894 0.998237848 -0.004973608 0.059111688
1695814383.844000 2.489096642 0.444475651 18.619348526 -0.000841081 0.998128951 -0.008944701 0.060480662
1695814384.428000 2.510227680 0.445851386 18.457746506 -0.002895863 0.998143613 -0.005654716 0.060572449
1695814384.813000 2.526487350 0.447955847 18.352872849 -0.002242596 0.998229682 -0.007224912 0.058994420
1695814385.395000 2.544196129 0.448179811 18.196229935 0.000233839 0.998181760 -0.007370554 0.059823614
1695814385.767000 2.552210331 0.448175400 18.097982407 -0.001943441 0.999352396 -0.008048449 0.035018403
1695814386.135000 2.561439514 0.448375762 17.998191833 0.002299907 0.999415517 -0.009061555 0.032882564
1695814386.503000 2.567959785 0.448312223 17.896760941 -0.000163397 0.999420345 -0.006215329 0.033471346
1695814386.862000 2.577774048 0.448747277 17.795783997 0.000546813 0.999033332 -0.007273998 0.043349959
1695814387.238000 2.588044643 0.448964089 17.694389343 -0.000244437 0.999012053 -0.008761747 0.043567032
1695814387.599000 2.597457409 0.448792279 17.593961716 0.000032333 0.999017298 -0.007254542 0.043724321
1695814387.963000 2.606765270 0.448724031 17.493690491 0.001069598 0.999010742 -0.007874482 0.043754373
1695814388.329000 2.616397858 0.447271645 17.387311935 0.002126888 0.998970747 -0.010310262 0.044121105
1695814388.684000 2.627070904 0.448590338 17.273994446 0.001560270 0.999011040 -0.007372585 0.043820579
1695814389.037000 2.636740208 0.448579788 17.159572601 -0.000911752 0.998994827 -0.006383205 0.044359352
1695814389.401000 2.647547722 0.447943509 17.042669296 -0.000144369 0.998965144 -0.010198436 0.044324480
1695814389.754000 2.658575058 0.447080135 16.923658371 -0.001085300 0.999019623 -0.005622042 0.043897770
1695814390.281000 2.676753044 0.449479282 16.746553421 0.002270947 0.998995185 -0.008429254 0.043959551
1695814390.625000 2.688239098 0.449094355 16.634204865 0.002353315 0.999038577 -0.002713189 0.043692637
1695814391.142000 2.704072952 0.449000955 16.469001770 0.000532534 0.999026179 -0.008610718 0.043269970
1695814391.658000 2.719175339 0.449129432 16.308990479 0.001181186 0.999031305 -0.007563496 0.043334980
1695814392.172000 2.733084679 0.450003594 16.150768280 0.001925011 0.999032140 -0.007574223 0.043286566
1695814392.508000 2.742792130 0.450171769 16.047510147 0.002139787 0.999020875 -0.008198439 0.043422960
1695814393.015000 2.758279324 0.449025691 15.897840500 0.001717761 0.999058783 -0.007383249 0.042709928
1695814393.362000 2.767027378 0.448970854 15.795593262 0.001656603 0.999047458 -0.007619197 0.042934835
1695814393.695000 2.777445793 0.449394107 15.699106216 0.001871242 0.999073684 -0.008069889 0.042228352
1695814394.364000 2.795358181 0.449415922 15.505510330 0.001921239 0.999086857 -0.008631950 0.041800972
1695814394.861000 2.807963371 0.449198484 15.363047600 0.000803927 0.999093294 -0.008407527 0.041728716
1695814395.379000 2.821695328 0.448921740 15.220325470 -0.001891100 0.999126911 -0.008983916 0.040756866
1695814395.707000 2.830508709 0.449132204 15.126435280 -0.003252808 0.999162972 -0.005445664 0.040412102
1695814396.037000 2.839080811 0.448733419 15.033615112 -0.001608130 0.999146819 -0.009813523 0.040084735
1695814396.411000 2.847926140 0.447570562 14.939464569 0.002754309 0.999141753 -0.012670531 0.039339814
1695814396.739000 2.856345654 0.447464645 14.850658417 0.005338205 0.999194860 -0.007298390 0.039087713
1695814397.067000 2.864009380 0.447691262 14.759749413 -0.000680884 0.999195576 -0.006126198 0.039626222
1695814397.544000 2.874639511 0.447298527 14.632931709 -0.004319470 0.999182105 -0.008801567 0.039230697
1695814397.857000 2.881002426 0.447910666 14.551136971 -0.003522682 0.999230564 -0.001421474 0.039037637
1695814398.638000 2.900086403 0.447943419 14.339755058 -0.002641318 0.999259412 -0.006434923 0.037844747
1695814399.102000 2.910725594 0.447849393 14.212448120 0.000289956 0.999239028 -0.010717968 0.037501629
1695814399.569000 2.920986652 0.447255075 14.086742401 0.001400884 0.999281764 -0.005649869 0.037444286
1695814400.021000 2.931676388 0.447291017 13.959607124 0.002018702 0.999254346 -0.010312700 0.037153233
1695814400.629000 2.946326256 0.447602153 13.784437180 0.002271608 0.999294400 -0.008484206 0.036519632
1695814401.090000 2.956192017 0.447170079 13.653078079 0.001558001 0.999414563 -0.008517110 0.033099435
1695814401.545000 2.962841511 0.447356820 13.530036926 0.002725578 0.999750137 -0.000984953 0.022165325
1695814401.990000 2.970587730 0.447280109 13.409377098 0.002464152 0.999719441 -0.010153928 0.021256734
1695814402.289000 2.975121021 0.447148800 13.327727318 0.002365012 0.999749601 -0.006655408 0.021234892
1695814402.583000 2.981880188 0.447745323 13.248741150 0.006900655 0.998876393 -0.008300098 0.046145819
1695814402.886000 2.990546703 0.447403461 13.169736862 0.003066691 0.998856008 -0.007720990 0.047092348
1695814403.196000 2.997912407 0.447372913 13.088080406 0.003375652 0.998835206 -0.009736732 0.047138061
1695814403.506000 3.006555080 0.447034508 13.002059937 0.004503724 0.998818874 -0.011550814 0.046980686
1695814403.830000 3.015517712 0.447100937 12.912196159 0.004463371 0.998849571 -0.007570113 0.047142159
1695814404.131000 3.023692608 0.446272910 12.825430870 0.002996641 0.998854518 -0.006989266 0.047242809
1695814404.590000 3.036551476 0.446609020 12.694409370 0.003302778 0.998910964 -0.008421827 0.045772284
1695814404.881000 3.044209480 0.446383834 12.613208771 0.002954457 0.998975396 -0.007523707 0.044528693
1695814405.315000 3.055109024 0.446833849 12.492794991 0.004050590 0.998950005 -0.008192090 0.044893876
1695814405.754000 3.066944599 0.446657062 12.375308990 0.003685504 0.998961329 -0.008701331 0.044575244
1695814406.188000 3.078368664 0.445930898 12.261254311 0.002437316 0.998977423 -0.009047308 0.044230402
1695814406.476000 3.087714195 0.445851266 12.191093445 0.003170233 0.999035656 -0.006665798 0.043281116
1695814406.889000 3.082847118 0.447170764 12.127515793 -0.001319338 0.999931097 -0.008768133 0.007693994
1695814407.167000 3.097530127 0.446406841 12.018727303 0.004430259 0.999947369 -0.007787806 0.005004549
1695814407.436000 3.122611284 0.451922804 11.939890862 -0.006629441 -0.999931216 0.009676447 0.000266044
1695814407.704000 3.157990694 0.453875363 11.868727684 -0.009841224 -0.999855757 0.010703158 0.008778470
1695814407.969000 3.176071167 0.452671230 11.789609909 -0.011942577 -0.999782622 0.011238865 0.012875573
1695814408.236000 3.202374697 0.451452553 11.710357666 -0.015334880 -0.999621034 0.011035709 0.020022446
1695814408.499000 3.200382233 0.446745455 11.654459953 -0.016476640 -0.999585092 0.013146792 0.019629743
1695814408.765000 3.231769562 0.433930844 11.577139854 -0.015423059 -0.999452353 0.005802562 0.028697127
1695814409.445000 3.255986691 0.436450809 11.405594826 -0.018330198 -0.999087632 0.007799093 0.037776571
1695814409.901000 3.268583775 0.432435423 11.297440529 -0.020224227 -0.998814940 0.006543505 0.043782797
1695814410.571000 3.287745476 0.426720709 11.145609856 -0.024029827 -0.998239338 0.004545818 0.054038163
1695814411.246000 3.302315235 0.425166130 10.988032341 -0.024398977 -0.993797958 0.002443733 0.108463772
1695814411.918000 3.320900917 0.420999140 10.820018768 -0.027699552 -0.981967270 -0.002593643 0.186992690
1695814412.334000 3.286570072 0.434776545 10.715780258 -0.021183806 -0.951804817 -0.001506435 0.305968344
1695814412.701000 3.233112335 0.434897721 10.649237633 -0.014858522 -0.917699754 -0.005245144 0.396962017
1695814413.486000 3.104416847 0.438053727 10.518432617 -0.022779647 -0.910007179 0.001453000 0.413963646
1695814414.056000 3.016473770 0.443460763 10.440189362 -0.016965879 -0.891021907 -0.004318161 0.453622699
1695814414.476000 2.949593544 0.449380517 10.386837959 -0.020383580 -0.888839602 -0.005832653 0.457727700
1695814414.803000 2.898015022 0.452967644 10.351258278 -0.015668627 -0.876235843 -0.009088472 0.481541991
1695814415.116000 2.848757744 0.458170891 10.316469193 -0.020485600 -0.875389040 -0.000178822 0.482984811
