1695372510.988000 0.000000000 0.000000000 0.000000000 -0.000000000 -0.000000000 -0.000000000 1.000000000
1695372511.107000 -0.000084523 -0.000007404 0.023167482 0.000070360 0.000162020 -0.000161702 1.000000000
1695372511.346000 -0.000144583 -0.000027596 0.034253489 0.000130198 0.000219874 -0.000048959 1.000000000
1695372511.466000 0.000079175 -0.000282094 0.056522742 -0.000145397 0.000082531 -0.000153101 1.000000000
1695372511.589000 -0.000082723 -0.000170121 0.080211692 -0.000032132 0.000226743 -0.000211545 0.999999940
1695372511.709000 -0.000039381 -0.000192285 0.102855749 -0.000016247 0.000184886 -0.000220751 0.999999940
1695372511.830000 0.000010647 -0.000286585 0.125506982 -0.000050194 0.000225216 -0.000242867 0.999999940
1695372511.950000 0.000056334 -0.000189742 0.148027778 -0.000006449 0.000211158 -0.000337135 0.999999940
1695372512.072000 -0.000057493 -0.000239650 0.170485869 0.000057260 0.000337298 -0.000377020 0.999999881
1695372512.189000 -0.000073183 -0.000292632 0.192749664 0.000000763 0.000391169 -0.000390743 0.999999821
1695372512.311000 -0.000053286 -0.000151572 0.215202689 0.000148928 0.000442241 -0.000451926 0.999999821
1695372512.428000 0.000026729 -0.000213126 0.237079054 0.000140937 0.000368925 -0.000222142 0.999999940
1695372512.549000 0.000108994 -0.000344878 0.259366333 -0.000071428 0.000234571 -0.000219300 0.999999940
1695372512.666000 0.000270594 -0.000312833 0.281350374 0.000047747 0.000076503 -0.000268785 1.000000000
1695372512.786000 0.000458114 -0.000374880 0.303600311 0.000040784 0.000088774 -0.000200477 1.000000000
1695372512.907000 0.000461498 -0.000362178 0.325833499 0.000020003 -0.000045087 -0.000068899 1.000000000
1695372513.026000 0.000386101 -0.000345809 0.348158211 0.000153420 -0.000035883 0.000030048 1.000000000
1695372513.247000 0.000333977 -0.000230110 0.391193658 0.000183881 0.000157294 -0.000163039 1.000000000
1695372513.495000 0.000657020 -0.000140648 0.435608864 0.000228927 -0.000013829 -0.000090842 1.000000000
1695372513.734000 0.001076559 -0.000083258 0.479546964 0.000338769 -0.000175140 -0.000358056 0.999999881
1695372513.968000 0.000767971 0.000170570 0.522499979 0.000208159 -0.000266556 -0.000110386 0.999999940
1695372514.201000 0.000569259 0.000128674 0.565062165 0.000464765 -0.000080519 -0.000022991 0.999999881
1695372514.431000 0.000712189 0.000004091 0.607242048 0.000348007 -0.000161475 -0.000219667 0.999999940
1695372514.661000 0.000573339 -0.000220645 0.649297535 0.000209993 -0.000027738 -0.000162109 1.000000000
1695372514.892000 0.000251724 0.000072226 0.691414952 0.000515115 -0.000100114 -0.000201419 0.999999881
1695372515.119000 0.000613531 -0.000323079 0.732655704 0.000125583 -0.000435983 -0.000120202 0.999999881
1695372515.347000 -0.000197170 -0.000112602 0.774196029 0.000285186 0.000175127 -0.000235283 0.999999940
1695372515.574000 0.000313423 -0.000353438 0.814773321 -0.000048525 -0.000433393 -0.000211895 0.999999881
1695372515.805000 0.000058164 -0.000213420 0.856423438 0.000053877 -0.000025151 -0.000397791 0.999999940
1695372516.028000 -0.000047796 -0.000458668 0.897125781 0.000040955 0.000116883 -0.000321003 0.999999940
1695372516.250000 0.000146161 -0.000465145 0.938002586 0.000195965 -0.000044580 -0.000512847 0.999999881
1695372516.474000 0.000041813 -0.000664854 0.978873849 0.000066389 -0.000049466 -0.000105957 1.000000000
1695372516.700000 -0.000001074 -0.000373754 1.019625783 0.000149743 0.000037270 -0.000508780 0.999999881
1695372517.034000 -0.000210818 -0.000222462 1.080005527 0.000251981 0.000184023 -0.000472113 0.999999821
1695372517.370000 -0.000193277 -0.000355815 1.140605807 0.000342949 0.000137707 -0.000776386 0.999999642
1695372517.705000 -0.000020787 -0.000496780 1.201946139 0.000434935 -0.000126933 -0.000715952 0.999999642
1695372518.034000 -0.000229383 -0.000586983 1.262759566 0.000341472 0.000135130 -0.000660704 0.999999762
1695372518.360000 0.000337733 -0.001004075 1.322448850 0.000123753 0.000037919 -0.001007196 0.999999523
1695372518.707000 0.000132142 -0.001093518 1.384402394 0.000259452 0.000077558 -0.001029126 0.999999464
1695372519.275000 0.001393481 -0.001707528 1.487269998 0.000049195 -0.000465883 -0.000881500 0.999999523
1695372519.622000 0.001486659 -0.001629754 1.554761171 0.000117763 -0.000634074 -0.000875675 0.999999404
1695372519.947000 0.001235337 -0.001777121 1.614426970 0.000010232 0.008358774 -0.000654803 0.999964893
1695372520.522000 0.009077752 -0.001795548 1.720373154 0.000091736 0.060439795 -0.001004086 0.998171329
1695372520.851000 0.013553304 -0.001045407 1.779999375 0.000375452 0.096285976 -0.000705979 0.995353401
1695372521.509000 0.045255743 -0.001646218 1.895707011 0.000247779 0.155799791 -0.000795115 0.987788320
1695372521.943000 0.069629155 -0.001677387 1.971354008 0.000374581 0.155563444 -0.000530238 0.987825692
1695372522.260000 0.087700613 -0.001641841 2.026865959 0.000375725 0.155483365 -0.000436443 0.987838328
1695372522.578000 0.105797157 -0.002079173 2.082662582 0.000192760 0.172710434 -0.000279325 0.984972596
1695372522.907000 0.126412660 -0.002307392 2.138514042 0.000223590 0.181538537 -0.000293355 0.983383775
1695372523.226000 0.147128254 -0.002581985 2.193067312 -0.000109323 0.181512356 -0.000255540 0.983388662
1695372523.541000 0.167551041 -0.002400736 2.247251034 0.000131990 0.181588888 -0.000304168 0.983374476
1695372523.860000 0.187355831 -0.002192465 2.301487446 0.000130566 0.181931034 0.000010876 0.983311296
1695372524.173000 0.208070219 -0.002060851 2.355752468 0.000372302 0.181796536 0.000134375 0.983336091
1695372524.458000 0.226633340 -0.001855962 2.404971838 0.000593284 0.181720287 -0.000104426 0.983350098
1695372524.773000 0.246312916 -0.002072120 2.458710670 0.000518019 0.182053000 0.000216202 0.983288586
1695372525.088000 0.269026428 -0.002038047 2.511327744 0.000401723 0.224565551 0.000020660 0.974458933
1695372525.399000 0.293330342 -0.002547148 2.562123299 0.000160083 0.224638298 0.000179228 0.974442184
1695372525.711000 0.318206310 -0.002656544 2.612972975 0.000348869 0.224491134 0.000492459 0.974475980
1695372525.920000 0.335038036 -0.002897372 2.647309542 0.000087270 0.224427551 0.000579902 0.974490643
1695372526.125000 0.351209342 -0.002739362 2.680830002 0.000228681 0.224509224 0.000464915 0.974471807
1695372526.330000 0.367670536 -0.002811874 2.714592934 0.000235911 0.224452153 0.000531326 0.974484921
1695372526.532000 0.384113044 -0.002968924 2.748150110 0.000147527 0.224203348 0.000707812 0.974542141
1695372526.741000 0.400903642 -0.003196904 2.782150745 0.000193679 0.224041373 0.000370294 0.974579573
1695372527.050000 0.425364316 -0.003515519 2.832993507 0.000030616 0.224065080 0.000817038 0.974573851
1695372527.356000 0.448590815 -0.004144062 2.883429289 -0.000096774 0.224345103 0.000353985 0.974509716
1695372527.657000 0.471145272 -0.004384324 2.931781292 -0.000125948 0.224621028 0.000495990 0.974446058
1695372527.961000 0.492929161 -0.004828693 2.980932713 -0.000452710 0.225275189 0.000772633 0.974294782
1695372528.260000 0.520376980 -0.002472743 3.036871195 0.000544674 0.225075752 0.000040127 0.974341094
1695372528.579000 0.546629906 -0.002877359 3.090213299 0.000482668 0.224664614 0.000862894 0.974435687
1695372528.872000 0.569878340 -0.002550756 3.139204502 0.000583852 0.224743262 0.001186971 0.974417150
1695372529.170000 0.594479084 -0.002672801 3.189147472 0.000608957 0.224343956 0.001492372 0.974508703
1695372529.465000 0.619914234 -0.002752491 3.242082834 0.000493355 0.224260658 0.001587542 0.974527776
1695372529.776000 0.642886341 -0.002953199 3.290393353 0.000743788 0.224141106 0.001722468 0.974554956
1695372530.376000 0.688684225 -0.003270230 3.388479948 0.000703354 0.224412739 0.002723338 0.974490106
1695372530.677000 0.710539579 -0.002691159 3.434866905 0.000979762 0.224515915 0.002576823 0.974466503
1695372531.065000 0.742089748 -0.003197921 3.498083591 0.000710197 0.223924845 0.003099398 0.974601209
1695372531.373000 0.765276372 -0.003434923 3.547886610 0.000686590 0.224320799 0.003548313 0.974508703
1695372531.656000 0.787205338 -0.003469138 3.593400955 0.000701421 0.224409148 0.003941282 0.974486768
1695372531.943000 0.809252143 -0.003672181 3.638558865 0.000568222 0.224446893 0.003473341 0.974479973
1695372532.324000 0.840505898 -0.003278675 3.703035355 0.001052608 0.224485934 0.003779538 0.974469423
1695372532.602000 0.861883521 -0.003616714 3.747047901 0.000685566 0.224460438 0.003983780 0.974474847
1695372532.926000 0.884771347 -0.003719029 3.794856310 0.000548492 0.224608347 0.003781047 0.974441648
1695372533.221000 0.907866716 -0.003950198 3.841843843 0.000431321 0.224429429 0.004143231 0.974481463
1695372533.542000 0.933732212 -0.003542033 3.895786762 0.000876133 0.224553868 0.004032619 0.974452913
1695372533.854000 0.957698405 -0.003775851 3.945140123 0.000821655 0.224244148 0.004676932 0.974521458
1695372534.165000 0.981592417 -0.004224313 3.993940592 0.000692717 0.224171072 0.005094626 0.974536240
1695372534.499000 1.005635500 -0.004301496 4.042862892 0.000492049 0.224018827 0.005145211 0.974571109
1695372534.807000 1.030367732 -0.004119613 4.094081879 0.000888732 0.224023372 0.005086034 0.974570155
1695372535.132000 1.055050611 -0.004239594 4.144443035 0.000878416 0.223742485 0.005143681 0.974634349
1695372535.451000 1.078990221 -0.004200839 4.193948746 0.000858803 0.223779425 0.005397172 0.974624515
1695372535.942000 1.115496755 -0.004622540 4.268552780 0.000776296 0.223603889 0.005678892 0.974663258
1695372536.259000 1.138994098 -0.004535126 4.317572594 0.000891717 0.223392144 0.006084384 0.974709272
1695372536.579000 1.162227154 -0.004640060 4.366850853 0.000981660 0.223998636 0.005624379 0.974572778
1695372536.940000 1.189360142 -0.004577276 4.421739101 0.000948636 0.223575726 0.005798736 0.974668860
1695372537.256000 1.211413383 -0.004812618 4.469498634 0.000580981 0.224015355 0.006335573 0.974564850
1695372537.678000 1.241641521 -0.004334601 4.533778667 0.001103250 0.224261835 0.006194180 0.974508643
1695372537.988000 1.264436483 -0.004477883 4.580972195 0.000987903 0.224149302 0.006480861 0.974532783
1695372538.413000 1.290376186 -0.004310861 4.634611607 0.001267536 0.223956272 0.006838297 0.974574387
1695372538.812000 1.324286222 -0.004815310 4.706013680 0.000970958 0.224084288 0.007151132 0.974543035
1695372539.219000 1.354205728 -0.005044707 4.767667294 0.000950922 0.207010433 0.007126613 0.978312373
1695372539.524000 1.372478127 -0.005139156 4.815491676 0.000938296 0.181525454 0.007366968 0.983358264
1695372539.828000 1.390838861 -0.004707284 4.863021851 0.001365120 0.181175053 0.007257617 0.983423173
1695372540.126000 1.408885717 -0.005051964 4.909877300 0.001168481 0.180989802 0.007686363 0.983454287
1695372540.526000 1.433139801 -0.004800229 4.972912312 0.001530100 0.181089506 0.007227620 0.983438849
1695372540.918000 1.457199216 -0.004920943 5.032006264 0.001406628 0.180608079 0.006758520 0.983530939
1695372541.212000 1.474112868 -0.004737228 5.077849865 0.001674357 0.180774182 0.006613623 0.983500957
1695372541.580000 1.495566010 -0.005097891 5.134881020 0.001423515 0.180968210 0.006564727 0.983466029
1695372541.969000 1.518510342 -0.004994129 5.195615292 0.001703888 0.180802464 0.006470667 0.983496726
1695372542.257000 1.535473347 -0.005032159 5.240324020 0.001896146 0.180942327 0.006299221 0.983471751
1695372542.544000 1.552281499 -0.005190539 5.284453392 0.001769698 0.180571705 0.006757883 0.983537018
1695372542.833000 1.569817424 -0.005769471 5.329275608 0.001389911 0.180442974 0.006584000 0.983562410
1695372543.217000 1.591649771 -0.004761455 5.388051033 0.002091259 0.180663645 0.006643322 0.983520269
1695372543.589000 1.612908244 -0.005188770 5.445253849 0.002051454 0.180909023 0.006842598 0.983473897
1695372543.873000 1.629671097 -0.005198177 5.489190578 0.002005733 0.181038231 0.006679352 0.983451307
1695372544.155000 1.649696589 -0.005267456 5.530667305 0.001775105 0.240601242 0.006588421 0.970600128
1695372544.517000 1.678139687 -0.004977342 5.583785057 0.001754461 0.240409881 0.006551203 0.970647812
1695372544.795000 1.698882341 -0.005038366 5.623919487 0.001838449 0.240390569 0.006639517 0.970651865
1695372545.066000 1.719680190 -0.005025338 5.663681507 0.001856315 0.240328133 0.006653370 0.970667183
1695372545.337000 1.740152001 -0.004959341 5.702097893 0.001945984 0.240463942 0.006516834 0.970634282
1695372545.605000 1.760608196 -0.005026564 5.739645958 0.001895865 0.240173310 0.006055144 0.970709324
1695372545.874000 1.779875755 -0.005116209 5.778643131 0.001884029 0.240853921 0.005423928 0.970544398
1695372546.141000 1.799897671 -0.005403526 5.816234589 0.001524883 0.240763694 0.006041579 0.970563829
1695372546.409000 1.820269108 -0.005208832 5.854180336 0.001816699 0.240639642 0.005540156 0.970597088
1695372546.765000 1.844791412 -0.005345639 5.906696796 0.001884898 0.241591334 0.005336998 0.970361590
1695372547.392000 1.898550868 -0.005418959 5.984164238 0.000906191 0.239818394 0.003399572 0.970811367
1695372547.734000 1.924943089 -0.006010182 6.028611660 0.000636553 0.213670984 0.003196291 0.976900280
1695372548.092000 1.940992355 -0.007817670 6.091204643 0.001156104 0.146795422 0.003311036 0.989160717
1695372548.452000 1.952756763 -0.006994677 6.147819042 0.001826632 0.034023706 0.003077624 0.999414623
1695372548.833000 1.947197080 -0.006925087 6.208608150 0.002374872 -0.140668556 0.003308281 0.990048349
1695372549.109000 1.930847526 -0.006654663 6.250956535 0.002930424 -0.218325302 0.002790850 0.975867629
1695372549.383000 1.911005259 -0.006578231 6.290918350 0.003186690 -0.217886284 0.002793964 0.975964963
1695372549.564000 1.898560047 -0.007010608 6.316938400 0.003016086 -0.251983732 0.003053688 0.967721939
1695372549.749000 1.881959915 -0.006990316 6.341520309 0.003404181 -0.293453902 0.002889461 0.955962837
1695372550.025000 1.857177615 -0.007594867 6.377996445 0.003061595 -0.293520629 0.002670142 0.955944121
1695372550.310000 1.831205487 -0.007770238 6.416320801 0.003355737 -0.301925868 0.002958777 0.953320920
1695372550.500000 1.812160254 -0.008721904 6.439288616 0.002887786 -0.351382852 0.003019302 0.936222553
1695372550.784000 1.781335115 -0.008948254 6.474113941 0.003247538 -0.350951999 0.002595713 0.936384261
1695372550.881000 1.771283388 -0.008821500 6.486451149 0.003447719 -0.359347790 0.002894717 0.933192849
1695372551.065000 1.749444962 -0.009600957 6.506517887 0.003333729 -0.407245636 0.002743824 0.913308442
1695372551.345000 1.716671586 -0.009848228 6.536885738 0.003260123 -0.407697201 0.003019990 0.913106382
1695372551.531000 1.694387913 -0.010077753 6.556982994 0.003276998 -0.407829285 0.003125584 0.913046956
1695372551.652000 1.681080341 -0.010124030 6.568935394 0.003423896 -0.407817721 0.003291782 0.913051069
1695372551.833000 1.658840656 -0.010333780 6.588906765 0.003481060 -0.407849193 0.003561314 0.913035750
1695372552.013000 1.637487173 -0.010819703 6.608030796 0.003164975 -0.407995790 0.003601467 0.912971199
1695372552.199000 1.615688562 -0.010879070 6.627553940 0.003183135 -0.408020884 0.003965676 0.912958443
1695372552.386000 1.594036341 -0.011576536 6.647120476 0.002855112 -0.408120960 0.003667550 0.912916064
1695372552.570000 1.572762251 -0.011916975 6.666403294 0.002719184 -0.408352911 0.003755360 0.912812412
1695372552.910000 1.532936335 -0.012549818 6.701190948 0.002344333 -0.408047765 0.004075390 0.912948489
1695372553.220000 1.496019602 -0.012907290 6.733733177 0.002264240 -0.407854766 0.004497713 0.913032949
1695372553.401000 1.475151062 -0.013243207 6.752504826 0.002225313 -0.407993525 0.004646068 0.912970364
1695372553.581000 1.453711510 -0.013721017 6.771210670 0.002223676 -0.447532028 0.004649111 0.894253075
1695372553.765000 1.429471016 -0.013937380 6.787946701 0.002396868 -0.470897496 0.004806382 0.882171631
1695372553.952000 1.405026436 -0.014232496 6.804250240 0.002481185 -0.470811576 0.004613583 0.882218242
1695372554.133000 1.380382299 -0.014720064 6.818677425 0.002381102 -0.508672178 0.004510882 0.860945165
1695372554.316000 1.355492592 -0.014730311 6.832516193 0.002733262 -0.508716285 0.004845848 0.860916197
1695372554.492000 1.331463337 -0.015133271 6.846045494 0.002322323 -0.509002328 0.004953250 0.860747755
1695372554.671000 1.307139874 -0.015607960 6.859268188 0.002125760 -0.508820832 0.004617429 0.860857427
1695372554.853000 1.282257795 -0.015831158 6.873138905 0.002019569 -0.509026647 0.004805703 0.860734999
1695372555.037000 1.257456064 -0.016002283 6.886754990 0.002236171 -0.508839726 0.004835896 0.860844791
1695372555.304000 1.221775532 -0.016568346 6.906442642 0.001905601 -0.509054184 0.005567699 0.860714376
1695372555.563000 1.186614513 -0.016704552 6.926149845 0.002523297 -0.509191811 0.005219948 0.860633552
1695372555.844000 1.148450136 -0.017341072 6.946934700 0.001840842 -0.509180725 0.005219268 0.860641897
1695372556.098000 1.113690376 -0.017601475 6.965814590 0.001894180 -0.508945465 0.005739409 0.860777617
1695372556.352000 1.079974413 -0.018079532 6.984675884 0.001785401 -0.509177566 0.005548464 0.860641778
1695372556.605000 1.045336723 -0.018565269 7.003629208 0.001561324 -0.509295404 0.005971808 0.860569656
1695372556.866000 1.010761976 -0.019232737 7.022661686 0.001240751 -0.509201229 0.005940025 0.860626101
1695372557.121000 0.976860046 -0.019989884 7.041552067 0.000825299 -0.509606600 0.006051165 0.860385895
1695372557.376000 0.942180157 -0.020340120 7.060113430 0.000802691 -0.509216547 0.006260980 0.860615313
1695372557.628000 0.908059359 -0.020664293 7.078554153 0.001091314 -0.508986056 0.006141797 0.860752225
1695372557.883000 0.873535872 -0.021292180 7.097307205 0.000504404 -0.509135485 0.006443565 0.860662162
1695372558.134000 0.838284016 -0.021757245 7.113656521 0.001212186 -0.567529678 0.006309303 0.823327899
1695372558.385000 0.803269863 -0.022275291 7.127120972 0.001208712 -0.567541778 0.006153980 0.823320687
1695372558.668000 0.762782574 -0.022740813 7.142622948 0.001189012 -0.567495406 0.005905072 0.823354602
1695372558.920000 0.726798534 -0.022790195 7.156654358 0.001636236 -0.596327722 0.006164242 0.802715838
1695372559.175000 0.690000534 -0.023170479 7.167306900 0.001802505 -0.603379309 0.005864339 0.797430754
1695372559.427000 0.652838230 -0.023631198 7.177815437 0.001501535 -0.603539646 0.006096967 0.797308207
1695372559.680000 0.618175507 -0.024045885 7.187723637 0.001403058 -0.603578031 0.006120125 0.797279298
1695372560.178000 0.596709728 -0.024136646 7.193942070 0.001576102 -0.603718996 0.006243915 0.797171235
1695372560.426000 0.560893536 -0.024719041 7.203965664 0.001417029 -0.603579998 0.006098048 0.797277868
1695372560.919000 0.548811913 -0.024789015 7.207517147 0.001662657 -0.637961745 0.006136762 0.770041823
1695372561.269000 0.524302006 -0.024913577 7.212320328 0.001975551 -0.638110876 0.005946079 0.769918978
1695372561.603000 0.504411697 -0.025264150 7.216072559 0.001861843 -0.638001859 0.005878914 0.770010173
1695372561.938000 0.474785805 -0.025726844 7.221754551 0.001942665 -0.638105452 0.005679881 0.769925594
1695372562.272000 0.431839466 -0.026080245 7.229119778 0.001977368 -0.664530277 0.005947222 0.747235060
1695372562.550000 0.394913673 -0.026721932 7.233465672 0.001620363 -0.664555490 0.005802535 0.747214735
1695372562.817000 0.371682644 -0.026890732 7.236442089 0.001995904 -0.671189129 0.005844006 0.741260469
1695372563.014000 0.341954231 -0.027453408 7.238470554 0.001894784 -0.684077740 0.005488568 0.729385972
1695372563.192000 0.339384556 -0.027464332 7.238729477 0.001961428 -0.715343773 0.005497270 0.698748350
1695372563.401000 0.323236465 -0.027924333 7.236644268 0.002042080 -0.767939568 0.004886532 0.640500426
1695372563.588000 0.295449257 -0.027642367 7.230006695 0.003603461 -0.789510906 0.004946633 0.613706052
1695372563.777000 0.267572403 -0.027907345 7.222990990 0.003354545 -0.794966996 0.005207747 0.606621087
1695372563.879000 0.252879143 -0.028097626 7.218425751 0.003872039 -0.815469563 0.004980131 0.578765571
1695372563.990000 0.236742973 -0.028353002 7.212603569 0.004270001 -0.835516930 0.004521510 0.549429536
1695372564.347000 0.229927063 -0.036971927 7.232583046 -0.035935331 -0.883831918 0.005633433 0.466388315
