1698060316.314000 0.000000000 0.000000000 0.000000000 -0.000000000 -0.000000000 -0.000000000 1.000000000
1698060316.456000 -0.000407435 0.000713400 0.046003874 0.000507724 0.000007069 0.000383475 0.999999821
1698060317.173000 -0.002269760 0.004316839 0.276016474 0.000759472 0.000084869 0.001571799 0.999998510
1698060317.592000 -0.002811837 0.006351054 0.419172436 0.001807227 -0.000201882 0.001803016 0.999996722
1698060317.877000 -0.004524483 0.008633655 0.517747104 -0.000057004 0.000243579 0.002128109 0.999997735
1698060318.153000 -0.004544601 0.008494438 0.617060423 0.004630629 -0.000387647 0.006034133 0.999970973
1698060318.580000 -0.006460991 0.012057585 0.768596947 -0.001069093 -0.000573959 0.001423602 0.999998271
1698060318.996000 -0.007490253 0.014218253 0.913094342 0.000901110 -0.000613669 0.001440518 0.999998391
1698060319.405000 -0.010464439 0.016517218 1.052718520 0.000227000 -0.000151905 0.001401064 0.999998987
1698060320.096000 -0.011764741 0.019213907 1.285927534 0.000314786 -0.000133917 0.002273620 0.999997377
1698060320.773000 -0.012556841 0.023338452 1.506315231 0.002365310 0.004419634 -0.001404135 0.999986470
1698060321.316000 -0.001413880 0.026472241 1.678466320 0.000556466 0.023210697 -0.000796179 0.999730170
1698060321.949000 0.019873276 0.028422546 1.851238608 0.001973898 0.055310514 -0.000903255 0.998466849
1698060322.510000 0.039594725 0.030951828 2.045339346 0.004396180 0.055157520 0.001748078 0.998466492
1698060323.072000 0.051917717 0.031131178 2.250403166 0.008057399 0.025247397 0.012742022 0.999567568
1698060323.600000 0.019781161 0.037231065 2.441251278 -0.009060581 -0.046561487 0.003468185 0.998868346
1698060324.111000 0.010259961 0.040342610 2.614260674 -0.000349118 -0.026574790 0.005660758 0.999630749
1698060324.748000 0.001888938 0.041303102 2.830928564 0.006480629 -0.014315840 -0.005568252 0.999861062
1698060325.260000 -0.003287239 0.044194382 3.000377655 0.000645382 -0.011315936 0.003096790 0.999930978
1698060325.886000 0.006198558 0.046726774 3.207581758 -0.000308896 0.015034278 0.006226828 0.999867558
1698060326.525000 0.010937369 0.048872229 3.422216415 0.003577098 0.015107553 0.006625656 0.999857545
1698060327.032000 0.016634224 0.051715039 3.598623991 0.001312151 0.014505812 0.006593405 0.999872208
1698060327.536000 0.020506663 0.054023188 3.782201290 0.003421665 0.014931915 0.005704907 0.999866426
1698060328.034000 0.024634341 0.058889192 3.967159510 -0.005236723 0.014726094 0.002872907 0.999873757
1698060328.672000 0.031484529 0.060646493 4.209099293 -0.000119440 0.014758333 0.005378254 0.999876618
1698060329.162000 0.041132394 0.063623056 4.402489185 0.003010409 0.014094743 0.004301473 0.999886930
1698060329.531000 0.040943559 0.068029985 4.539030075 0.001058468 0.014498332 0.004536847 0.999884069
1698060330.031000 0.043111861 0.069247656 4.723915100 0.001408116 0.014686259 0.003129103 0.999886274
1698060330.636000 0.047972791 0.072681397 4.953175545 0.003055516 0.014728433 0.003286436 0.999881506
1698060331.119000 0.047238890 0.074946582 5.139329910 0.001672171 0.007563298 0.006716681 0.999947429
1698060331.637000 0.049941346 0.075771369 5.337455273 0.000967421 0.007256672 0.005289706 0.999959230
1698060332.227000 0.047279436 0.078796305 5.568898678 0.001014066 0.000287214 0.004644108 0.999988675
1698060332.680000 0.047752388 0.081516720 5.741994381 0.001925726 -0.000185579 0.003911120 0.999990463
1698060333.257000 0.045192849 0.084033072 5.953623772 0.001781277 0.000306735 0.005558951 0.999982893
1698060333.786000 0.042179953 0.086099222 6.148294926 0.001556527 0.000442497 0.006219685 0.999979377
1698060334.530000 0.040458601 0.090663992 6.414836884 0.001165948 -0.000290323 0.004578814 0.999988794
1698060335.228000 0.037231300 0.092620924 6.657200813 0.001057073 -0.000343690 0.006256660 0.999979794
1698060335.786000 0.035433259 0.094888210 6.851477623 0.002308270 -0.000500442 0.007350214 0.999970198
1698060336.455000 0.033196356 0.098042838 7.077159882 0.002447825 -0.000664780 0.007529644 0.999968469
1698060337.113000 0.031078452 0.102859184 7.300981998 -0.000669412 -0.000191258 0.006105627 0.999981105
1698060337.862000 0.020642150 0.103485800 7.545685291 0.002935417 -0.018058572 0.000746333 0.999832392
1698060338.659000 0.041281540 0.105523862 7.794140816 0.004437470 0.031743232 -0.000309311 0.999486208
1698060339.096000 0.048481487 0.107260391 7.942523479 0.000794426 0.032923814 0.001008830 0.999457061
1698060339.533000 0.058594774 0.109140590 8.100873947 0.002377279 0.033074781 0.001133362 0.999449432
1698060339.855000 0.062007602 0.110677160 8.218806267 0.004940066 0.021309711 0.007725460 0.999730885
1698060340.090000 0.065237232 0.110761434 8.301656723 0.001772119 0.020585587 0.004771090 0.999775112
1698060340.413000 0.071068875 0.113102175 8.423464775 0.003704804 0.020080918 0.004732216 0.999780297
1698060340.737000 0.075891264 0.113917105 8.542393684 0.002176164 0.020163920 0.002399381 0.999791443
1698060341.073000 0.079615660 0.115840212 8.667494774 0.001062510 0.020550914 0.004604703 0.999777615
1698060341.499000 0.084785469 0.118490964 8.820335388 0.000922093 0.020726513 0.004109418 0.999776304
1698060341.851000 0.089744061 0.118604235 8.945761681 0.002334649 0.020816652 0.005110742 0.999767542
1698060342.192000 0.094213285 0.120398417 9.063953400 0.001733933 0.020871773 0.005104831 0.999767601
1698060342.550000 0.098631553 0.122295506 9.188231468 0.002279839 0.020740503 0.005008578 0.999769747
1698060342.898000 0.102757894 0.123479351 9.306328773 0.001882456 0.020539744 0.005080966 0.999774337
1698060343.355000 0.106505930 0.125671670 9.454659462 0.003047102 0.019134887 0.004069502 0.999803960
1698060343.710000 0.107083462 0.125452355 9.576451302 0.001356284 0.011192026 0.001579178 0.999935210
1698060344.078000 0.108003944 0.126357093 9.693740845 0.002271068 0.011592447 0.003576087 0.999923825
1698060344.553000 0.111224584 0.128153712 9.845179558 0.002520401 0.011015843 0.004250900 0.999927104
1698060344.893000 0.112462662 0.129031688 9.955978394 0.002328581 0.011213963 0.004504907 0.999924302
1698060345.369000 0.113423631 0.130887508 10.104772568 0.003156292 0.008381079 0.005507904 0.999944746
1698060345.721000 0.112415105 0.131356373 10.216262817 0.002659241 0.002334669 0.005093422 0.999980807
1698060346.063000 0.111946248 0.132127449 10.325243950 0.001172559 0.002234048 0.002263122 0.999994278
1698060346.416000 0.112302355 0.133817419 10.432083130 0.000537205 0.002000797 0.002066161 0.999995768
1698060346.753000 0.112595327 0.134720415 10.538097382 0.002181381 0.001810595 0.004293152 0.999986768
1698060347.099000 0.113549814 0.135655865 10.640056610 0.002025263 0.001155985 0.004431473 0.999987483
1698060347.448000 0.113097936 0.136781245 10.741222382 0.001897897 0.001095774 0.005276804 0.999983668
1698060347.787000 0.112099312 0.138571367 10.840004921 0.002138670 0.001445750 0.005900811 0.999979258
1698060348.243000 0.111901045 0.139609218 10.973927498 0.002292652 0.000915912 0.006184373 0.999977827
1698060348.592000 0.109204896 0.140738457 11.071917534 0.001846173 0.001387050 0.004814898 0.999985754
1698060348.930000 0.108730242 0.142228499 11.165537834 0.001088578 0.001339593 0.003489308 0.999992430
1698060349.263000 0.108850390 0.142986268 11.257541656 0.002518363 0.001169325 0.005111871 0.999983072
1698060349.596000 0.108559094 0.144541070 11.348309517 0.001548669 0.001127769 0.006142705 0.999979317
1698060350.029000 0.106902175 0.145807281 11.469707489 0.003031163 0.001153150 0.006984599 0.999970376
1698060350.374000 0.106601194 0.147298202 11.563170433 0.002108736 0.001112893 0.007024993 0.999972463
1698060350.696000 0.105823874 0.147918418 11.654853821 0.002721382 0.001115561 0.007573899 0.999966979
1698060351.032000 0.105671071 0.149163485 11.745376587 0.002230099 0.000954599 0.007775524 0.999966860
1698060351.350000 0.104629181 0.150420815 11.832767487 0.002111903 0.000911755 0.005997438 0.999979377
1698060351.676000 0.103947647 0.151913926 11.920378685 0.001952779 0.000879304 0.004291124 0.999988496
1698060352.181000 0.102918759 0.152445123 12.045102119 0.004058036 0.001167880 0.005768069 0.999974489
1698060352.617000 0.103415035 0.153569758 12.162154198 0.002334662 0.000805188 0.006854535 0.999973476
1698060353.046000 0.102229610 0.154590905 12.276983261 0.002663225 0.000928501 0.006825193 0.999972761
1698060353.469000 0.100722179 0.155060142 12.389303207 0.004166077 0.001248256 0.007053991 0.999965668
1698060353.907000 0.099644937 0.156639025 12.506356239 0.002109298 0.001160811 0.007582248 0.999968350
1698060354.347000 0.098970525 0.157598913 12.623564720 0.002506719 0.001022651 0.005243567 0.999982595
1698060354.665000 0.098450437 0.159561113 12.709631920 -0.000714586 0.000873031 0.003592754 0.999992907
1698060355.227000 0.097836547 0.160374984 12.855850220 0.003181189 0.001044832 0.002886574 0.999990225
1698060355.527000 0.096822485 0.161074802 12.934188843 0.006518560 0.001147480 0.004083634 0.999969780
1698060356.031000 0.095734596 0.163648859 13.063123703 -0.000635324 0.001104948 -0.000017194 0.999999225
1698060356.438000 0.094501659 0.165209174 13.166972160 0.002565904 0.001210642 -0.000891618 0.999995589
1698060356.847000 0.093426213 0.165241271 13.269350052 0.008426744 0.001471161 -0.001766602 0.999961853
1698060357.154000 0.093365990 0.166288435 13.354915619 0.005869893 0.001569834 -0.003099293 0.999976754
1698060357.552000 0.092602164 0.169062063 13.465622902 -0.000902398 0.002186941 0.000406251 0.999997139
1698060357.866000 0.093020208 0.168276489 13.552669525 0.009202001 0.002160507 0.004057526 0.999947131
1698060358.268000 0.092166923 0.170069203 13.661960602 0.000898206 0.002822899 0.009524518 0.999950230
1698060358.676000 0.091928333 0.171686381 13.772662163 0.000555253 0.002334038 0.003603453 0.999990642
1698060359.092000 0.091254309 0.171970382 13.880955696 0.005434996 0.002444384 -0.001218055 0.999981523
1698060359.516000 0.090835340 0.172847167 13.992851257 0.002700339 0.002564016 -0.001334185 0.999992192
1698060360.049000 0.090727299 0.174029678 14.126360893 0.002776007 0.002906895 0.001428900 0.999990880
1698060360.473000 0.089813158 0.176046759 14.232603073 0.000641513 0.003314917 0.000694370 0.999994099
1698060360.991000 0.089279689 0.177135974 14.360743523 0.002743088 0.003698375 -0.000019814 0.999989450
1698060361.419000 0.084994480 0.177947268 14.474528313 0.009184352 -0.008443848 0.000536586 0.999922037
1698060361.837000 0.080509983 0.180383354 14.592589378 0.000855731 -0.012207272 0.002022891 0.999923110
1698060362.261000 0.077418067 0.181576982 14.710007668 0.002973946 -0.007561152 0.001254445 0.999966204
1698060362.904000 0.103169590 0.183469787 14.882696152 0.003841103 0.057732824 0.005219697 0.998311043
1698060363.341000 0.114211768 0.184477985 14.997733116 0.003301508 0.058384318 0.004923380 0.998276591
1698060363.764000 0.119247533 0.185474202 15.111633301 0.003661631 0.029031366 0.013169645 0.999485075
1698060364.180000 0.116624184 0.186132103 15.219264984 0.004427031 0.013529396 0.005847093 0.999881625
1698060364.595000 0.119402669 0.185051709 15.326846123 0.011456135 0.013520394 0.007165079 0.999817312
1698060365.003000 0.121599868 0.187811092 15.433341026 0.001742918 0.013582083 0.005451292 0.999891400
1698060365.505000 0.124459408 0.188535154 15.564311028 0.004529571 0.013583369 0.005363470 0.999883115
1698060366.112000 0.130696893 0.189815119 15.714839935 0.003820848 0.024125518 0.006140050 0.999682784
1698060366.604000 0.133595869 0.191488132 15.836544037 0.004337490 0.017356962 0.007027443 0.999815285
1698060367.213000 0.137478217 0.192170888 15.988431931 0.005801151 0.017526874 0.006834506 0.999806225
1698060367.629000 0.139801085 0.193241060 16.093238831 0.005165392 0.017783480 0.007706532 0.999798834
1698060368.137000 0.143304721 0.194042727 16.222635269 0.003487897 0.017664919 0.004943092 0.999825656
1698060368.739000 0.147449479 0.195162743 16.369783401 0.004346450 0.017842127 0.005155682 0.999818087
1698060369.265000 0.150936812 0.195787936 16.498786926 0.004467668 0.017948335 0.005317373 0.999814808
1698060369.763000 0.153912649 0.197370797 16.622386932 0.005357177 0.018169854 0.005362121 0.999806166
1698060370.290000 0.157277614 0.198532671 16.751008987 0.004279234 0.018222665 0.007414598 0.999797285
1698060370.805000 0.152001068 0.198715687 16.876192093 0.005255964 -0.004610570 0.008032386 0.999943316
1698060371.305000 0.148739204 0.199637949 16.994340897 0.004783862 -0.004083049 0.004237988 0.999971271
1698060371.815000 0.147262707 0.200629070 17.110460281 0.005020632 -0.004184169 0.005735188 0.999962211
1698060372.438000 0.143823192 0.200256199 17.250045776 0.004637497 -0.003967446 0.005859518 0.999964237
1698060373.039000 0.141635343 0.201541409 17.384883881 0.005781543 -0.003801238 0.005531772 0.999960780
1698060373.740000 0.138448775 0.201952115 17.537607193 0.004399210 -0.003465376 0.006561090 0.999962807
1698060374.451000 0.135997802 0.203162417 17.686769485 0.004720750 -0.003403371 0.005058950 0.999970317
1698060375.347000 0.145801902 0.204569384 17.868814468 0.004888454 0.035935596 0.003151784 0.999337196
1698060376.271000 0.164293975 0.205575019 18.046094894 0.004417612 0.066626288 -0.000841090 0.997767866
1698060377.065000 0.202102706 0.207249045 18.194385529 0.000266104 0.105169132 0.006385724 0.994433820
1698060378.065000 0.292004704 0.210708380 18.349645615 0.000758480 0.246198863 0.012900254 0.969133198
1698060378.786000 0.379786968 0.212398544 18.441333771 -0.000078458 0.353726953 -0.000969841 0.935348272
1698060379.248000 0.446621895 0.214092627 18.482704163 -0.001085531 0.429288894 -0.000344152 0.903166533
1698060379.624000 0.504421234 0.214828908 18.507747650 -0.002508211 0.489441723 -0.001874523 0.872030437
1698060379.903000 0.546277046 0.215345711 18.520389557 -0.003436433 0.530297458 -0.003343082 0.847798109
1698060380.197000 0.592091560 0.215033025 18.529422760 0.003678859 0.572049022 -0.000832229 0.820210814
1698060380.696000 0.669183731 0.216396883 18.534294128 0.000012403 0.640818894 0.002716039 0.767687261
1698060381.237000 0.754005432 0.218427658 18.543807983 0.001962275 0.655495226 0.006645690 0.755167544
1698060381.825000 0.840625763 0.219561875 18.543640137 0.004636353 0.687255502 0.005862846 0.726377308
1698060382.497000 0.937913895 0.221363187 18.549938202 0.004295124 0.687492847 0.005858132 0.726154923
1698060383.101000 1.028221130 0.223112658 18.548526764 0.000804174 0.707818389 0.002999447 0.706387639
1698060383.977000 1.151849747 0.224581897 18.539949417 0.008323827 0.716435969 0.005366080 0.697582543
1698060384.903000 1.293733597 0.227206051 18.563283920 0.005545384 0.669419110 0.005070818 0.742846966
1698060385.619000 1.438917160 0.229074180 18.581218719 0.005070630 0.669263601 0.000223109 0.743007720
1698060386.328000 1.610353470 0.232764438 18.601600647 0.001348159 0.669749618 -0.002682840 0.742581010
1698060386.860000 1.737026215 0.235514194 18.617191315 -0.004674933 0.669281840 -0.001247354 0.742992938
1698060387.561000 1.898719788 0.238481477 18.635911942 -0.003941994 0.669671893 -0.001386336 0.742645442
1698060388.084000 2.015206337 0.240792155 18.648998260 -0.004027472 0.669907212 -0.001640095 0.742432117
1698060388.792000 2.165184021 0.242111266 18.657592773 -0.003612015 0.692231417 -0.000959430 0.721665919
1698060389.425000 2.283622742 0.244504005 18.663549423 -0.003346300 0.691562116 -0.000037282 0.722309232
1698060389.982000 2.396787643 0.247275770 18.662508011 -0.007069888 0.717418313 -0.005084016 0.696588218
1698060390.572000 2.512390137 0.249318749 18.659027100 -0.004761296 0.719954312 -0.002393121 0.694001019
1698060391.358000 2.638504028 0.251818627 18.656129837 -0.006239303 0.720694423 -0.001183308 0.693223774
1698060392.718000 2.824745178 0.254627705 18.650278091 -0.004463380 0.720977306 -0.001696191 0.692942321
1698060393.867000 2.975914001 0.257155150 18.627990723 -0.005367749 0.777894497 -0.006781745 0.628335416
1698060394.727000 3.056137085 0.257130563 18.585802078 -0.010574721 0.838099301 -0.004533830 0.545396388
1698060395.373000 3.102123260 0.259525955 18.546808243 -0.005496308 0.872666419 0.002296473 0.488280594
1698060396.043000 3.141309738 0.261706889 18.504405975 -0.005438707 0.903344631 0.001472124 0.428878486
1698060396.756000 3.179111481 0.265347183 18.456125259 -0.004541422 0.929356694 -0.002250253 0.369148344
1698060397.492000 3.206167221 0.264132768 18.404926300 -0.005917027 0.951083302 -0.008444841 0.308762401
1698060397.978000 3.221042633 0.263917148 18.369771957 -0.007060152 0.963454068 -0.007868801 0.267665058
1698060398.471000 3.231920242 0.265051633 18.332246780 -0.007637772 0.973968863 -0.004958937 0.226498842
1698060399.179000 3.241831779 0.263955355 18.277439117 -0.003321563 0.986058056 -0.008095944 0.166171491
1698060399.849000 3.245798111 0.263683766 18.223123550 -0.004164328 0.994203091 -0.009959942 0.106975339
1698060400.464000 3.242904663 0.263621926 18.169435501 -0.002287206 0.998734832 -0.009118685 0.049400635
1698060401.024000 3.244154453 0.263183773 18.116487503 0.001509631 0.999330461 -0.010340210 0.035063598
1698060401.592000 3.249361515 0.262359798 18.054019928 0.001467520 0.999267638 -0.012957772 0.035973724
1698060402.150000 3.254232883 0.260905117 17.988693237 0.003191373 0.999211490 -0.017105343 0.035687614
1698060402.717000 3.259705067 0.261629522 17.920585632 0.003381389 0.999265850 -0.007487402 0.037420411
1698060403.472000 3.267765045 0.260723054 17.827411652 0.003423012 0.999125779 -0.013450673 0.039433490
1698060404.215000 3.277924061 0.259644479 17.717706680 0.003526875 0.999113441 -0.012314150 0.040103462
1698060404.972000 3.289837360 0.259485960 17.580831528 0.002500000 0.999038041 -0.012725043 0.041889954
1698060405.775000 3.303385258 0.259388924 17.423845291 -0.000816806 0.999034286 -0.008836008 0.043031503
1698060406.663000 3.299445629 0.258835435 17.272121429 0.006402158 -0.999737263 0.009237817 0.019977724
1698060407.509000 3.298559666 0.257567376 17.099521637 -0.001430984 0.999951661 -0.009150265 0.003307533
1698060408.380000 3.301809072 0.257014871 16.920948029 -0.003206517 0.999930739 -0.009962057 0.005389248
1698060409.284000 3.302998304 0.256074011 16.729595184 0.006342670 -0.999931514 0.008942800 0.004102339
1698060409.942000 3.300941467 0.255263597 16.584341049 0.004891554 -0.999924779 0.009919463 0.005302568
1698060410.815000 3.298682690 0.255288064 16.391853333 0.005018468 -0.999940574 0.009158083 0.003126796
1698060411.696000 3.300504923 0.255479038 16.198776245 0.002188682 -0.999939799 0.010174736 0.003487967
1698060412.305000 3.299685717 0.254893184 16.077606201 0.003830322 -0.999925852 0.011210187 0.002817485
1698060412.960000 3.300969601 0.254186690 15.932972908 0.004737268 -0.999931395 0.010325720 0.002861806
1698060413.356000 3.303037882 0.254091024 15.848379135 0.003829880 -0.999929607 0.010564676 0.003802493
1698060414.010000 3.302259922 0.253875107 15.707408905 0.003683774 -0.999936104 0.010175692 0.003270737
1698060414.637000 3.301518202 0.253342897 15.569873810 0.002640187 -0.999937654 0.010387302 0.003148208
1698060415.296000 3.302225351 0.251511395 15.434616089 0.000499535 -0.999920964 0.012114479 0.003333628
1698060415.951000 3.302800417 0.251192868 15.301755905 0.003674229 -0.999920547 0.011734627 0.002788416
1698060416.582000 3.304077148 0.250364810 15.167644501 0.003280942 -0.999938488 0.010033599 0.003403299
1698060417.633000 3.305022240 0.249489635 14.951433182 0.002585330 -0.999930918 0.010719504 0.004067396
1698060418.269000 3.305338621 0.248614877 14.826788902 0.000754679 -0.999935448 0.010473225 0.004338230
1698060418.922000 3.305830002 0.247645617 14.705748558 0.001253411 -0.999935925 0.010362033 0.004385548
1698060419.549000 3.308236122 0.250849545 14.585766792 0.003084653 -0.999913156 0.011801939 0.004996118
1698060420.186000 3.306436300 0.248513311 14.469022751 0.002467294 -0.999922812 0.011193356 0.004804372
1698060421.404000 3.305424213 0.243942365 14.239430428 0.000638056 -0.999931693 0.010595661 0.004896142
1698060422.014000 3.304672718 0.243492156 14.125732422 0.001909614 -0.999917805 0.011474419 0.005397088
1698060422.615000 3.304922342 0.242213503 14.014303207 0.001948278 -0.999889016 0.013885843 0.005039252
1698060423.210000 3.304321289 0.240507424 13.903330803 0.004193664 -0.999872923 0.014615620 0.004797748
1698060423.811000 3.304538965 0.241737470 13.795363426 0.003126984 -0.999961793 0.005774104 0.005773769
1698060424.409000 3.304760695 0.240119219 13.690809250 0.001501131 -0.999897778 0.013060600 0.005619787
1698060425.001000 3.303573370 0.238873824 13.581515312 0.000536203 -0.999878347 0.013834173 0.007190556
1698060425.398000 3.300145149 0.238862157 13.508173943 0.003099304 -0.999658108 0.009107684 0.024313560
1698060425.993000 3.294802189 0.239141881 13.406999588 0.001655151 -0.999514461 0.008525752 0.029925069
1698060426.549000 3.287584782 0.237724721 13.304553986 0.001516237 -0.999466419 0.009628862 0.031174662
1698060427.124000 3.281403780 0.237915605 13.194941521 -0.002315057 -0.999424875 0.009395397 0.032499965
1698060427.683000 3.274959564 0.235280007 13.080651283 -0.000205530 -0.999371409 0.015317057 0.031971719
1698060428.230000 3.269117355 0.234506428 12.959478378 -0.000006627 -0.999369800 0.011017403 0.033744778
1698060428.797000 3.262204647 0.234548464 12.844358444 -0.002335893 -0.999341071 0.009964895 0.034823224
1698060429.337000 3.254715919 0.234306782 12.734169960 -0.001572386 -0.999327481 0.013651297 0.033997297
1698060429.889000 3.247086763 0.233719274 12.626501083 0.000737630 -0.999382198 0.010999728 0.033371951
1698060430.605000 3.237330675 0.232423335 12.486846924 -0.000803723 -0.999396443 0.010908732 0.032971814
1698060431.144000 3.231783390 0.231680959 12.384886742 -0.001162730 -0.999367833 0.011007410 0.033784695
1698060431.503000 3.228085995 0.231532753 12.317708969 -0.001344973 -0.999354422 0.011542250 0.033997294
1698060432.043000 3.221561432 0.230730683 12.215263367 -0.002073371 -0.999351978 0.010919007 0.034236111
1698060432.557000 3.215672255 0.230721548 12.115251541 -0.002625201 -0.999320269 0.012063735 0.034736976
1698060433.080000 3.209410429 0.229192361 12.017021179 -0.002757180 -0.999313951 0.013155843 0.034511231
1698060433.616000 3.203441858 0.229009748 11.913993835 -0.002884758 -0.999323606 0.011317486 0.034869708
1698060434.146000 3.196555138 0.228260756 11.813713074 -0.004320531 -0.999350727 0.011112541 0.034000009
1698060434.672000 3.190638065 0.227594554 11.714048386 -0.005593772 -0.999404848 0.011301420 0.032108080
1698060435.214000 3.192816734 0.226533234 11.615244865 -0.004757091 -0.999905109 0.011536761 0.005834677
1698060435.809000 3.192509651 0.225757599 11.511430740 -0.004652695 -0.999927342 0.009671342 0.005493063
1698060436.348000 3.192030907 0.224710822 11.411809921 -0.004617854 -0.999885082 0.013419838 0.005336782
1698060436.880000 3.191097260 0.224404931 11.313344955 -0.004577961 -0.999920249 0.010884603 0.004487462
1698060437.421000 3.191355705 0.223386601 11.216701508 -0.003962234 -0.999919534 0.011193555 0.004466570
1698060437.952000 3.189018250 0.223204911 11.122441292 -0.003186522 -0.999874115 0.011398004 0.010567437
1698060438.484000 3.187777519 0.222676635 11.031031609 -0.003274140 -0.999872386 0.011609873 0.010478863
1698060439.028000 3.186566591 0.221836165 10.941071510 -0.003602720 -0.999876738 0.011222494 0.010375357
1698060439.738000 3.184006453 0.221541166 10.820825577 -0.004283409 -0.999924541 0.006122509 0.009752103
1698060440.444000 3.181548119 0.219900742 10.701045990 -0.003522774 -0.999868393 0.013127633 0.008855782
1698060441.138000 3.179777145 0.218576491 10.556036949 -0.002991046 -0.999867857 0.013698459 0.008232094
1698060441.827000 3.177985191 0.218757883 10.384998322 -0.002315536 -0.999906600 0.011055523 0.007697437
1698060442.583000 3.177515030 0.216778979 10.222617149 -0.003786118 -0.999889016 0.012467170 0.007225119
1698060443.259000 3.176326275 0.215586796 10.065066338 -0.002803192 -0.999896646 0.011446245 0.008237840
1698060443.956000 3.175697327 0.214289293 9.908411980 -0.002225096 -0.999905348 0.010842501 0.008175877
1698060444.962000 3.174930096 0.212083161 9.680418968 -0.002652984 -0.999901235 0.011499797 0.007632477
1698060445.460000 3.174284458 0.211366192 9.569993019 -0.004234510 -0.999867618 0.013908174 0.007306554
1698060446.286000 3.173760653 0.210203171 9.389028549 -0.008978570 -0.999879956 0.010901522 0.006375744
1698060446.943000 3.172913074 0.210115969 9.248404503 -0.007313593 -0.999888241 0.011798055 0.005557197
1698060447.587000 3.169447660 0.208128974 9.115257263 -0.008888448 -0.999820888 0.012874563 0.010652979
1698060448.237000 3.167028666 0.206674233 8.975933075 -0.009459029 -0.999807119 0.011145486 0.013117403
1698060448.895000 3.168851376 0.206861779 8.831809044 0.016006254 0.999781370 -0.003288240 0.013044044
1698060449.571000 3.180802822 0.204176068 8.689554214 0.005668177 0.999347806 -0.014926786 0.032390244
1698060450.222000 3.180380106 0.203177571 8.556917191 0.004221159 0.999884903 -0.012617823 0.007294644
1698060450.880000 3.170318842 0.201694176 8.433972359 -0.002606025 -0.999204874 0.010490973 0.038377509
1698060451.804000 3.169839144 0.200549424 8.257889748 -0.003385093 -0.999916673 0.010692483 0.006394819
1698060452.431000 3.169517279 0.199976683 8.133870125 -0.004055412 -0.999915004 0.010581229 0.006455774
1698060453.055000 3.169280529 0.199059397 8.008027077 -0.005343044 -0.999897420 0.011384771 0.006852299
1698060453.525000 3.169032574 0.199783579 7.911465168 -0.006601215 -0.999943495 0.004772741 0.006830557
1698060453.993000 3.170193911 0.198352590 7.817399025 -0.004722071 -0.999925256 0.011170723 0.001554669
1698060454.459000 3.170547962 0.197792977 7.721854210 -0.003468079 -0.999916434 0.012399604 0.001188698
1698060454.916000 3.170975685 0.196793377 7.627318382 -0.004612638 -0.999925137 0.011290619 0.001017418
1698060455.429000 3.171465635 0.195751578 7.529685497 -0.005001409 -0.999942303 0.009420848 0.001257044
1698060455.885000 3.172229290 0.195346594 7.432007790 -0.006035015 -0.999911308 0.011796579 0.001353693
1698060456.363000 3.171923399 0.194292665 7.333003998 -0.007739808 -0.999901295 0.011688495 0.000942471
1698060456.850000 3.172421694 0.194330454 7.228486061 -0.005040788 -0.999948144 0.008816721 0.000810342
1698060457.444000 3.173056126 0.193497479 7.098788261 -0.005573921 -0.999930501 0.010342533 0.000975973
1698060457.892000 3.173693895 0.192829683 7.004153252 -0.005850101 -0.999930501 0.010181803 0.001101227
1698060458.505000 3.175296068 0.191930205 6.878831863 -0.007210078 -0.999913514 0.010919157 0.001343918
1698060458.946000 3.175903797 0.190791428 6.789721966 -0.010340902 -0.999875963 0.011832341 0.001075440
1698060459.385000 3.183000565 0.190218702 6.706966877 -0.008712781 -0.999915838 0.009253041 0.002612445
1698060459.823000 3.179511070 0.189759433 6.616612434 -0.007800131 -0.999918520 0.009989403 0.001520533
1698060460.262000 3.179359436 0.189615548 6.532182693 -0.008206780 -0.999916315 0.009900997 0.001409159
1698060460.837000 3.179705620 0.188930660 6.422338486 -0.008821747 -0.999912024 0.009801360 0.001473563
1698060461.270000 3.180148840 0.188607186 6.340780735 -0.009419156 -0.999902308 0.010193026 0.001674482
1698060461.700000 3.180350542 0.187927634 6.261819839 -0.009024124 -0.999907196 0.010096570 0.001497252
1698060462.137000 3.180536509 0.186902881 6.182859421 -0.009124366 -0.999854743 0.014308200 0.001601827
1698060462.561000 3.180774450 0.187172472 6.103971004 -0.007249577 -0.999943376 0.007591321 0.001736285
1698060463.135000 3.181415796 0.187000006 5.999206543 -0.007581041 -0.999920368 0.009855703 0.002150679
1698060463.568000 3.181769848 0.186246932 5.921093941 -0.007219150 -0.999921978 0.009889660 0.002485189
1698060464.413000 3.180840731 0.185947031 5.773036480 -0.007102067 -0.999922097 0.009960217 0.002478401
1698060465.114000 3.181622744 0.184610322 5.653123379 -0.005185138 -0.999947369 0.008291751 0.003094760
1698060465.668000 3.181519270 0.184663340 5.560314178 -0.002488347 -0.999908686 0.012910371 0.003123391
1698060466.222000 3.182307959 0.183930472 5.469125748 -0.003242240 -0.999929547 0.010839975 0.003596957
1698060466.644000 3.182532310 0.183186889 5.399559975 -0.003682936 -0.999924123 0.010716551 0.004840040
1698060467.201000 3.181395292 0.183559120 5.306250095 -0.005497127 -0.999841213 0.010759882 0.013101040
1698060467.745000 3.178839922 0.181351155 5.212046623 -0.009852441 -0.999679327 0.018731987 0.013904385
1698060468.314000 3.174804926 0.181006640 5.112780094 -0.006808365 -0.999610782 0.010362899 0.024991650
1698060468.710000 3.171229601 0.182700962 5.044277668 -0.009492357 -0.999519825 0.001916716 0.029435256
1698060469.263000 3.165553331 0.182438999 4.941895962 -0.007126881 -0.999527693 0.007672834 0.028891737
1698060469.779000 3.157411575 0.182132706 4.846853256 -0.005212320 -0.998981357 0.007869872 0.044126619
1698060470.283000 3.149812222 0.182179540 4.752015591 -0.003411797 -0.998936951 0.011316204 0.044556670
1698060470.662000 3.143878460 0.182444304 4.677829266 -0.005630476 -0.998919725 0.008582606 0.045321453
1698060471.164000 3.135077000 0.182357758 4.573572636 -0.009106979 -0.998868585 0.009517835 0.045695081
1698060471.675000 3.131964445 0.181333244 4.468723774 -0.012307631 -0.999606013 0.010253337 0.023049323
1698060472.218000 3.128148794 0.180755615 4.367968559 -0.010571858 -0.999621630 0.011003903 0.022886368
1698060472.749000 3.122641087 0.180848613 4.260198116 -0.010803504 -0.999643981 0.010073924 0.022221431
1698060473.286000 3.121724367 0.180360004 4.151255131 -0.013445785 -0.999792337 0.010184690 0.011438350
1698060473.804000 3.121762753 0.180081382 4.046862125 -0.007732194 -0.999862134 0.010969501 0.009782280
1698060474.242000 3.120596170 0.179729208 3.957293510 -0.008913771 -0.999854207 0.010601794 0.009989426
1698060474.778000 3.119651079 0.178450152 3.849008083 -0.010437416 -0.999849916 0.009868727 0.009686036
1698060475.283000 3.118121624 0.177881762 3.750805855 -0.010626814 -0.999845326 0.009980582 0.009839656
1698060475.850000 3.115046024 0.176933825 3.643017292 -0.011372459 -0.999840260 0.010817013 0.008552359
1698060476.421000 3.114397764 0.176124588 3.536315918 -0.010033614 -0.999864340 0.009745325 0.008699168
1698060476.947000 3.113381624 0.175631613 3.440373421 -0.008869000 -0.999840498 0.012785336 0.008767595
1698060477.543000 3.112844467 0.174936593 3.332052708 -0.010526555 -0.999861658 0.008893325 0.009320443
1698060477.994000 3.110907078 0.174417496 3.253741503 -0.011493811 -0.999839962 0.010351388 0.008988701
1698060478.596000 3.108642578 0.173213661 3.148738384 -0.012612901 -0.999838173 0.009842982 0.008230715
1698060479.264000 3.107464552 0.173098788 3.036620617 -0.012645586 -0.999835014 0.010211742 0.008113004
1698060479.856000 3.106695890 0.172832161 2.935253620 -0.009871298 -0.999888539 0.007734851 0.008100479
1698060480.391000 3.106070518 0.172685847 2.844642401 -0.010399860 -0.999848247 0.011303857 0.008226619
1698060480.975000 3.104675770 0.172137439 2.747072697 -0.012029797 -0.999852061 0.009314621 0.008027840
1698060481.529000 3.104223967 0.171876609 2.655119419 -0.012910623 -0.999835610 0.010049311 0.007816680
1698060482.100000 3.102831841 0.171596333 2.564447165 -0.013688550 -0.999826968 0.010123086 0.007495706
1698060482.673000 3.101872444 0.171379983 2.479480028 -0.013437861 -0.999827623 0.010619335 0.007165907
1698060483.250000 3.100915194 0.171495974 2.398437262 -0.011509120 -0.999876499 0.008365537 0.006683014
1698060483.794000 3.115784883 0.170513481 2.323622704 0.016467651 0.997375548 -0.010808418 0.069671094
1698060484.572000 3.140038729 0.168761805 2.234938622 0.010847519 0.991998792 -0.012532451 0.125154614
1698060485.009000 3.171916485 0.168960080 2.182781458 0.010026867 0.977802038 -0.010260370 0.209039271
1698060485.487000 3.213160276 0.168298468 2.135449409 0.011120808 0.955813944 -0.010098187 0.293588221
1698060485.846000 3.248776674 0.167237699 2.104967833 0.016242415 0.934507668 -0.012108773 0.355366021
1698060486.236000 3.288436174 0.165004402 2.077645302 0.028943662 0.911167324 -0.014855523 0.410750180
1698060486.647000 3.330960035 0.165688351 2.056272745 0.022644322 0.883470535 -0.005278218 0.467909425
1698060487.091000 3.376053095 0.165498704 2.043157816 0.025396891 0.842120826 0.007661041 0.538636208
1698060487.524000 3.419861794 0.162906945 2.029640675 0.010727209 0.823511899 -0.019091487 0.566876173
1698060488.184000 3.482866526 0.161331460 2.005739450 0.009269282 0.823064506 -0.019777188 0.567527771
1698060488.838000 3.544387102 0.159589767 1.985602379 0.008341516 0.818016529 -0.021281257 0.574740350
1698060489.689000 3.620841980 0.157288671 1.968003750 0.006403069 0.800266027 -0.023536718 0.599148870
1698060490.301000 3.674276829 0.156007424 1.952194691 0.006899170 0.801245034 -0.021546921 0.597908497
1698060490.912000 3.724303007 0.154555127 1.935484648 0.008630961 0.809592307 -0.020264067 0.586579263
1698060491.782000 3.793052435 0.152841747 1.909201384 0.013326406 0.819218814 -0.014935934 0.573131621
1698060492.437000 3.842907429 0.151149601 1.891597986 0.013869775 0.819310606 -0.013708310 0.573018193
