1698029469.931000 0.000000000 0.000000000 0.000000000 -0.000000000 -0.000000000 -0.000000000 1.000000000
1698029470.134000 0.000021711 0.000675355 0.026190922 -0.000020036 -0.000189255 -0.000003773 1.000000000
1698029470.339000 -0.000323036 0.001365283 0.056210823 0.000052947 -0.000147590 0.000008925 1.000000000
1698029470.744000 -0.000872521 0.003482534 0.120901868 -0.003068103 -0.000209551 -0.000268345 0.999995232
1698029471.450000 -0.001775058 0.006842860 0.247083724 -0.004686975 -0.000597991 -0.000250019 0.999988794
1698029471.775000 -0.008618372 0.007571677 0.309034348 -0.002756455 -0.025723113 0.006335865 0.999645233
1698029472.115000 -0.021471383 0.007296364 0.372498304 0.006578045 -0.050572213 0.000372190 0.998698711
1698029472.556000 -0.031721298 0.010563773 0.463670343 -0.006809017 -0.050363086 -0.000400837 0.998707712
1698029473.001000 -0.041394852 0.011872898 0.555066764 -0.001550060 -0.050633751 -0.000258106 0.998716056
1698029473.435000 -0.051535744 0.013928537 0.646681964 -0.002722207 -0.050627816 -0.000014211 0.998713911
1698029473.878000 -0.061062261 0.015179274 0.740568936 -0.002287438 -0.050944645 0.000705993 0.998698652
1698029474.331000 -0.071373723 0.017210994 0.833218992 -0.002298184 -0.050925881 0.000738918 0.998699546
1698029474.779000 -0.081028163 0.019490523 0.926885903 -0.002425472 -0.051244833 0.000678440 0.998682976
1698029475.295000 -0.092111446 0.021951096 1.030411839 -0.005073979 -0.051515199 0.000757858 0.998659015
1698029475.857000 -0.104230262 0.023666833 1.141312361 -0.000759177 -0.051355138 -0.000239315 0.998680174
1698029476.405000 -0.115457222 0.026689699 1.246894836 -0.004459598 -0.051999617 0.000376534 0.998637080
1698029476.950000 -0.127512589 0.028154138 1.352651596 -0.000079436 -0.051988069 -0.000595616 0.998647511
1698029477.607000 -0.144306421 0.031907361 1.495619416 -0.002668670 -0.051981147 -0.000098885 0.998644471
1698029478.304000 -0.159169748 0.034591421 1.633070588 -0.002001330 -0.052595027 0.001348082 0.998613000
1698029478.934000 -0.174371824 0.038043533 1.769545555 -0.002740599 -0.052770432 0.000590770 0.998602748
1698029479.568000 -0.191705614 0.041429617 1.922401547 -0.004352054 -0.053189781 0.000725629 0.998574674
1698029480.424000 -0.220207751 0.047236819 2.156146765 -0.002504723 -0.053227421 -0.000131847 0.998579264
1698029481.159000 -0.238138676 0.049902670 2.363995790 -0.002688378 -0.054426447 0.001191648 0.998513460
1698029481.874000 -0.275239289 0.053080555 2.586820602 -0.005210830 -0.068035156 0.005084005 0.997656405
1698029482.589000 -0.316522568 0.060613479 2.792055607 0.000075134 -0.089269564 0.004026084 0.995999336
1698029483.192000 -0.342948616 0.064291663 2.958573818 -0.001580688 -0.090600640 0.001595162 0.995884776
1698029483.796000 -0.224023551 0.081137970 3.043897390 0.002272199 -0.115899213 -0.000510436 0.993258238
1698029484.410000 -0.254293919 0.083311699 3.152387857 0.002724214 -0.114665166 -0.000595799 0.993400276
1698029485.011000 -0.278492510 0.085737005 3.259109974 0.000995370 -0.115270317 -0.000168745 0.993333638
1698029486.134000 -0.324855179 0.087301835 3.447652102 0.005495875 -0.115273625 -0.000539229 0.993318439
1698029486.938000 -0.356714875 0.088858150 3.582404375 0.005102096 -0.115753137 -0.001383339 0.993263960
1698029487.334000 -0.372524530 0.090607755 3.648188114 -0.002819886 -0.115791552 -0.000584446 0.993269384
1698029487.633000 -0.383945167 0.091238461 3.695778131 0.001521969 -0.116004974 -0.000647496 0.993247271
1698029488.035000 -0.399739474 0.091329992 3.761361837 0.006924456 -0.116203390 0.000086578 0.993201315
1698029488.338000 -0.411776572 0.091941215 3.809809685 0.002572154 -0.116312951 -0.001504345 0.993208170
1698029488.532000 -0.419748634 0.091939352 3.840965271 0.006341547 -0.116419926 -0.003518751 0.993173599
1698029488.828000 -0.431589007 0.092266388 3.890014172 0.006899318 -0.116645813 -0.003217652 0.993144393
1698029489.137000 -0.444156051 0.092656575 3.940488338 0.004279241 -0.115985341 -0.001371124 0.993240774
1698029489.437000 -0.455585748 0.093291000 3.988262892 0.001857933 -0.115880013 -0.000076707 0.993261516
1698029489.748000 -0.467535198 0.094933383 4.038242817 -0.006491717 -0.114286914 -0.000400922 0.993426502
1698029490.142000 -0.482432961 0.094428755 4.100921631 0.010148842 -0.110739410 0.000969941 0.993797183
1698029490.540000 -0.497469485 0.094961718 4.167146206 0.003649341 -0.111024812 -0.001397317 0.993809998
1698029490.951000 -0.514105201 0.094879486 4.237143993 0.009372995 -0.111045763 0.000278590 0.993771076
1698029491.339000 -0.530560672 0.096579604 4.307836056 0.001121844 -0.110988528 -0.001722169 0.993819594
1698029491.746000 -0.548040926 0.096932277 4.381120205 0.005441491 -0.111258544 -0.000346085 0.993776560
1698029492.151000 -0.565772176 0.097373903 4.454560757 0.003711405 -0.111092076 -0.000282145 0.993803203
1698029492.542000 -0.582343042 0.097779199 4.524227142 0.003949999 -0.111268021 -0.000047047 0.993782580
1698029492.951000 -0.599577367 0.099013761 4.596209526 0.002583488 -0.111531645 0.000551450 0.993757367
1698029493.352000 -0.616706967 0.099934861 4.666320801 0.003476619 -0.111561775 0.000951736 0.993750989
1698029493.855000 -0.637151957 0.099938571 4.753010273 0.002116706 -0.111676060 -0.000322200 0.993742347
1698029494.352000 -0.657914937 0.100686103 4.836825371 0.004574583 -0.111331992 0.002425213 0.993769825
1698029494.957000 -0.681454897 0.101664804 4.936171055 0.004181826 -0.111671768 0.002531376 0.993733108
1698029495.576000 -0.703475237 0.101897232 5.035347939 0.003785179 -0.101379387 -0.000772260 0.994840324
1698029496.285000 -0.724662662 0.103326946 5.150008678 0.003685083 -0.093771607 0.002845882 0.995582879
1698029496.892000 -0.744160950 0.104568481 5.250448227 0.002943287 -0.094192438 0.001794043 0.995548069
1698029497.505000 -0.764546394 0.105470270 5.351274490 0.005703004 -0.094177537 0.002638442 0.995535612
1698029498.107000 -0.784682751 0.106111303 5.451140881 0.004096313 -0.094475396 0.002499254 0.995515645
1698029498.702000 -0.804561913 0.107405171 5.548980713 0.001920720 -0.094344519 0.002643445 0.995534241
1698029499.208000 -0.820966423 0.107921004 5.631453037 0.002448385 -0.094631575 0.002569495 0.995506048
1698029499.809000 -0.840387106 0.109151535 5.726646423 0.003118975 -0.094780378 0.002710653 0.995489657
1698029500.301000 -0.855831206 0.109284453 5.804571629 0.004104170 -0.094941691 0.003024859 0.995469809
1698029500.712000 -0.868794382 0.109590895 5.868437290 0.006099195 -0.095108196 0.003025037 0.995443702
1698029501.207000 -0.885446072 0.110267766 5.948529720 0.003365321 -0.095195316 0.003262083 0.995447576
1698029501.708000 -0.901063323 0.111189015 6.030509472 0.002956284 -0.095769458 0.003704870 0.995392263
1698029502.316000 -0.920966864 0.112631701 6.128733635 0.001030452 -0.095978983 0.003117040 0.995377958
1698029502.803000 -0.934140623 0.113162592 6.207620144 0.004082682 -0.086489193 0.003187471 0.996239364
1698029503.218000 -0.946583748 0.113590658 6.271703720 0.003399294 -0.096894257 0.005978308 0.995270967
1698029503.709000 -0.965919793 0.114220135 6.348453999 0.003971646 -0.109444603 0.002901850 0.993980706
1698029504.113000 -0.974363923 0.114903197 6.409364223 0.003940633 -0.073997252 -0.004664215 0.997239769
1698029504.515000 -0.977923334 0.115676001 6.470165253 0.001352282 -0.048898332 0.003204976 0.998797715
1698029505.021000 -0.978912532 0.115692459 6.544368744 0.009166599 -0.012923307 -0.000439370 0.999874413
1698029505.464000 -0.980616689 0.116308965 6.601346970 0.003357845 -0.013316561 0.003078422 0.999900997
1698029505.961000 -0.982475281 0.117656320 6.673693657 -0.000710024 -0.012254637 0.001511132 0.999923527
1698029506.423000 -0.973662853 0.118487865 6.734551907 0.002678595 0.041530427 0.001069447 0.999133050
1698029506.915000 -0.963277876 0.118811809 6.803164005 0.005284577 0.072772078 -0.005325525 0.997320414
1698029507.317000 -0.940990150 0.120242380 6.852111340 -0.001513012 0.151024416 -0.005798536 0.988511860
1698029507.825000 -0.919870496 0.119890869 6.918627739 0.005723862 0.153375119 -0.007215086 0.988125145
1698029508.232000 -0.891687930 0.120485723 6.963757038 0.001643601 0.228263527 -0.016083159 0.973465145
1698029508.646000 -0.856930077 0.120449610 7.001486301 0.005852730 0.308969975 -0.011846377 0.950980008
1698029509.206000 -0.802890539 0.118784525 7.041535854 0.011733600 0.411730736 -0.011668534 0.911155283
1698029509.648000 -0.755515814 0.118083395 7.064202309 0.010718007 0.488404870 -0.011216035 0.872479260
1698029510.243000 -0.689476013 0.117413506 7.085161209 0.010730409 0.561961472 -0.004859046 0.827079535
1698029511.019000 -0.606819630 0.117666036 7.108165741 0.003738354 0.613177538 -0.013027574 0.789828837
1698029512.029000 -0.508137703 0.116640881 7.126380920 0.007878499 0.634310663 -0.008303128 0.772993505
1698029512.619000 -0.451461792 0.116088264 7.138447285 0.008948415 0.634353161 -0.008831684 0.772941113
1698029513.370000 -0.373713970 0.115516931 7.154973507 0.009199868 0.634271741 -0.008742256 0.773006082
1698029513.989000 -0.306557655 0.114953190 7.168848038 0.008085988 0.634032667 -0.008141183 0.773221135
1698029514.619000 -0.240415573 0.114390895 7.182201385 0.006437041 0.633472919 -0.008901148 0.773686945
1698029515.194000 -0.179029942 0.114450634 7.196032047 0.006400886 0.633204401 -0.009856864 0.773895383
1698029516.088000 -0.080166340 0.113415040 7.217024803 0.007426576 0.633250892 -0.007618659 0.773873448
1698029516.742000 -0.008017063 0.112510659 7.231601715 0.007879488 0.632954419 -0.007527603 0.774112403
1698029517.402000 0.066666126 0.112374827 7.247890472 0.008274720 0.633018434 -0.007484674 0.774056315
1698029518.236000 0.162859440 0.111110307 7.269314766 0.010918402 0.633065104 -0.009030689 0.773968875
1698029519.055000 0.268226624 0.110190019 7.290905952 0.012256755 0.632590055 -0.011480610 0.774304748
1698029519.703000 0.357323170 0.110678732 7.309514046 0.006812632 0.633399606 -0.003677896 0.773786187
1698029520.797000 0.502986431 0.109664157 7.340749741 0.009576384 0.632953882 -0.008801914 0.774080217
1698029521.665000 0.623156071 0.107866481 7.366945267 0.010228457 0.632607877 -0.007767934 0.774365783
1698029522.304000 0.710401058 0.109029859 7.388226032 0.001732368 0.621755838 -0.002098110 0.783206403
1698029523.111000 0.820053101 0.107000783 7.420875072 0.008927932 0.611784697 -0.009509348 0.790916860
1698029523.703000 0.904396534 0.106839314 7.445698738 0.006402898 0.613580883 -0.007901434 0.789566398
1698029524.312000 0.990320206 0.105752446 7.461780548 0.003642156 0.646025717 -0.010575871 0.763233721
1698029525.185000 1.108642101 0.104227364 7.480696678 0.011539198 0.649815023 -0.007905835 0.759963632
1698029525.624000 1.172803879 0.104448497 7.492581367 0.006046285 0.648245573 -0.006680130 0.761378050
1698029526.226000 1.260234356 0.104063302 7.516986847 0.006276803 0.617402494 -0.010839752 0.786547720
1698029526.813000 1.344409943 0.103038743 7.537590027 0.007400949 0.617676556 -0.012437557 0.786299050
1698029527.436000 1.430426121 0.102460578 7.559534073 0.008044448 0.617135465 -0.012408024 0.786718011
1698029528.010000 1.517780066 0.101822972 7.581838608 0.007239355 0.621756673 -0.011833555 0.783087611
1698029528.415000 1.576348782 0.101403929 7.592852592 0.006320814 0.635192275 -0.009320360 0.772271931
1698029529.019000 1.663765907 0.101594500 7.611175060 0.006043451 0.635922194 -0.009206110 0.771674633
1698029529.627000 1.752251625 0.100792319 7.629265785 0.006165209 0.635931909 -0.009283237 0.771664739
1698029530.229000 1.840993166 0.099825174 7.648256302 0.006531429 0.636881530 -0.010273936 0.770865560
1698029530.826000 1.927079916 0.099465683 7.664851189 0.007183435 0.636849642 -0.009703936 0.770893455
1698029531.417000 2.009639025 0.098371305 7.681499958 0.007305259 0.637302399 -0.010092282 0.770513117
1698029532.010000 2.090736628 0.097300656 7.698172092 0.007877581 0.638128340 -0.010767607 0.769814491
1698029532.596000 2.169168949 0.097116478 7.713017464 0.006728145 0.637919128 -0.009871594 0.770010769
1698029533.178000 2.243485212 0.096968845 7.729616165 0.006802462 0.639474273 -0.009592474 0.768722594
1698029533.950000 2.338435411 0.096842915 7.750598907 0.008462780 0.628896534 -0.009388885 0.777386248
1698029534.487000 2.403390646 0.092395969 7.770574570 0.004807876 0.608646393 -0.009199609 0.793373704
1698029535.079000 2.470191956 0.093950585 7.773452759 0.002793532 0.681126058 -0.018231422 0.731933832
1698029535.873000 2.537320137 0.092969611 7.755730629 0.001625644 0.770326614 -0.015157537 0.637467384
1698029536.556000 2.583890915 0.094002917 7.732239246 0.003929432 0.827533603 -0.008436116 0.561339021
1698029537.282000 2.621775627 0.092543870 7.701110840 -0.000180139 0.876466393 -0.002006992 0.481458843
1698029537.775000 2.645692825 0.092848614 7.677339554 0.000356370 0.904365718 -0.002904484 0.426748216
1698029538.291000 2.667498589 0.093698367 7.650863647 0.002863760 0.928298712 -0.008513482 0.371726871
1698029539.026000 2.695460320 0.094532244 7.610676765 0.007457613 0.943491220 -0.006247036 0.331254750
1698029539.510000 2.717972755 0.094081536 7.582085133 0.007137817 0.943841159 -0.007208882 0.330243856
1698029539.986000 2.735033035 0.093521409 7.557709694 0.007434180 0.947756052 -0.010353504 0.318741292
1698029540.463000 2.748049736 0.093259014 7.530011177 0.006438561 0.965243518 -0.009612298 0.261096120
1698029541.114000 2.762185574 0.093170524 7.483971596 0.012070703 0.980368376 -0.007685776 0.196654692
1698029541.962000 2.786775112 0.092223421 7.424400330 0.013194053 0.980138361 -0.013149935 0.197438031
1698029542.565000 2.804611683 0.092390485 7.376046181 0.008761641 0.984138012 -0.008995197 0.176959798
1698029543.153000 2.817918777 0.092058927 7.327231407 0.010637134 0.988030970 -0.007192433 0.153720647
1698029543.713000 2.825784206 0.092866398 7.279023647 -0.000866209 0.994675756 -0.001790489 0.103035182
1698029544.238000 2.835433006 0.092139170 7.229419708 0.007654805 0.994976163 -0.011710367 0.099130109
1698029544.811000 2.847963333 0.092321500 7.170581341 0.003785416 0.995015085 -0.006687118 0.099427961
1698029545.609000 2.865085602 0.091613293 7.087420464 0.003733555 0.994964540 -0.006779430 0.099928655
1698029546.477000 2.887887001 0.091756269 6.998188972 0.004059153 0.992215216 -0.007706194 0.124230199
1698029547.194000 2.906002522 0.091601551 6.922771454 0.000448807 0.993582904 -0.007546634 0.112853110
1698029548.071000 2.926600456 0.091252543 6.820442677 0.004096935 0.994997501 -0.009344004 0.099377848
1698029548.741000 2.942455769 0.091247909 6.741202831 0.001490734 0.994936168 -0.007729797 0.100200258
1698029549.410000 2.960037231 0.091566071 6.659896851 0.002801629 0.994967282 -0.007674688 0.099866748
1698029550.071000 2.976828098 0.091247164 6.577672005 0.003013631 0.994962037 -0.008433323 0.099851377
1698029550.525000 2.988785267 0.091289319 6.521846771 0.004998771 0.994960725 -0.009590194 0.099680983
1698029550.908000 2.998775005 0.090889558 6.472761631 0.005932370 0.994969428 -0.008707280 0.099623501
1698029551.554000 3.017409801 0.090615958 6.390393257 0.003409717 0.994781911 -0.007515898 0.101689979
1698029551.994000 3.032748222 0.090225786 6.338105202 0.004673582 0.991678417 -0.007969571 0.128407896
1698029552.670000 3.053124428 0.090637021 6.261327267 0.002705463 0.992411137 -0.008045205 0.122670867
1698029553.325000 3.067151070 0.090324759 6.184992313 0.004737875 0.994820714 -0.008561053 0.101173669
1698029553.969000 3.082787037 0.089649178 6.111847878 0.007471486 0.994858384 -0.008891407 0.100607559
1698029554.613000 3.099048138 0.089656211 6.042982578 0.004777927 0.994925141 -0.006462237 0.100296579
1698029555.240000 3.112901211 0.089362323 5.974296570 0.005199811 0.994883060 -0.007888230 0.100590304
1698029555.869000 3.127898216 0.089644730 5.906051159 0.005864050 0.994927824 -0.007534028 0.100137301
1698029556.498000 3.146242142 0.089560650 5.839607239 0.007430543 0.992352188 -0.008015295 0.122954100
1698029557.139000 3.163454533 0.089317799 5.774353027 0.006602831 0.992366374 -0.009281375 0.122797437
1698029557.780000 3.180150986 0.089157969 5.710838318 0.007579649 0.992264688 -0.006055790 0.123760857
1698029558.426000 3.197273254 0.089504093 5.649271965 0.006271760 0.992268503 -0.008198788 0.123679668
1698029559.042000 3.207728863 0.089323819 5.588195801 0.005263372 0.995961308 -0.008277381 0.089245938
1698029560.425000 3.224198341 0.087568939 5.455920696 0.006900900 0.998761654 -0.007538716 0.048689783
1698029561.122000 3.222299099 0.089194007 5.388889790 -0.004709552 -0.999875009 0.006869265 0.013442108
1698029561.794000 3.224076748 0.089192301 5.322498798 0.014112057 0.999785364 -0.005979158 0.013940896
1698029562.339000 3.231294632 0.088909507 5.270737648 0.014345959 0.998861969 -0.009261057 0.044532642
1698029562.890000 3.240965843 0.089462973 5.212612629 0.017980846 0.997152746 -0.006954793 0.072901994
1698029563.458000 3.251738548 0.088920765 5.149178028 0.011151181 0.996924996 -0.009280805 0.077007510
1698029564.020000 3.261461735 0.088462740 5.085970402 0.012676430 0.996900439 -0.010785545 0.076893061
1698029564.415000 3.271987915 0.088551745 5.040414333 0.021545809 0.993948638 -0.004614951 0.107613526
1698029564.980000 3.286829472 0.088218182 4.978435993 0.017792568 0.993484616 -0.003878051 0.112502106
1698029565.572000 3.302792072 0.087837353 4.914571762 0.015279417 0.993486047 -0.007174370 0.112696886
1698029566.179000 3.317902565 0.086853199 4.848567963 0.015173352 0.993275106 -0.013641954 0.113966018
1698029566.771000 3.333532810 0.086549863 4.784379482 0.013467785 0.993379653 -0.009760396 0.113667212
1698029567.551000 3.353923798 0.085669145 4.701579094 0.012442664 0.993442178 -0.006686782 0.113459632
1698029568.133000 3.368283272 0.084740296 4.640546322 0.010859391 0.993315399 -0.008711396 0.114589483
1698029568.768000 3.383143902 0.084940925 4.579408169 0.008633921 0.993313015 -0.007995868 0.114851311
1698029569.541000 3.403112888 0.084975973 4.499326229 0.009912720 0.993405879 -0.007407463 0.113980770
1698029570.114000 3.416653633 0.084928542 4.441462517 0.009854957 0.993362904 -0.008197704 0.114305668
1698029570.679000 3.429999352 0.084537402 4.384410858 0.010810846 0.993347347 -0.007697660 0.114389174
1698029571.422000 3.444624901 0.084088653 4.311228275 0.011263452 0.995375931 -0.008064642 0.095051877
1698029571.791000 3.452270031 0.084057704 4.274850368 0.009512243 0.995418608 -0.007296391 0.094858207
1698029572.349000 3.463554859 0.084065773 4.220416069 0.010061170 0.995021224 -0.007517103 0.098869219
1698029572.717000 3.472852707 0.083901629 4.185194016 0.009561505 0.993641675 -0.008126137 0.111887239
1698029573.271000 3.485665321 0.083948508 4.130976677 0.009611956 0.993633151 -0.007387551 0.112009741
1698029573.645000 3.494501591 0.083746016 4.094991207 0.009738572 0.993679285 -0.007285368 0.111595482
1698029574.013000 3.502908707 0.083230540 4.059700966 0.009736445 0.993701100 -0.007680683 0.111375071
1698029574.564000 3.515299320 0.083486199 4.006082535 0.011218781 0.993686676 -0.006075202 0.111462906
1698029575.107000 3.527656078 0.083473027 3.953441143 0.009926005 0.993591547 -0.007486062 0.112344384
1698029575.657000 3.539920807 0.083399743 3.902364016 0.008834831 0.993629396 -0.007719567 0.112085149
1698029576.214000 3.552516937 0.083423138 3.850260735 0.008849362 0.993649185 -0.008928287 0.111818187
1698029576.745000 3.564980507 0.082970820 3.797951937 0.009256984 0.993683040 -0.006855162 0.111630514
1698029577.273000 3.575460434 0.082897797 3.747762918 0.007789922 0.995216310 -0.007121302 0.097124226
1698029577.803000 3.585217476 0.082727462 3.698615313 0.009352271 0.995346844 -0.007652478 0.095596641
1698029578.323000 3.595301151 0.083270893 3.648296356 0.008650891 0.995404959 -0.001262348 0.095354840
1698029578.844000 3.605386257 0.083177447 3.598972082 0.008690229 0.995411694 -0.006111639 0.095093064
1698029579.371000 3.615503788 0.083180204 3.547789812 0.009046092 0.995417297 -0.007032441 0.094937734
1698029580.059000 3.628868103 0.083096273 3.482494831 0.009211430 0.995487094 -0.006999472 0.094189405
1698029580.569000 3.638769627 0.083207481 3.432247162 0.009368884 0.995531142 -0.006390322 0.093750678
1698029581.263000 3.652434826 0.082834229 3.361086369 0.010977959 0.995519042 -0.006903761 0.093667619
1698029581.775000 3.662987232 0.082526848 3.307907820 0.008979820 0.995534778 -0.006884575 0.093714759
1698029582.283000 3.673160553 0.082416475 3.255314350 0.008608984 0.995555282 -0.007024716 0.093521580
1698029582.789000 3.683502674 0.082520336 3.202479362 0.008651765 0.995587111 -0.006443000 0.093220107
1698029583.623000 3.700107574 0.082537279 3.116220474 0.009247738 0.995627224 -0.007176050 0.092679098
1698029584.295000 3.713251114 0.082387269 3.046893597 0.009412207 0.995651364 -0.007174043 0.092403427
1698029584.954000 3.726983547 0.082198091 2.976809978 0.004527898 0.995755017 -0.007424498 0.091631725
1698029585.444000 3.737077236 0.082313515 2.923571110 0.004623157 0.995775998 -0.006152737 0.091492809
1698029586.096000 3.751720905 0.082553618 2.848365307 0.005546414 0.995763183 -0.006188346 0.091578290
1698029586.747000 3.766272545 0.082309753 2.772257805 0.013231360 0.995804727 -0.005720634 0.090361431
1698029587.547000 3.783499718 0.081851676 2.681056261 0.005031877 0.995857000 -0.008991223 0.090347916
1698029588.351000 3.801267624 0.082477048 2.589777470 0.008133921 0.995930433 -0.006188642 0.089543663
1698029589.300000 3.822052479 0.082045607 2.483199596 0.005259048 0.996014297 -0.010287863 0.088442430
1698029590.088000 3.836592674 0.082797274 2.398196220 0.007595816 0.995996833 -0.006906145 0.088797383
1698029591.335000 3.861183643 0.082914740 2.269798040 0.006966146 0.996058047 -0.009302502 0.087939017
1698029591.955000 3.873035431 0.083110407 2.203946590 0.007331394 0.996069312 -0.007145899 0.087983698
1698029592.582000 3.885148525 0.083268277 2.138850689 0.008136967 0.996094882 -0.007167032 0.087621048
1698029593.041000 3.894388199 0.083469912 2.088834047 0.006993460 0.996160984 -0.005008054 0.087116778
1698029593.655000 3.907334805 0.083628654 2.019208431 0.005787916 0.996183157 -0.005936107 0.086893156
1698029594.110000 3.916755676 0.083498113 1.968109846 0.006152194 0.996190786 -0.007154279 0.086688869
1698029594.560000 3.925881863 0.083474785 1.917452812 0.007277001 0.995917022 -0.007032710 0.089704819
1698029595.024000 3.936837673 0.083478026 1.867570877 0.006587842 0.995038688 -0.007027177 0.099021614
1698029595.479000 3.947222710 0.083379805 1.817630529 0.007971648 0.995036662 -0.007467886 0.098908000
1698029595.931000 3.956771374 0.083192334 1.768191934 0.008195313 0.994998515 -0.007644827 0.099259406
1698029596.548000 3.970161915 0.083412290 1.703437686 0.005905845 0.995031774 -0.006418433 0.099175185
1698029597.000000 3.980207443 0.083421335 1.655941725 0.006221154 0.995069504 -0.007066793 0.098732144
1698029597.744000 3.995887280 0.083035462 1.581948161 0.007654221 0.995088756 -0.006376689 0.098484382
1698029598.188000 4.004765987 0.083093584 1.538324237 0.008002153 0.995093644 -0.007079337 0.098359145
1698029598.672000 4.013617992 0.083156139 1.493995905 0.009314567 0.995053113 -0.008258763 0.098561615
1698029599.108000 4.022672653 0.083247483 1.450236797 0.009255998 0.995048821 -0.007642231 0.098660298
1698029599.549000 4.031898022 0.083382115 1.407032609 0.007237929 0.995092869 -0.005835256 0.098507859
1698029599.989000 4.040555954 0.083491221 1.364914417 0.008048126 0.995057046 -0.007376163 0.098703124
1698029600.419000 4.049022198 0.083553776 1.324064851 0.008317905 0.995048881 -0.006828823 0.098802924
1698029600.986000 4.060809612 0.083552182 1.270267487 0.009717368 0.995076060 -0.007687262 0.098336592
1698029601.415000 4.069741726 0.083175674 1.229318857 0.009534604 0.995127738 -0.007035129 0.097879469
1698029601.843000 4.078001976 0.083168931 1.189590216 0.010786195 0.995133638 -0.006299712 0.097739391
1698029602.417000 4.089026928 0.083173037 1.136576891 0.009761274 0.995135784 -0.005732915 0.097860590
1698029602.853000 4.097393990 0.083330959 1.097391963 0.008922124 0.995147705 -0.006611503 0.097763494
1698029603.409000 4.107950687 0.083574966 1.047219992 0.009357092 0.995167494 -0.006842387 0.097505435
1698029603.971000 4.116973877 0.083617009 0.995552301 0.009469538 0.995066822 -0.006280999 0.098554313
1698029604.814000 4.133210659 0.082620174 0.919453800 0.009558676 0.995291173 -0.006761227 0.096220687
1698029605.348000 4.136003017 0.083137095 0.872228205 0.008048853 0.998647153 -0.004535923 0.051170930
1698029606.001000 4.139539242 0.083049960 0.814130604 0.003080185 0.999772429 -0.004012374 0.020725913
1698029606.548000 4.126616478 0.083427414 0.767660141 -0.007311623 -0.994745255 0.003746133 0.102051415
1698029606.915000 4.111311913 0.083920524 0.738763332 -0.009310172 -0.983142555 -0.001909439 0.182593629
1698029607.248000 4.094368935 0.084786676 0.714838505 -0.008889078 -0.967586279 -0.003432309 0.252360910
1698029607.555000 4.076243877 0.084960595 0.696642876 -0.006260442 -0.949517071 -0.002299319 0.313644618
1698029607.965000 4.048712254 0.084909059 0.675632477 0.000754464 -0.919828773 0.002861483 0.392308921
1698029608.267000 4.026843071 0.085065231 0.663412571 0.001318975 -0.894537449 0.002065218 0.446986258
1698029608.572000 4.004025936 0.085778370 0.654036999 -0.002657006 -0.865908623 -0.001310200 0.500193477
1698029608.976000 3.973761082 0.086611032 0.643293858 -0.008330863 -0.842739224 0.002758832 0.538250506
1698029609.570000 3.930441856 0.087414056 0.622360229 -0.005190213 -0.842843115 0.002798467 0.538127184
1698029609.976000 3.898692846 0.088346004 0.611570358 -0.000349361 -0.821843088 -0.002395301 0.569708884
1698029610.373000 3.866881847 0.089167595 0.604994774 -0.007776638 -0.801146746 0.000821912 0.598416924
1698029610.868000 3.828701019 0.090060711 0.593479633 -0.006544333 -0.801358938 0.000525775 0.598147869
1698029611.273000 3.798961163 0.090888150 0.584128380 -0.006105106 -0.801250458 0.000773001 0.598297477
1698029611.572000 3.774327040 0.090852290 0.576711655 -0.002450466 -0.801402807 0.005444215 0.598095238
1698029611.871000 3.749311924 0.091978602 0.568993568 -0.005854118 -0.801517010 -0.001069097 0.597942352
1698029612.170000 3.724277496 0.092537470 0.561316967 -0.004804321 -0.801626801 -0.002418362 0.597800612
1698029612.575000 3.691355228 0.093366534 0.551155090 -0.004103506 -0.801609755 -0.001552798 0.597831547
1698029612.969000 3.659130096 0.093841314 0.541711330 -0.003390136 -0.801884234 0.000988911 0.597469032
1698029613.374000 3.627044439 0.094793096 0.531525135 -0.004663138 -0.801795304 -0.003403500 0.597570896
1698029613.872000 3.587861538 0.095758155 0.522004604 0.002610532 -0.787438035 -0.003919402 0.616375864
1698029614.368000 3.549560547 0.096792974 0.512234449 -0.001790164 -0.787259400 -0.004055603 0.616605997
1698029614.873000 3.511250019 0.097632512 0.502074957 0.000906697 -0.787103772 -0.004777252 0.616801441
1698029615.471000 3.461195469 0.098833635 0.489650249 0.001341824 -0.787600517 -0.005587891 0.616159439
1698029616.074000 3.409605980 0.100156389 0.476575136 0.001391861 -0.787655056 -0.005467593 0.616090655
1698029616.674000 3.359788895 0.101403698 0.461289167 -0.006431338 -0.797775686 -0.002532386 0.602914751
1698029617.270000 3.311595201 0.102061182 0.445273876 -0.002029628 -0.804833949 0.001198455 0.593495369
1698029617.974000 3.257926226 0.103696749 0.423671246 -0.000534305 -0.818256378 -0.006955768 0.574811220
1698029618.695000 3.204137564 0.104694858 0.405497789 0.001366090 -0.810831964 -0.006521736 0.585241139
1698029619.590000 3.134121180 0.107249215 0.388627529 0.004151475 -0.784675062 -0.007447137 0.619848609
1698029620.190000 3.086250067 0.107824072 0.391447306 0.003566105 -0.726748466 -0.006210808 0.686866343
1698029620.790000 3.040930510 0.109070748 0.398030281 0.004018688 -0.672370732 -0.010037879 0.740135610
1698029621.526000 2.992692471 0.109996662 0.421089649 0.001822069 -0.567306757 -0.010196137 0.823441446
1698029622.242000 2.952758074 0.111420117 0.453454614 -0.000031013 -0.471536577 -0.008928918 0.881801307
1698029623.107000 2.899995804 0.113042019 0.489925057 0.001164946 -0.463620812 -0.001321651 0.886031985
1698029623.802000 2.865544558 0.113171935 0.525881112 0.010042195 -0.387608379 -0.010055397 0.921714604
1698029624.116000 2.853661776 0.113232799 0.545526266 0.009907207 -0.335342824 -0.014160675 0.941937685
1698029624.443000 2.844299793 0.113093689 0.567183733 0.010736451 -0.281254172 -0.012489632 0.959491968
1698029624.796000 2.834865093 0.113375425 0.589821577 0.007226113 -0.247030288 -0.004435705 0.968970716
1698029625.493000 2.820110559 0.113020085 0.635701537 0.011273850 -0.171536639 -0.005979005 0.985095143
1698029625.867000 2.817603827 0.112482384 0.660342455 0.013169889 -0.121066526 -0.003375311 0.992551327
1698029626.371000 2.809262991 0.112296522 0.693009496 0.011468391 -0.120959297 -0.001004024 0.992590725
1698029626.881000 2.801011801 0.112173125 0.724847257 0.010227131 -0.121204503 -0.001704538 0.992573440
1698029627.390000 2.792891264 0.111914545 0.756129146 0.010254038 -0.121406771 -0.001828883 0.992548227
1698029627.888000 2.784449816 0.111852124 0.789602458 0.009563402 -0.121989928 -0.001656322 0.992483914
1698029628.259000 2.777951956 0.111800246 0.814423501 0.010293907 -0.122017391 -0.001658047 0.992473245
1698029628.793000 2.769142866 0.111555785 0.848206282 0.011738759 -0.122261174 -0.001398161 0.992427588
1698029629.284000 2.759671926 0.111602344 0.884815574 0.009157111 -0.123123571 -0.001815592 0.992347419
1698029629.776000 2.750229597 0.111330159 0.920813859 0.010831740 -0.123372212 -0.001887185 0.992299557
