1698029486.134000 0.000000000 0.000000000 0.000000000 -0.000000000 -0.000000000 -0.000000000 1.000000000
1698029486.336000 0.001077227 0.001093866 0.045127589 -0.000787896 -0.000581844 -0.000630977 0.999999344
1698029486.531000 -0.000343871 0.002064123 0.090635896 -0.002073846 -0.000219977 0.001737211 0.999996305
1698029486.732000 -0.000328898 0.002001998 0.136439994 0.003040750 -0.000398698 0.001149895 0.999994636
1698029486.938000 -0.000491860 0.003711265 0.185128406 -0.000930173 -0.000415339 -0.000743387 0.999999225
1698029487.030000 -0.000202733 0.004466571 0.206113741 -0.004053968 -0.000596474 -0.000443886 0.999991536
1698029487.230000 -0.000677560 0.005584208 0.251774877 -0.008187869 -0.000531763 0.001033540 0.999965787
1698029487.439000 -0.001022305 0.007322591 0.298396826 -0.008422413 -0.000672956 0.000778460 0.999963999
1698029487.633000 -0.001643992 0.008386828 0.341739178 -0.004539709 -0.000559866 0.000572901 0.999989390
1698029487.837000 -0.002186087 0.007840221 0.387842894 0.001597831 -0.000525584 0.000181448 0.999998569
1698029488.035000 -0.001993633 0.008891062 0.433171600 0.000541818 -0.000903629 0.000718995 0.999999166
1698029488.236000 -0.001970261 0.010243505 0.478585005 -0.003971322 -0.001069060 0.000740519 0.999991298
1698029488.431000 -0.002466973 0.011458303 0.521454096 -0.002460522 -0.001195907 -0.002099311 0.999994040
1698029488.639000 -0.003187379 0.011763272 0.569169998 0.001898952 -0.001254143 -0.002790554 0.999993563
1698029488.931000 -0.003887427 0.013228547 0.636714101 -0.000584576 -0.001080042 -0.002603678 0.999995887
1698029489.237000 -0.004623737 0.014674623 0.705962002 -0.002914303 -0.000272703 0.000118610 0.999995708
1698029489.437000 -0.004568662 0.015936345 0.749300778 -0.004295046 -0.000535956 0.000752431 0.999990344
1698029489.748000 -0.005149002 0.018572170 0.818309069 -0.012937595 0.001352101 0.001318749 0.999914527
1698029490.142000 -0.004745088 0.019075982 0.904322565 0.003765370 0.004585609 0.000692007 0.999982178
1698029490.449000 -0.004421109 0.020375868 0.974635184 -0.000866353 0.004412602 -0.000393055 0.999989808
1698029490.748000 -0.003984509 0.022148993 1.043322086 -0.003387782 0.004193254 0.000525030 0.999985337
1698029491.151000 -0.004472160 0.023995023 1.143931150 -0.001575872 0.004591714 -0.001488750 0.999987125
1698029491.439000 -0.004706701 0.025919668 1.216388941 -0.004869124 0.004589455 0.000065036 0.999977648
1698029491.847000 -0.004524654 0.028392771 1.320133328 -0.001486029 0.004390988 0.000654834 0.999989092
1698029492.239000 -0.004181351 0.029931266 1.419055462 -0.002611114 0.004225180 0.001130083 0.999987006
1698029492.639000 -0.003317781 0.031850714 1.518598914 -0.002407639 0.003799057 0.000883096 0.999989510
1698029493.054000 -0.003923620 0.033672046 1.618763447 -0.005367040 0.003833432 0.001517747 0.999977112
1698029493.454000 -0.005190245 0.036800243 1.717808843 -0.001450322 0.004415872 -0.000368050 0.999989152
1698029493.855000 -0.004077838 0.038313597 1.814363599 -0.004860585 0.003897173 -0.000480153 0.999980509
1698029494.352000 -0.003265203 0.041561481 1.933112979 -0.001860036 0.003692372 0.001631627 0.999990106
1698029494.855000 -0.002630160 0.044943891 2.050455093 -0.001963013 0.003348475 0.000890087 0.999992073
1698029495.576000 0.000408139 0.048134714 2.212867022 -0.002422816 0.013236340 -0.002217628 0.999907017
1698029496.167000 0.007729275 0.050540689 2.346913815 -0.002153515 0.020893393 0.001388427 0.999778450
1698029497.004000 0.012241874 0.054984435 2.538652897 -0.003213177 0.021263516 0.000670700 0.999768496
1698029497.505000 0.016544361 0.057500295 2.656050682 -0.000777758 0.020947011 0.000877907 0.999779940
1698029498.107000 0.021995863 0.060738817 2.798802376 -0.002103167 0.020464269 0.000881484 0.999787986
1698029498.403000 0.024104452 0.062057856 2.869006872 -0.002743162 0.020522045 0.000884363 0.999785244
1698029498.809000 0.026765350 0.064932115 2.963859320 -0.003352682 0.020819550 0.000984761 0.999777138
1698029499.015000 0.028544096 0.066021897 3.011441231 -0.003322307 0.020582346 0.001304293 0.999781787
1698029499.409000 0.031920768 0.067884833 3.104341984 -0.003827369 0.020382719 0.000593887 0.999784768
1698029499.713000 0.035002097 0.069342375 3.174067736 -0.003845278 0.019944672 0.000682509 0.999793470
1698029500.209000 0.038208976 0.071307763 3.288281441 -0.002211776 0.020136442 0.001214118 0.999794066
1698029500.506000 0.040885251 0.073062830 3.353725433 -0.002085660 0.019912358 0.000720720 0.999799311
1698029500.807000 0.043081522 0.073890932 3.424110174 -0.000925872 0.019944720 0.000898833 0.999800265
1698029501.101000 0.045422681 0.075551547 3.492854595 -0.003013541 0.019827861 0.000628310 0.999798656
1698029501.409000 0.048134826 0.077170908 3.564257622 -0.004499927 0.019543005 0.000843662 0.999798536
1698029501.802000 0.050659113 0.079933792 3.656538248 -0.003264897 0.019576576 0.001386043 0.999802053
1698029502.215000 0.053684331 0.081911668 3.753340006 -0.003757271 0.019342002 0.000789458 0.999805570
1698029502.507000 0.057536066 0.083749324 3.821455240 -0.004885070 0.026670950 -0.001525276 0.999631226
1698029502.912000 0.062341154 0.085277900 3.914056063 -0.002133476 0.028968455 0.000905294 0.999577641
1698029503.218000 0.064403780 0.086294658 3.981322050 -0.002786832 0.018730778 0.003362571 0.999815047
1698029503.513000 0.062444270 0.087979756 4.048429966 -0.002588177 0.006127667 0.001856328 0.999976158
1698029503.818000 0.063073240 0.089541093 4.115035057 -0.002518861 0.005887065 0.000732510 0.999979258
1698029504.113000 0.071278967 0.091217078 4.178698540 -0.003318401 0.041410182 -0.007287247 0.999110162
1698029504.408000 0.083529085 0.093137994 4.239972115 -0.004868783 0.066443719 -0.001562328 0.997777045
1698029504.714000 0.092242315 0.094688311 4.303570747 -0.004123444 0.068096958 0.000209273 0.997670174
1698029505.370000 0.120640889 0.095862299 4.423369408 -0.000846557 0.102108292 0.000853648 0.994772613
1698029505.767000 0.135946840 0.099286348 4.504538536 -0.011646561 0.102121986 -0.001178958 0.994702995
1698029506.226000 0.160264075 0.100209527 4.581247330 -0.000944020 0.136512235 -0.007826888 0.990607023
1698029506.518000 0.184256613 0.101753257 4.643134117 -0.003235935 0.156049326 0.000558815 0.987743795
1698029506.819000 0.204269767 0.102982871 4.700059414 0.000945988 0.167289972 -0.005201123 0.985893548
1698029507.225000 0.248571709 0.105973437 4.760889053 -0.008599636 0.251692355 -0.013968977 0.967668295
1698029507.521000 0.281044245 0.106537476 4.809852123 -0.004074839 0.264571488 -0.006060417 0.964338481
1698029508.024000 0.334883869 0.107909858 4.888368607 -0.005343019 0.298813313 -0.018460045 0.954118073
1698029508.443000 0.391619265 0.108693525 4.933301926 -0.003953771 0.377484888 -0.019826593 0.925795078
1698029508.754000 0.440263987 0.108279668 4.962621212 0.000309337 0.437400430 -0.017090749 0.899104416
1698029509.206000 0.509504557 0.106344029 4.990115643 0.005282146 0.514182687 -0.018847974 0.857457280
1698029509.479000 0.553534031 0.105847351 5.000800133 0.009050429 0.558358252 -0.017576339 0.829364419
1698029509.828000 0.610809088 0.105628602 5.007751942 0.001725273 0.613303781 -0.016132569 0.789680541
1698029510.243000 0.676923275 0.104536198 5.011748791 0.006640084 0.653310537 -0.012402806 0.756959319
1698029510.835000 0.772062063 0.103830814 5.019649506 -0.000838653 0.678907514 -0.019211762 0.733971894
1698029511.384000 0.846005440 0.102780215 5.012101650 0.002896430 0.716254830 -0.015420455 0.697662413
1698029511.796000 0.903104305 0.102000415 5.010554314 0.003035859 0.718369544 -0.016380955 0.695462167
1698029512.264000 0.967824936 0.101209491 5.009160042 0.003466989 0.719124436 -0.015708914 0.694695055
1698029512.619000 1.016332626 0.100559384 5.008319378 0.004772277 0.719079256 -0.016521856 0.694715261
1698029512.968000 1.067300797 0.100058310 5.006787300 0.003869965 0.718963325 -0.015325332 0.694868267
1698029513.370000 1.126699924 0.098859102 5.005475044 0.004952105 0.718986690 -0.016371794 0.694813371
1698029513.815000 1.196607113 0.098192632 5.003433228 0.003488007 0.718890369 -0.015178643 0.694948971
1698029514.392000 1.282329321 0.097048707 5.001927376 0.003733661 0.718805134 -0.016263984 0.695011258
1698029515.020000 1.376953363 0.096075550 4.998950005 0.003017344 0.717919886 -0.015980853 0.695935845
1698029515.637000 1.474201679 0.095133886 4.996438503 0.003040973 0.717914820 -0.015399845 0.695953965
1698029516.088000 1.543850183 0.094260618 4.995260239 0.003449333 0.717937291 -0.015145796 0.695934534
1698029516.742000 1.644401550 0.093196623 4.993049622 0.004217977 0.718028843 -0.015005923 0.695838869
1698029517.183000 1.714385986 0.091827862 4.990967274 0.005749238 0.717682958 -0.016454387 0.696151853
1698029517.849000 1.820865870 0.090809979 4.989306927 0.004387306 0.717712224 -0.014549112 0.696174026
1698029518.452000 1.925327063 0.088952236 4.988035202 0.005118963 0.717807949 -0.016269270 0.696032226
1698029519.267000 2.076531172 0.086186685 4.984753132 0.008122369 0.718022406 -0.022549039 0.695607305
1698029520.148000 2.243310690 0.084689356 4.979308128 0.006033670 0.718215168 -0.014836337 0.695636749
1698029521.010000 2.410942078 0.084567748 4.977088928 0.004018538 0.717979670 -0.016080517 0.695866704
1698029521.665000 2.539387226 0.082457021 4.974312782 0.006330983 0.717690885 -0.016337374 0.696141362
1698029522.304000 2.664601088 0.082763031 4.975384235 -0.001881072 0.707893431 -0.009460906 0.706253409
1698029523.111000 2.821059704 0.079517506 4.981954098 0.004048013 0.698507309 -0.018122936 0.715361953
1698029523.504000 2.900807142 0.077802353 4.984600544 0.004483220 0.699031591 -0.020506727 0.714782715
1698029524.101000 3.023583889 0.076314144 4.987607956 0.001438548 0.708166242 -0.019482225 0.705775440
1698029524.529000 3.105684519 0.075992636 4.979003906 -0.001454992 0.732438147 -0.016544679 0.680630982
1698029525.408000 3.278969049 0.072922863 4.968328476 0.002687199 0.733051479 -0.015269695 0.679996431
1698029525.838000 3.368878603 0.072480284 4.969006538 0.003665076 0.710151434 -0.010576718 0.703960001
1698029526.226000 3.451302052 0.071436003 4.971008301 0.000715877 0.703451216 -0.019436035 0.710477471
1698029526.621000 3.534079552 0.070487216 4.973821640 -0.000990341 0.704271495 -0.020684253 0.709628642
1698029527.243000 3.654906750 0.067973822 4.975615501 0.004266569 0.704122543 -0.020428002 0.709771752
1698029527.630000 3.740626812 0.067576081 4.977556229 -0.000288581 0.704327881 -0.017960703 0.709647477
1698029528.209000 3.864484787 0.065718070 4.975575447 0.000093806 0.718836963 -0.019231413 0.694912672
1698029528.616000 3.949154615 0.064997844 4.973423958 -0.000119074 0.720606506 -0.015666608 0.693167210
1698029529.019000 4.032348633 0.063967250 4.971758842 0.000026824 0.721190333 -0.017660368 0.692511857
1698029529.429000 4.117454529 0.062642761 4.969593525 0.001727987 0.721272528 -0.019574529 0.692372680
1698029529.828000 4.203125477 0.062291533 4.967226505 0.001110577 0.721587121 -0.018334510 0.692080021
1698029530.229000 4.288158417 0.060479969 4.964906216 0.000746364 0.721853912 -0.018669629 0.691793263
1698029530.627000 4.371832371 0.059712201 4.962944031 0.001175302 0.722385108 -0.018254982 0.691248953
1698029531.025000 4.454519272 0.058652930 4.961122036 0.001462858 0.722922385 -0.018233264 0.690687120
1698029531.417000 4.529811382 0.057593152 4.954231262 0.001314939 0.721971929 -0.018759444 0.691666722
1698029531.812000 4.612213612 0.056309581 4.955505371 0.002187050 0.723683059 -0.019343566 0.689857841
1698029532.204000 4.688898087 0.055428296 4.952707291 0.000224078 0.723795831 -0.018362878 0.689769745
1698029532.596000 4.763895035 0.054543577 4.948404312 -0.000009813 0.723533988 -0.018750243 0.690034032
1698029533.178000 4.869846344 0.054657921 4.945314884 0.000918817 0.724172115 -0.018448863 0.689371824
1698029533.567000 4.938192368 0.054042399 4.942373753 0.002608989 0.717439055 -0.018653212 0.696366608
1698029534.314000 5.070501328 0.051736623 4.944179535 0.001215259 0.694670439 -0.018531756 0.719088376
1698029535.079000 5.194828033 0.050777122 4.927115917 -0.002348575 0.758792996 -0.027930135 0.650728524
1698029536.096000 5.302863598 0.043011189 4.866367340 -0.001925186 0.854034841 -0.020685477 0.519800842
1698029536.556000 5.339421749 0.043143950 4.833021641 -0.000952064 0.885126948 -0.016142771 0.465068609
1698029537.282000 5.385179996 0.042971868 4.776661873 -0.000214085 0.924942136 -0.010531933 0.379961908
1698029537.775000 5.409014225 0.041697431 4.735793591 -0.000248546 0.946237683 -0.010935498 0.323287189
1698029538.291000 5.427718163 0.040927503 4.692548752 0.000301894 0.963613510 -0.016415743 0.266794682
1698029538.529000 5.434784889 0.040728088 4.669967651 -0.000590504 0.970979214 -0.018447576 0.238450676
1698029538.779000 5.444923878 0.040578038 4.647760391 0.004002193 0.973836064 -0.015218377 0.226706386
1698029539.264000 5.465985298 0.039809145 4.602966309 0.003671505 0.974308908 -0.015144771 0.224675983
1698029539.745000 5.488992214 0.038333058 4.554789543 0.005875459 0.974423707 -0.017289996 0.223975256
1698029540.240000 5.504659653 0.037477758 4.503784180 0.004833730 0.982704341 -0.018702352 0.184171200
1698029540.898000 5.511446953 0.036150847 4.429515839 0.008199138 0.995362103 -0.017260447 0.094282500
1698029541.523000 5.524641037 0.033364337 4.355830669 0.013582454 0.995781481 -0.025533140 0.087079346
1698029542.168000 5.540490150 0.032029945 4.275192261 0.012518146 0.995943546 -0.015145815 0.087809034
1698029542.761000 5.545622349 0.030520350 4.193055153 0.008082224 0.998668134 -0.019335525 0.047146980
1698029543.713000 5.545141220 0.029908549 4.061440468 -0.000662531 -0.999923587 0.009304451 0.008112426
1698029544.415000 5.543477535 0.026529364 3.950782299 -0.005487805 -0.999719858 0.019582124 0.012108766
1698029544.811000 5.541465282 0.026543982 3.882517338 -0.004593697 -0.999814212 0.014822558 0.011435269
1698029545.384000 5.540072441 0.023854017 3.784206390 -0.004076270 -0.999768555 0.017803647 0.011369282
1698029545.840000 5.538139343 0.022789016 3.703187943 -0.003977793 -0.999822855 0.014855225 0.010849420
1698029546.477000 5.542339325 0.021068543 3.593876839 0.004797222 0.999766290 -0.015814357 0.013938994
1698029546.836000 5.544148922 0.019268837 3.533483505 0.003740977 0.999690592 -0.018030642 0.016721407
1698029547.414000 5.541831017 0.018234510 3.426892281 -0.003105600 -0.999848425 0.014431807 0.009236327
1698029548.071000 5.539948463 0.015479367 3.301251173 -0.004673915 -0.999783337 0.017139409 0.010847882
1698029548.514000 5.538542747 0.014347464 3.214481592 -0.002842296 -0.999831915 0.014903989 0.010297440
1698029548.963000 5.536949635 0.012364823 3.127473116 -0.003257836 -0.999805331 0.016463105 0.010375206
1698029549.410000 5.535677433 0.011432324 3.035700560 -0.003718758 -0.999822497 0.015128146 0.010596192
1698029549.852000 5.534615040 0.010382991 2.942556381 -0.003574843 -0.999790549 0.017096622 0.010670151
1698029550.300000 5.532638550 0.008506369 2.849583864 -0.005190720 -0.999792993 0.016677024 0.010437834
1698029550.692000 5.531654358 0.006580614 2.766707182 -0.006739187 -0.999803066 0.015306161 0.010683486
1698029551.126000 5.531391144 0.005003214 2.673519611 -0.006148854 -0.999763668 0.017502166 0.011335813
1698029551.554000 5.530110359 0.003648795 2.582428694 -0.004597423 -0.999836326 0.015264615 0.008558322
1698029551.994000 5.535858631 0.001720510 2.493025303 0.005354704 0.999693930 -0.015871128 0.018208463
1698029552.446000 5.540400505 0.000273078 2.405292988 0.005172370 0.999689996 -0.015453088 0.018824866
1698029552.891000 5.538916588 -0.001095325 2.318899870 -0.003022050 -0.999852359 0.015182566 0.007462275
1698029553.325000 5.537437916 -0.002567996 2.233841896 -0.006022106 -0.999804676 0.016029561 0.009868363
1698029553.754000 5.537038326 -0.003935201 2.150083303 -0.007262907 -0.999801695 0.015382196 0.010351459
1698029554.180000 5.535698414 -0.005636224 2.068945885 -0.007397078 -0.999776125 0.017033925 0.010141671
1698029554.613000 5.535309792 -0.006404312 1.986711979 -0.005486967 -0.999827921 0.014741367 0.009837019
1698029555.030000 5.535238266 -0.008078180 1.907711744 -0.005423129 -0.999804258 0.015887374 0.010473413
1698029555.445000 5.534551144 -0.009385893 1.829035521 -0.005771759 -0.999795616 0.016234169 0.010578896
1698029555.869000 5.534220219 -0.010486864 1.749926567 -0.006420384 -0.999802947 0.015353209 0.010822506
1698029556.282000 5.537539482 -0.011414487 1.672141790 0.010110595 0.999806583 -0.015610917 0.006391197
1698029556.711000 5.540191650 -0.012730498 1.595584154 0.007086377 0.999750972 -0.016696090 0.013003944
1698029557.139000 5.543580055 -0.013914288 1.519798160 0.006932246 0.999751866 -0.017561914 0.011820252
1698029557.567000 5.546514511 -0.015346684 1.446454644 0.009145126 0.999741614 -0.017101534 0.011859599
1698029557.996000 5.548735619 -0.016336553 1.374285817 0.006173678 0.999783695 -0.015275092 0.012695352
1698029558.426000 5.551055431 -0.017677322 1.303704500 0.006103537 0.999767900 -0.015996376 0.013078061
1698029559.042000 5.546385288 -0.019396311 1.201951861 -0.005453917 -0.999621153 0.015826821 0.021848733
1698029560.241000 5.531731129 -0.024137847 1.010879517 -0.004670569 -0.998070538 0.015283078 0.059998546
1698029560.957000 5.505005836 -0.025141932 0.901385069 -0.000910085 -0.992927670 0.014182383 0.117867365
1698029561.794000 5.477276802 -0.025704071 0.767176628 -0.015161461 -0.994999170 0.014325807 0.097680740
1698029562.156000 5.472700596 -0.027124472 0.708994150 -0.014526540 -0.997372568 0.019083884 0.068357460
1698029562.518000 5.465137005 -0.027084865 0.650543928 -0.018063115 -0.997516811 0.015082201 0.066381902
1698029562.890000 5.463296413 -0.028245404 0.582653046 -0.018415006 -0.998960555 0.015547602 0.038691372
1698029563.267000 5.460295677 -0.029343322 0.511504531 -0.014019289 -0.999131083 0.017232986 0.035264924
1698029563.647000 5.456227303 -0.030404083 0.442142367 -0.010737548 -0.999193966 0.017255411 0.034617934
1698029564.020000 5.451774597 -0.032326929 0.369929671 -0.012534331 -0.999100745 0.019086678 0.035724401
1698029564.415000 5.452180862 -0.032933936 0.294184417 -0.021182574 -0.999663353 0.014067497 0.005161573
1698029564.815000 5.453641415 -0.034890488 0.216514364 -0.016910514 -0.999783933 0.012085265 0.000341536
1698029565.372000 5.454357624 -0.036968008 0.112589203 0.017014952 0.999724507 -0.016168477 0.000084237
1698029565.769000 5.454874039 -0.037417226 0.039057400 0.014177674 0.999791145 -0.014716596 0.000342551
1698029566.385000 5.455050468 -0.040674090 -0.073967285 0.015369517 0.999748766 -0.016280072 0.001066737
1698029567.156000 5.456059456 -0.044378340 -0.218056560 0.012818270 0.999769390 -0.017185977 0.001220399
1698029567.551000 5.456775665 -0.045453154 -0.288767785 0.011938300 0.999813080 -0.015158147 0.001229514
1698029568.376000 5.459008217 -0.048265636 -0.428818256 0.009428295 0.999832928 -0.015582640 0.001586453
1698029568.964000 5.458350182 -0.049779315 -0.533231735 0.008234746 0.999825358 -0.016581299 0.002559850
1698029569.541000 5.460074425 -0.052400574 -0.636497557 0.008805947 0.999842167 -0.015358213 0.001522228
1698029569.924000 5.460396767 -0.053100295 -0.703766823 0.008869685 0.999831080 -0.016034633 0.001459059
1698029570.302000 5.459484577 -0.054452397 -0.769086361 0.009125817 0.999816477 -0.016657967 0.002508441
1698029570.679000 5.459790230 -0.055820718 -0.833519101 0.009919377 0.999818385 -0.016057985 0.002624922
1698029571.054000 5.456465244 -0.056407735 -0.896237850 -0.009274080 -0.999741793 0.016008468 0.013195372
1698029571.422000 5.455218792 -0.057405494 -0.957240641 -0.010340494 -0.999668956 0.017206673 0.016095670
1698029571.791000 5.453487396 -0.058564916 -1.018792629 -0.008720857 -0.999706447 0.016290005 0.015675018
1698029572.164000 5.451679707 -0.059919331 -1.080344558 -0.008293815 -0.999723673 0.015537849 0.015571896
1698029572.533000 5.453174114 -0.061319746 -1.140470147 0.010197309 0.999826968 -0.015553848 0.000445728
1698029572.902000 5.454436779 -0.062051348 -1.202206850 0.008777401 0.999822080 -0.016635988 0.001429483
1698029573.454000 5.455517292 -0.063299052 -1.294606328 0.008776875 0.999830008 -0.016180784 0.001059269
1698029573.829000 5.455522537 -0.064514242 -1.356142759 0.008942000 0.999828219 -0.016177904 0.001377319
1698029574.379000 5.455600262 -0.066877142 -1.447907567 0.009982090 0.999831736 -0.015307309 0.001608358
1698029574.926000 5.456749439 -0.067502849 -1.539564848 0.011623502 0.999767661 -0.018055296 0.001870142
1698029575.476000 5.458177567 -0.069057226 -1.628929853 0.007064869 0.999861360 -0.015001597 0.001530093
1698029575.837000 5.458452225 -0.070464201 -1.687716961 0.008320504 0.999830961 -0.016302407 0.001758141
1698029576.394000 5.460465908 -0.071933173 -1.777757287 0.008053129 0.999834001 -0.016307676 0.001125877
1698029576.745000 5.460734367 -0.072521590 -1.836248755 0.008724851 0.999834061 -0.015922396 0.001477197
1698029577.273000 5.459272385 -0.074053109 -1.922560453 -0.007707683 -0.999756873 0.016081303 0.012970666
1698029577.630000 5.457964897 -0.075226791 -1.977452993 -0.008821209 -0.999719799 0.016490363 0.014511643
1698029578.153000 5.456994534 -0.075697094 -2.063615084 -0.008895823 -0.999786496 0.010328399 0.015529252
1698029578.494000 5.455904007 -0.076931901 -2.119488001 -0.008966354 -0.999710977 0.015946012 0.015598443
1698029578.844000 5.454950809 -0.077759705 -2.176108360 -0.008447778 -0.999723434 0.015045885 0.015981853
1698029579.197000 5.453626156 -0.078679502 -2.234727383 -0.008630677 -0.999689937 0.016669927 0.016360911
1698029579.539000 5.451966286 -0.079225168 -2.291742802 -0.008891377 -0.999704242 0.015808115 0.016202753
1698029580.059000 5.449443817 -0.081039228 -2.375696421 -0.009273424 -0.999695837 0.016002785 0.016315548
1698029580.399000 5.447779179 -0.081839614 -2.433892012 -0.009673925 -0.999674499 0.016771505 0.016614012
1698029580.746000 5.446127892 -0.082961127 -2.492632389 -0.009859586 -0.999656439 0.017390659 0.016952600
1698029581.263000 5.443073273 -0.084386438 -2.583765745 -0.011274851 -0.999664903 0.016302194 0.016652385
1698029581.603000 5.441920757 -0.085913494 -2.644084454 -0.009900212 -0.999596536 0.020790115 0.016629141
1698029581.944000 5.440286636 -0.086463518 -2.704807520 -0.008971612 -0.999728382 0.013625734 0.016646039
1698029582.457000 5.438031197 -0.088251434 -2.795406580 -0.009324279 -0.999662519 0.017347218 0.016943423
1698029582.789000 5.436770916 -0.089130342 -2.854435921 -0.009435030 -0.999684811 0.015677238 0.017190361
1698029583.291000 5.435115814 -0.090320796 -2.942140579 -0.009795366 -0.999648988 0.016770482 0.018020891
1698029583.793000 5.432303429 -0.092037387 -3.032238960 -0.010317880 -0.999661326 0.015722552 0.017990246
1698029584.295000 5.429702759 -0.093857221 -3.121877909 -0.009946540 -0.999645472 0.016533222 0.018347619
1698029584.792000 5.427321434 -0.095291324 -3.213132143 -0.007519866 -0.999655426 0.016761122 0.018750830
1698029585.117000 5.426440716 -0.096439943 -3.272968531 -0.007020168 -0.999645293 0.016694808 0.019528707
1698029585.444000 5.424799919 -0.097021282 -3.333893061 -0.005618169 -0.999680638 0.015180472 0.019405158
1698029585.771000 5.423336983 -0.098418526 -3.398638487 -0.005624523 -0.999657333 0.017117057 0.018991541
1698029586.096000 5.421635151 -0.099479489 -3.461371899 -0.006881022 -0.999669611 0.015326615 0.019453710
1698029586.590000 5.418733120 -0.101917014 -3.556468010 -0.014154956 -0.999430239 0.022521377 0.020775834
1698029586.906000 5.416992188 -0.102121428 -3.619878769 -0.012355957 -0.999644160 0.012554367 0.020031627
1698029587.229000 5.415080547 -0.103703439 -3.681699276 -0.007910990 -0.999626577 0.016745932 0.020092037
1698029587.547000 5.412995815 -0.105083525 -3.741463661 -0.006950828 -0.999603808 0.018146316 0.020362129
1698029588.035000 5.410830498 -0.104675792 -3.830296755 -0.005769967 -0.999723256 0.009147639 0.020894352
1698029588.509000 5.407307625 -0.107527867 -3.916504860 -0.011027616 -0.999523044 0.019746969 0.021027720
1698029588.985000 5.404922009 -0.109009415 -4.001976013 -0.008020188 -0.999598384 0.016417585 0.021660842
1698029589.458000 5.401413918 -0.110795453 -4.085141182 -0.009927575 -0.999604225 0.015453137 0.021308463
1698029590.088000 5.398541451 -0.112867147 -4.192396164 -0.011703853 -0.999564707 0.016064076 0.021802928
1698029590.396000 5.396893978 -0.113684602 -4.245597839 -0.010317829 -0.999603868 0.014598707 0.021737976
1698029591.021000 5.391939640 -0.114616945 -4.350593567 -0.010174192 -0.999580324 0.016366823 0.021629175
1698029591.799000 5.387457371 -0.116728947 -4.484581947 -0.010971192 -0.999566078 0.016060464 0.022121567
1698029592.271000 5.384864807 -0.118965313 -4.564282417 -0.011351498 -0.999540985 0.016820068 0.022496140
1698029592.734000 5.381840229 -0.119041383 -4.642194748 -0.011052347 -0.999590755 0.012911290 0.023011068
1698029593.350000 5.377069473 -0.121037200 -4.755177021 -0.010540519 -0.999517083 0.017604642 0.023336938
1698029593.655000 5.374880314 -0.122057170 -4.812074184 -0.009674758 -0.999567091 0.015052001 0.023356505
1698029594.110000 5.371300697 -0.123272792 -4.898653030 -0.009767715 -0.999534428 0.016680215 0.023608051
1698029594.560000 5.368469238 -0.124602839 -4.982160568 -0.011251026 -0.999580145 0.016764792 0.020781821
1698029594.870000 5.368592262 -0.125803813 -5.038291454 -0.011409418 -0.999728203 0.016650982 0.011666269
1698029595.175000 5.367880344 -0.126786187 -5.093028069 -0.010476884 -0.999717832 0.017836077 0.011679004
1698029595.479000 5.367092609 -0.127743289 -5.149317741 -0.011882391 -0.999708712 0.017423838 0.011738993
1698029595.781000 5.366446972 -0.128880054 -5.204410553 -0.013038805 -0.999699175 0.016920602 0.012050514
1698029596.235000 5.364537239 -0.130486548 -5.285047531 -0.010608644 -0.999746859 0.016138945 0.011544581
1698029596.702000 5.363779068 -0.131285056 -5.366921425 -0.010052769 -0.999725103 0.017568072 0.011832858
1698029597.148000 5.361759663 -0.132717267 -5.444956303 -0.010359375 -0.999737680 0.017052490 0.011248506
1698029597.594000 5.361170769 -0.134225547 -5.520943642 -0.010662416 -0.999725759 0.017062249 0.011982317
1698029597.890000 5.360462189 -0.135343015 -5.570345402 -0.010923105 -0.999726772 0.016714161 0.012156380
1698029598.522000 5.358397484 -0.137108102 -5.668889523 -0.012170948 -0.999669611 0.019322621 0.011800226
1698029598.817000 5.357755661 -0.138315767 -5.719037533 -0.013058164 -0.999676645 0.018167485 0.012085951
1698029599.108000 5.356510639 -0.138972610 -5.768857002 -0.012568687 -0.999683499 0.018426439 0.011638103
1698029599.404000 5.355588913 -0.140121073 -5.818501472 -0.011115700 -0.999743044 0.016111393 0.011434965
1698029599.693000 5.355144024 -0.140813977 -5.867010117 -0.010918289 -0.999723732 0.017152634 0.011794049
1698029599.989000 5.353816032 -0.141966268 -5.915162563 -0.011256400 -0.999714255 0.017661737 0.011527513
1698029600.278000 5.353730679 -0.142702058 -5.962421417 -0.011043512 -0.999718368 0.017193681 0.012069960
1698029600.561000 5.353176117 -0.143790305 -6.008198261 -0.011301708 -0.999714255 0.017068755 0.012343553
1698029600.845000 5.352475643 -0.144927412 -6.053617477 -0.011641514 -0.999684572 0.018496307 0.012374981
1698029601.132000 5.351626873 -0.145537198 -6.100459576 -0.011900024 -0.999711990 0.016808135 0.012322433
1698029601.415000 5.350389004 -0.146536872 -6.146055698 -0.011717641 -0.999701083 0.017624967 0.012244235
1698029601.843000 5.349580765 -0.147842631 -6.214334011 -0.012990658 -0.999689102 0.017181534 0.012559205
1698029602.269000 5.348176479 -0.149385780 -6.281832695 -0.013001019 -0.999651492 0.019373767 0.012352486
1698029602.706000 5.347390175 -0.150130019 -6.349626064 -0.011072568 -0.999730527 0.016137796 0.012487169
1698029603.270000 5.345803738 -0.151536524 -6.435357094 -0.011492311 -0.999704063 0.017430393 0.012489435
1698029603.689000 5.345449924 -0.152951956 -6.499744892 -0.011474817 -0.999667108 0.019184118 0.012884311
1698029604.252000 5.343897820 -0.154577181 -6.587566376 -0.012085653 -0.999692440 0.017311309 0.013010668
1698029604.675000 5.343154430 -0.156362325 -6.651847839 -0.012318616 -0.999681890 0.017551111 0.013278746
1698029605.084000 5.334628105 -0.157607317 -6.712697983 -0.007108374 -0.998207867 0.016137110 0.057184737
1698029605.481000 5.326714993 -0.157933921 -6.770226002 -0.012863846 -0.997999549 0.014490961 0.060178611
1698029605.869000 5.318817616 -0.159490719 -6.828558445 -0.009016688 -0.997549772 0.018380929 0.066898130
1698029606.273000 5.295537949 -0.159092620 -6.882740974 -0.006401010 -0.988310158 0.015172019 0.151564866
1698029606.677000 5.263525963 -0.158163562 -6.930274963 -0.012829744 -0.971066713 0.009986265 0.238254339
1698029607.029000 5.228328705 -0.158950984 -6.967821121 -0.013643121 -0.949476957 0.009287138 0.313402653
1698029607.248000 5.204058647 -0.158531696 -6.987804413 -0.014254699 -0.933758140 0.005513145 0.357578188
1698029607.555000 5.168057442 -0.158418596 -7.011190414 -0.012188106 -0.908929765 0.006338615 0.416722834
1698029607.866000 5.128524780 -0.158476919 -7.030691624 -0.003553008 -0.880185544 0.009424808 0.474522889
1698029608.172000 5.088148117 -0.157687426 -7.045310497 -0.007384437 -0.849250019 0.011255461 0.527819395
1698029608.469000 5.049501896 -0.156620368 -7.052828789 -0.010034258 -0.817268312 0.008355555 0.576109350
1698029608.676000 5.021578312 -0.156039104 -7.055706024 -0.010916243 -0.793150961 0.004123323 0.608913362
1698029609.175000 4.957558632 -0.154688284 -7.066514015 -0.015008004 -0.778051436 0.010821681 0.627928019
1698029609.570000 4.905139923 -0.153713852 -7.078300953 -0.012823422 -0.778145194 0.010042611 0.627873242
1698029609.976000 4.849653244 -0.152109116 -7.084308147 -0.008842813 -0.753810823 0.004045304 0.657019556
1698029610.263000 4.810307503 -0.150984466 -7.082005978 -0.014011296 -0.730074644 0.005718066 0.683199942
1698029610.570000 4.769189835 -0.149927884 -7.085256577 -0.015642613 -0.730090559 0.007798761 0.683126807
1698029610.968000 4.716495991 -0.148471653 -7.089887142 -0.014687900 -0.729997039 0.007320549 0.683253288
1698029611.370000 4.662943840 -0.147735327 -7.093294621 -0.012275806 -0.730302930 0.008818106 0.682956219
1698029611.572000 4.633868694 -0.147277266 -7.095261097 -0.010094374 -0.730302930 0.011761699 0.682947576
1698029611.871000 4.590117931 -0.145768911 -7.099411964 -0.014407420 -0.730300188 0.005498264 0.682952285
1698029612.170000 4.546236992 -0.144703671 -7.103008747 -0.013451301 -0.730347574 0.003988562 0.682931602
1698029612.467000 4.503307343 -0.143532604 -7.105812550 -0.012091327 -0.730528235 0.004698276 0.682759285
1698029612.773000 4.459981918 -0.142845571 -7.109274864 -0.012371245 -0.730530560 0.005058911 0.682749152
1698029613.067000 4.418745995 -0.141282156 -7.111792564 -0.011514476 -0.730617225 0.008378064 0.682638764
1698029613.374000 4.375753880 -0.140312016 -7.115654945 -0.013411508 -0.730550289 0.003097594 0.682720125
1698029613.769000 4.322190762 -0.138786882 -7.117494583 -0.007501081 -0.722872496 0.002530795 0.690936089
1698029614.169000 4.268414974 -0.137350157 -7.117180347 -0.010625888 -0.714178264 0.002511282 0.699878693
1698029614.671000 4.201903343 -0.135638252 -7.119351387 -0.008195475 -0.714163303 0.000841584 0.699930727
1698029615.068000 4.148785114 -0.134258911 -7.120667934 -0.006410466 -0.714300036 0.001508813 0.699808598
1698029615.471000 4.088530540 -0.132569253 -7.122425556 -0.007482412 -0.714586318 -0.000198562 0.699507236
1698029615.768000 4.044657707 -0.131523535 -7.123584747 -0.007878775 -0.714658558 -0.000832411 0.699428618
1698029616.268000 3.970721483 -0.129314482 -7.125706673 -0.008702227 -0.714511752 0.000532733 0.699569225
1698029616.765000 3.898269892 -0.127594009 -7.131795883 -0.014621367 -0.729545355 0.003155722 0.683768868
1698029617.270000 3.826299191 -0.126146406 -7.138264656 -0.010176800 -0.734610021 0.007369354 0.678373218
1698029617.773000 3.757332802 -0.124096893 -7.150323868 -0.010090946 -0.750093520 0.000002878 0.661254764
1698029618.281000 3.688466549 -0.122441918 -7.159827232 -0.008338436 -0.750047326 0.000419067 0.661331475
1698029618.793000 3.620590687 -0.121161409 -7.165616989 -0.008360771 -0.741543651 -0.000192528 0.670852602
1698029619.590000 3.512468576 -0.117701963 -7.165934563 -0.005487481 -0.711843967 -0.002565943 0.702311516
1698029620.089000 3.448843241 -0.115785480 -7.144330025 -0.003973439 -0.647810817 -0.004885945 0.761775255
1698029620.584000 3.384829998 -0.112447739 -7.128859520 -0.004520047 -0.617928326 -0.006959505 0.786190569
1698029621.139000 3.332156181 -0.110717565 -7.094670296 0.000664738 -0.540604591 -0.004596783 0.841264009
1698029621.526000 3.291406155 -0.108793780 -7.060417652 -0.008828420 -0.473384202 -0.007297119 0.880781651
1698029621.840000 3.266274452 -0.107408963 -7.032184124 -0.010248755 -0.423985392 -0.007914324 0.905576527
1698029622.137000 3.245041847 -0.106070019 -7.002875328 -0.009761312 -0.375994086 -0.009417466 0.926522791
1698029622.561000 3.208679438 -0.103719249 -6.963970661 -0.012875723 -0.370855719 -0.003961298 0.928592801
1698029622.883000 3.180623055 -0.102667868 -6.934247971 -0.008751780 -0.368701756 -0.005169383 0.929492235
1698029623.215000 3.152811289 -0.101219714 -6.902456760 -0.010762047 -0.362238318 0.001128945 0.932022691
1698029623.598000 3.127622128 -0.099754170 -6.863546371 -0.002569094 -0.316784143 -0.011114044 0.948429108
1698029623.906000 3.113577366 -0.098816171 -6.828912735 -0.001281122 -0.264659613 -0.012298546 0.964262664
1698029624.222000 3.103223801 -0.097900428 -6.791940689 -0.002015897 -0.210696265 -0.015609233 0.977424860
1698029624.443000 3.098187923 -0.097569793 -6.765526772 -0.001041374 -0.172471195 -0.014350317 0.984909475
1698029624.796000 3.091574669 -0.096230507 -6.724795341 -0.003498240 -0.137561455 -0.006261066 0.990467250
1698029625.251000 3.083002329 -0.095617861 -6.672065258 0.000471757 -0.100661695 -0.010406482 0.994866192
1698029625.614000 3.086090565 -0.094818503 -6.630813599 -0.000388329 -0.041077245 -0.008604547 0.999118865
1698029626.244000 3.088626623 -0.094553098 -6.560351849 0.003413634 -0.009382553 -0.004625685 0.999939501
1698029626.498000 3.087942600 -0.093894295 -6.532058239 -0.000663449 -0.010049181 -0.004522228 0.999939084
1698029627.138000 3.086265326 -0.092847228 -6.463091373 0.000418847 -0.010604086 -0.005348450 0.999929368
1698029627.514000 3.084748745 -0.092505895 -6.421601772 0.001588309 -0.010633160 -0.005363757 0.999927819
1698029627.762000 3.083967924 -0.091908641 -6.392390728 0.000855377 -0.010768396 -0.005080220 0.999928772
1698029628.259000 3.081835747 -0.090609282 -6.334669590 0.000364777 -0.010696175 -0.005040130 0.999930084
1698029628.665000 3.080488443 -0.089983180 -6.291328430 0.000353339 -0.010959801 -0.005031837 0.999927223
1698029629.162000 3.078546286 -0.088804670 -6.228315830 -0.000478104 -0.011698533 -0.005078313 0.999918580
1698029629.533000 3.076968431 -0.087977745 -6.181272030 0.000612395 -0.011819228 -0.005688753 0.999913812
