1698029470.440000 0.000000000 0.000000000 0.000000000 -0.000000000 -0.000000000 -0.000000000 1.000000000
1698029470.645000 -0.000601579 0.000907508 0.035319146 -0.002473076 0.000058149 0.000110732 0.999996960
1698029471.047000 -0.001095593 0.002729874 0.106546566 -0.001123603 -0.000183059 -0.000102956 0.999999344
1698029471.346000 -0.001221809 0.004653857 0.167829961 -0.002995043 -0.000365364 0.000046594 0.999995470
1698029471.673000 -0.004011301 0.006207578 0.234772593 -0.004538465 -0.008518389 0.002327213 0.999950767
1698029472.001000 -0.021128731 0.005207794 0.301088303 0.006089361 -0.049983900 0.003980804 0.998723567
1698029472.327000 -0.028555285 0.007548709 0.371206105 0.001011292 -0.049998522 -0.001150821 0.998748124
1698029472.669000 -0.036510609 0.009520441 0.447331131 -0.005480270 -0.050103907 0.000006580 0.998728991
1698029473.001000 -0.044687673 0.010653624 0.521015406 -0.001359326 -0.050101276 0.000007850 0.998743236
1698029473.338000 -0.052869137 0.012776252 0.598150551 -0.001514243 -0.050203502 0.000256932 0.998737812
1698029473.657000 -0.060079068 0.014171722 0.672786355 -0.002324564 -0.050502364 0.000815622 0.998720944
1698029474.097000 -0.070766635 0.015795676 0.771571457 -0.001763993 -0.050522882 0.001027498 0.998720825
1698029474.558000 -0.081293374 0.017586349 0.873662531 -0.001904545 -0.050884139 0.001139558 0.998702109
1698029474.981000 -0.091094702 0.019919673 0.967456043 -0.003411268 -0.051095411 0.000778535 0.998687685
1698029475.411000 -0.101845995 0.021886053 1.059127569 -0.004472852 -0.050887041 0.000884508 0.998694003
1698029475.967000 -0.114503399 0.023445128 1.177967787 -0.000054201 -0.050851632 0.000183485 0.998706222
1698029476.517000 -0.125848114 0.026056319 1.291540265 -0.003814342 -0.051648732 -0.000607628 0.998657882
1698029477.057000 -0.138063818 0.027845921 1.408134937 0.000414341 -0.052121639 -0.000537436 0.998640537
1698029477.495000 -0.150113314 0.031107755 1.511668324 -0.002880239 -0.051882204 -0.000390482 0.998649001
1698029478.035000 -0.162947729 0.032975301 1.635305762 -0.002159822 -0.052206848 0.000764805 0.998633683
1698029478.725000 -0.178995192 0.035820790 1.781805158 -0.002678131 -0.052536670 0.000910515 0.998615026
1698029479.360000 -0.195463270 0.040453821 1.935592771 -0.001748414 -0.052540842 0.000424029 0.998617172
1698029480.042000 -0.214015782 0.044134255 2.118196249 0.000451006 -0.053346325 -0.000391608 0.998575926
1698029480.749000 -0.242236719 0.050233826 2.343400717 -0.001197145 -0.053254284 -0.001596114 0.998579025
1698029481.874000 -0.282885432 0.055302620 2.700123549 -0.004655346 -0.068946637 0.003597750 0.997602999
1698029482.884000 -0.346543163 0.061886955 3.008442163 -0.003599562 -0.089466222 -0.000503479 0.995983243
1698029483.593000 -0.383533031 0.067395106 3.215963364 -0.002351202 -0.090026900 -0.000725454 0.995936275
1698029484.410000 -0.430946082 0.073534772 3.451689005 -0.001394563 -0.089829579 0.000670382 0.995956004
1698029485.206000 -0.472117960 0.078990422 3.679751873 -0.004533560 -0.090555154 0.000650019 0.995880902
1698029486.226000 -0.527087808 0.081852198 3.961555481 0.001733940 -0.090755500 0.000402397 0.995871603
1698029486.938000 -0.564351141 0.086394504 4.158191681 -0.000359790 -0.090930983 0.000209610 0.995857120
1698029487.334000 -0.585446775 0.089613490 4.266733646 -0.008677631 -0.090949498 0.001291991 0.995816886
1698029487.930000 -0.616417766 0.091301434 4.427741051 0.002854415 -0.091084689 0.001443852 0.995837986
1698029488.236000 -0.632547677 0.093772925 4.511038780 -0.003646814 -0.091274604 0.001375886 0.995818138
1698029488.741000 -0.659484267 0.095978588 4.649194241 0.002170222 -0.091658741 -0.002158681 0.995785773
1698029489.036000 -0.675152838 0.097855501 4.730348587 -0.000994932 -0.091563180 -0.000951495 0.995798349
1698029489.437000 -0.695849597 0.100784436 4.840064526 -0.003796112 -0.090986960 0.001602295 0.995843589
1698029489.748000 -0.711664438 0.104525067 4.924558640 -0.012163398 -0.089143701 0.001437304 0.995943487
1698029490.243000 -0.735221326 0.104724362 5.058812618 0.004950823 -0.085997917 0.002105939 0.996280789
1698029490.540000 -0.750041425 0.106767394 5.141335487 -0.002232697 -0.086184815 0.000432002 0.996276557
1698029490.849000 -0.766532004 0.108293504 5.230492592 0.001688681 -0.086217940 0.001859274 0.996273160
1698029491.151000 -0.783499300 0.110975280 5.322305202 -0.000481425 -0.086164385 -0.000303532 0.996280789
1698029491.539000 -0.805564880 0.113431185 5.440995693 -0.001811550 -0.086111277 0.001410480 0.996282876
1698029491.949000 -0.829121709 0.115760632 5.569801807 -0.001452012 -0.086215250 0.001814501 0.996273816
1698029492.239000 -0.845319211 0.117363445 5.659229279 -0.001768542 -0.086305924 0.001807112 0.996265471
1698029492.639000 -0.867071331 0.119418308 5.780961990 -0.001707978 -0.086742043 0.002028936 0.996227264
1698029493.054000 -0.890684009 0.122894615 5.904219151 -0.004201117 -0.086612917 0.002059842 0.996231079
1698029493.454000 -0.912511885 0.125320405 6.025211334 -0.000459014 -0.086876020 0.000924651 0.996218622
1698029493.954000 -0.939848363 0.129031911 6.172889709 -0.003902387 -0.086626768 0.001335782 0.996232331
1698029494.451000 -0.965274513 0.131038964 6.315756798 -0.001116800 -0.087109871 0.003573705 0.996191680
1698029494.957000 -0.991652191 0.133609280 6.458478928 -0.001618027 -0.087221570 0.003534423 0.996181369
1698029495.468000 -1.016110659 0.136340275 6.597076416 -0.001643700 -0.087261923 0.003079141 0.996179283
1698029495.974000 -1.033353686 0.138668939 6.736403465 -0.004327893 -0.069238931 0.003528709 0.997584522
1698029496.591000 -1.058983684 0.143084615 6.910995007 -0.004024134 -0.069633640 0.001805378 0.997562885
1698029497.199000 -1.084512472 0.146238238 7.079451084 -0.001753778 -0.069554418 0.003787718 0.997569442
1698029497.905000 -1.114011288 0.149989575 7.279524326 -0.002088539 -0.070059039 0.003536576 0.997534394
1698029498.403000 -1.134571314 0.152614251 7.420151234 -0.002280063 -0.070367172 0.003527105 0.997512341
1698029498.809000 -1.151573896 0.155465022 7.534118652 -0.003236727 -0.070410781 0.003508528 0.997506678
1698029499.504000 -1.179365039 0.159877390 7.727867603 -0.003441391 -0.071070634 0.002585919 0.997462034
1698029500.010000 -1.200337648 0.162663281 7.865628242 -0.002069806 -0.071074255 0.003547945 0.997462571
1698029500.506000 -1.219660640 0.165967628 8.000700951 -0.001695378 -0.071412563 0.002884286 0.997441232
1698029501.010000 -1.241742253 0.168466762 8.143030167 -0.002068081 -0.071343273 0.002727644 0.997445941
1698029501.503000 -1.261763692 0.171405554 8.282845497 -0.004405096 -0.071872957 0.003011553 0.997399569
1698029502.108000 -1.289196849 0.175204694 8.457163811 -0.001790251 -0.071851753 0.003015992 0.997409165
1698029502.710000 -1.310907125 0.179434180 8.627276421 -0.002305028 -0.062439639 0.001786449 0.998044491
1698029503.122000 -1.325391889 0.181810290 8.739046097 -0.001797469 -0.063490957 0.003204730 0.997975647
1698029503.616000 -1.354105234 0.184398711 8.874972343 -0.001906865 -0.085160844 0.003071152 0.996360660
1698029504.020000 -1.369853497 0.187190980 8.981771469 -0.001515677 -0.071582712 -0.000258974 0.997433484
1698029504.408000 -1.367420554 0.189545110 9.082747459 -0.004281576 -0.024684507 0.000758674 0.999685824
1698029504.923000 -1.365960240 0.191578284 9.213960648 0.001047824 0.009378242 -0.003458682 0.999949515
1698029505.464000 -1.362406611 0.193804190 9.336796761 -0.002412116 0.010815613 0.002491173 0.999935508
1698029505.867000 -1.361344218 0.197714865 9.437354088 -0.009661027 0.010764549 0.000759194 0.999895096
1698029506.322000 -1.342129946 0.199249014 9.542042732 -0.001876520 0.064902484 -0.005362736 0.997875452
1698029506.819000 -1.323396444 0.201422766 9.663076401 0.001713557 0.076560989 -0.002609844 0.997060001
1698029507.225000 -1.283947587 0.205235019 9.746899605 -0.007258677 0.162522420 -0.012147994 0.986603379
1698029507.721000 -1.240445733 0.206575066 9.858051300 0.000913697 0.175796852 -0.006112794 0.984407067
1698029508.122000 -1.194741011 0.207502782 9.937844276 -0.005044383 0.231356204 -0.017381841 0.972700775
1698029508.540000 -1.133612037 0.207773685 10.004403114 -0.001754183 0.311606228 -0.016526295 0.950066030
1698029509.087000 -1.045715570 0.206754506 10.067445755 0.003873041 0.408082992 -0.014729907 0.912817836
1698029509.479000 -0.968769073 0.204546973 10.105720520 0.008705555 0.480829269 -0.014795365 0.876646161
1698029510.036000 -0.862740040 0.205000520 10.135390282 0.000455773 0.571681440 -0.012194633 0.820384979
1698029510.622000 -0.749845028 0.204703569 10.171540260 0.002852074 0.585761011 -0.012626708 0.810380399
1698029511.384000 -0.618691444 0.203492582 10.184285164 0.002537654 0.650149405 -0.013651107 0.759679556
1698029512.029000 -0.509966850 0.202657014 10.201515198 0.003258278 0.653162599 -0.014158142 0.757078290
1698029512.619000 -0.412427902 0.201922566 10.216957092 0.004622399 0.653048635 -0.014504030 0.757162929
1698029513.143000 -0.321545601 0.201235384 10.231985092 0.003092512 0.653234541 -0.013343114 0.757031739
1698029513.815000 -0.195032120 0.199778676 10.251975060 0.002937051 0.653039515 -0.013544338 0.757197022
1698029514.619000 -0.051568985 0.198644832 10.272967339 0.001849677 0.652354956 -0.014638059 0.757770061
1698029515.194000 0.054928780 0.198216170 10.290611267 0.001677813 0.651899517 -0.015740033 0.758140147
1698029515.862000 0.182594299 0.197516352 10.310641289 0.003036458 0.651918709 -0.013481682 0.758162916
1698029516.521000 0.306799889 0.195966810 10.331923485 0.003665995 0.652088642 -0.013672949 0.758010566
1698029517.402000 0.474389076 0.194955558 10.358366966 0.003999502 0.651794374 -0.013026379 0.758273304
1698029518.236000 0.639229298 0.193593636 10.385098457 0.006734821 0.651389718 -0.014797285 0.758569121
1698029519.055000 0.819318295 0.191405058 10.415588379 0.007833270 0.651600838 -0.017246040 0.758325458
1698029519.924000 1.022953987 0.191908285 10.446792603 0.003127052 0.652313352 -0.012290591 0.757843316
1698029521.010000 1.275002956 0.189167738 10.488699913 0.003624806 0.651658177 -0.013760435 0.758379221
1698029521.878000 1.481119156 0.187326536 10.523023605 0.005530542 0.651161253 -0.014359727 0.758783400
1698029522.707000 1.676897049 0.186078668 10.566076279 0.005060114 0.631384909 -0.017820423 0.775248230
1698029523.305000 1.816631317 0.184462532 10.596258163 0.005122646 0.631022573 -0.017785655 0.775543571
1698029523.902000 1.966133595 0.184590176 10.629243851 0.000605076 0.631842971 -0.013056939 0.774986267
1698029524.529000 2.114999771 0.182993501 10.645420074 -0.002052327 0.667097688 -0.015244707 0.744811416
1698029525.408000 2.324746132 0.179675549 10.670759201 0.001605164 0.667285740 -0.013498426 0.744677782
1698029526.034000 2.482373714 0.178999156 10.705293655 0.003742323 0.636625171 -0.014480606 0.771028340
1698029526.813000 2.670966148 0.177134454 10.744805336 0.001224075 0.636584222 -0.018826302 0.770976424
1698029527.436000 2.814004898 0.175930575 10.772271156 0.001260466 0.635810018 -0.019225817 0.771605074
1698029528.209000 3.009325981 0.175383642 10.805065155 -0.000803702 0.651206970 -0.018040644 0.758685350
1698029528.616000 3.108693123 0.174949825 10.820437431 -0.001269180 0.653034508 -0.014286588 0.757192254
1698029529.230000 3.257369995 0.173377201 10.844285011 0.001250685 0.653289557 -0.018145513 0.756889641
1698029529.627000 3.358359337 0.173558742 10.860774994 -0.000568526 0.653715611 -0.016386595 0.756562650
1698029530.229000 3.507784843 0.172324300 10.883468628 -0.000049712 0.653910458 -0.016971614 0.756381571
1698029530.826000 3.654057980 0.171596244 10.904479980 0.000456731 0.653922677 -0.016379226 0.756384015
1698029531.417000 3.794497013 0.170943394 10.925527573 0.000865315 0.653976619 -0.017019724 0.756322861
1698029531.812000 3.888364792 0.170337990 10.941476822 0.001981110 0.654848993 -0.017497994 0.755554557
1698029532.397000 4.025266171 0.170453876 10.962120056 -0.000704303 0.655008972 -0.016856909 0.755432725
1698029532.982000 4.160380840 0.169057056 10.980907440 -0.000240824 0.655070186 -0.017127516 0.755373895
1698029533.567000 4.284450531 0.169795126 11.005780220 0.001682831 0.649934828 -0.017301874 0.759791136
1698029534.487000 4.480937958 0.168556586 11.050859451 0.000246406 0.626608133 -0.018566430 0.779113352
1698029535.079000 4.596375465 0.168668926 11.050970078 -0.001676034 0.697750032 -0.027433405 0.715813875
1698029535.656000 4.681891441 0.162223741 11.027408600 -0.002127088 0.764490902 -0.023736101 0.644193947
1698029536.556000 4.784033775 0.164770722 10.967454910 0.001718707 0.838460982 -0.017230392 0.544686615
1698029537.282000 4.850098610 0.165189639 10.910203934 0.002682205 0.885744274 -0.011916931 0.464012921
1698029537.775000 4.891805649 0.165266708 10.866468430 0.004719692 0.912537098 -0.012732453 0.408768475
1698029538.529000 4.935305595 0.164613366 10.793944359 0.006053102 0.944732487 -0.020136952 0.327167243
1698029539.026000 4.967922211 0.164938152 10.747380257 0.012346467 0.949158788 -0.015523602 0.314172298
1698029539.510000 4.997633934 0.161449760 10.701321602 0.010768107 0.949071109 -0.015677933 0.314487457
1698029539.986000 5.032347679 0.159740925 10.650960922 0.011192481 0.952955544 -0.018985156 0.302307785
1698029540.688000 5.061363220 0.158018574 10.566943169 0.012512388 0.976596355 -0.017418420 0.214008659
1698029541.315000 5.088677406 0.155308723 10.484060287 0.018433215 0.983341813 -0.020301824 0.179685608
1698029541.962000 5.122106552 0.152713612 10.398168564 0.018465515 0.983215928 -0.021456076 0.180236369
1698029542.565000 5.152836800 0.150891468 10.306777954 0.014334160 0.986914992 -0.016881045 0.159713268
1698029543.153000 5.174925804 0.149103537 10.214288712 0.016726488 0.990385413 -0.015159290 0.136481360
1698029543.713000 5.186472893 0.149003461 10.123058319 0.005876059 0.996265471 -0.009083895 0.085662752
1698029544.238000 5.201018333 0.145893529 10.027936935 0.014265019 0.996343672 -0.019172853 0.082025766
1698029544.811000 5.221740723 0.144597262 9.916652679 0.010566361 0.996458709 -0.014043790 0.082226768
1698029545.384000 5.243803024 0.141959652 9.804514885 0.010232781 0.996477067 -0.017417200 0.081396766
1698029546.299000 5.279083252 0.138608783 9.617882729 0.012561099 0.994681656 -0.015018549 0.101119459
1698029547.016000 5.310828209 0.135563210 9.476905823 0.009978243 0.993795455 -0.017413171 0.109397687
1698029547.853000 5.339283943 0.131972596 9.293792725 0.011428458 0.996410549 -0.017407848 0.082051456
1698029548.514000 5.365762711 0.129715905 9.143746376 0.007884616 0.996466100 -0.014546875 0.082350165
1698029549.190000 5.391438484 0.127343804 8.990014076 0.009386394 0.996389270 -0.017785065 0.082486838
1698029549.852000 5.418660164 0.124603055 8.831956863 0.008976882 0.996438980 -0.016770225 0.082143545
1698029550.525000 5.441828728 0.121580154 8.672048569 0.010681212 0.996335626 -0.016911048 0.083158329
1698029551.126000 5.469124794 0.118723482 8.532220840 0.011330570 0.996424615 -0.017074538 0.081963852
1698029551.775000 5.500182152 0.115746751 8.384111404 0.011911497 0.994050324 -0.015395381 0.107168518
1698029552.446000 5.533510208 0.113718644 8.242504120 0.010121151 0.993536055 -0.015781201 0.111958183
1698029553.104000 5.557926178 0.111291826 8.101255417 0.010480773 0.996326685 -0.015823465 0.083504155
1698029553.754000 5.581805706 0.108054325 7.964973927 0.013342473 0.996326089 -0.015250463 0.083209373
1698029554.403000 5.604675293 0.105538681 7.833679199 0.012507152 0.996288121 -0.015089143 0.083820961
1698029554.822000 5.621672153 0.103360921 7.747149944 0.011095470 0.996327639 -0.014693125 0.083620280
1698029555.445000 5.644810677 0.101341508 7.622403622 0.011976912 0.996361017 -0.016106032 0.082836717
1698029556.282000 5.678977966 0.098982148 7.455487728 0.015642561 0.994749904 -0.015182726 0.099987529
1698029556.711000 5.697493553 0.097390816 7.373808384 0.012994288 0.994071484 -0.016538370 0.106674582
1698029557.352000 5.726186752 0.094583973 7.254427433 0.014014629 0.994249880 -0.019094270 0.104432799
1698029557.780000 5.743031502 0.093042538 7.177412510 0.012985015 0.994173169 -0.014054619 0.106082603
1698029558.426000 5.770730972 0.091011509 7.062962055 0.011851959 0.994195938 -0.015774054 0.105759926
1698029559.249000 5.789638042 0.088561058 6.917520523 0.011698565 0.997274697 -0.015749451 0.071121894
1698029560.425000 5.805894375 0.081981778 6.711854935 0.013044280 0.999329329 -0.014685453 0.030904289
1698029561.122000 5.796727180 0.082066968 6.591475487 -0.011912293 -0.999376595 0.013093527 0.030547109
1698029561.794000 5.796502113 0.080569379 6.471220970 -0.021040058 -0.999693453 0.012591532 0.003439187
1698029562.339000 5.806521893 0.078370579 6.377125740 0.021084297 0.999291658 -0.015776683 0.026883829
1698029562.890000 5.819371700 0.078217030 6.271174908 0.024448965 0.998048127 -0.013981829 0.055737890
1698029563.458000 5.835275650 0.075209714 6.157178879 0.017916715 0.997935951 -0.015933186 0.059573900
1698029564.020000 5.849472523 0.073215194 6.040857315 0.019078946 0.997893810 -0.017808177 0.059387662
1698029564.415000 5.866172791 0.071795344 5.957324028 0.028322941 0.995453060 -0.011941994 0.090157934
1698029564.980000 5.888739586 0.070295230 5.842251778 0.024262857 0.995089054 -0.011645079 0.095254607
1698029565.572000 5.913447380 0.067528233 5.724987984 0.021559767 0.995069861 -0.014547983 0.095705658
1698029566.179000 5.937072277 0.064017624 5.603848457 0.021706998 0.994855404 -0.021085151 0.096680097
1698029566.771000 5.962062836 0.061422795 5.486167431 0.020232452 0.995017290 -0.016958913 0.096143968
1698029567.353000 5.985499859 0.058307633 5.371267319 0.019163422 0.995089233 -0.014831839 0.095969677
1698029567.942000 6.007776737 0.056370646 5.257040501 0.017721610 0.994971752 -0.018247636 0.096872509
1698029568.573000 6.031387329 0.055304386 5.143291473 0.015054930 0.995042562 -0.015557271 0.097065225
1698029569.154000 6.054220676 0.053347714 5.032054901 0.015363384 0.995038509 -0.017138597 0.096791543
1698029569.924000 6.084348679 0.050923049 4.883567333 0.015801895 0.995074868 -0.016465381 0.096463241
1698029570.489000 6.105204105 0.047696196 4.775951862 0.016164970 0.995030642 -0.016517425 0.096850164
1698029571.054000 6.123350143 0.045506425 4.670271873 0.015840543 0.996499777 -0.015689993 0.080567025
1698029571.791000 6.145879745 0.042565987 4.533659935 0.015582898 0.996696472 -0.015882224 0.078109205
1698029572.164000 6.156857967 0.041604087 4.465220451 0.015187669 0.996692419 -0.015622018 0.078291215
1698029572.902000 6.185800552 0.038519122 4.330901623 0.015638068 0.995225370 -0.016666045 0.094890423
1698029573.454000 6.206827164 0.035777301 4.227832794 0.015157589 0.995283842 -0.015749050 0.094511181
1698029573.829000 6.219867229 0.034562871 4.158542633 0.015971636 0.995235860 -0.015912322 0.094854116
1698029574.379000 6.241170406 0.032591850 4.056540012 0.016507948 0.995289981 -0.015667714 0.094233565
1698029574.926000 6.260470390 0.030156881 3.955737114 0.018726479 0.995148480 -0.017167244 0.095047824
1698029575.657000 6.286720753 0.027485758 3.825443268 0.014908010 0.995234609 -0.015797826 0.095059514
1698029576.214000 6.306783199 0.025487572 3.726405621 0.015168252 0.995219648 -0.017139586 0.094942160
1698029576.925000 6.333559513 0.022662744 3.595006943 0.015963217 0.995262265 -0.015440799 0.094656155
1698029577.630000 6.353918076 0.019921705 3.471028805 0.015897537 0.996643305 -0.015358781 0.078826159
1698029578.153000 6.370345116 0.019164845 3.374542236 0.016329631 0.996750534 -0.009372085 0.078319512
1698029578.844000 6.391392231 0.016390949 3.248401642 0.016489476 0.996693790 -0.014080915 0.078303501
1698029579.371000 6.408291817 0.014619410 3.149933338 0.017127493 0.996715128 -0.014802624 0.077759244
1698029580.059000 6.428521156 0.012493610 3.024325371 0.017228093 0.996736825 -0.014784305 0.077461913
1698029580.746000 6.449337482 0.010555044 2.894091129 0.017875703 0.996738434 -0.016217977 0.077006377
1698029581.433000 6.471181393 0.007381618 2.757896900 0.019728057 0.996624112 -0.019166281 0.077355489
1698029581.944000 6.488749027 0.006386161 2.655659199 0.016684193 0.996807456 -0.012462876 0.077079549
1698029582.457000 6.506578922 0.004696444 2.554015160 0.016835118 0.996806264 -0.016278520 0.076347321
1698029583.125000 6.528719425 0.002046302 2.419566631 0.017324986 0.996852815 -0.015149324 0.075861067
1698029583.793000 6.549735069 -0.000723794 2.284322023 0.018084621 0.996862113 -0.014044851 0.075773567
1698029584.295000 6.566329956 -0.001992196 2.183423996 0.018337840 0.996876597 -0.015242602 0.075288780
1698029584.792000 6.583292961 -0.004084751 2.080492258 0.015412271 0.996960342 -0.015574414 0.074765868
1698029585.280000 6.600142479 -0.005609125 1.979179502 0.013641637 0.997089088 -0.012083385 0.074035756
1698029585.771000 6.617855072 -0.007829383 1.870335579 0.013698928 0.996970594 -0.015953198 0.074883156
1698029586.096000 6.629520416 -0.008915991 1.798233032 0.014752782 0.997027278 -0.014104952 0.074297510
1698029586.590000 6.645955086 -0.012166649 1.690480590 0.022180628 0.996850669 -0.020239625 0.073397599
1698029587.229000 6.670360565 -0.013916805 1.548901796 0.015364845 0.997072935 -0.015362872 0.073303960
1698029587.706000 6.684700966 -0.015787154 1.450069189 0.013400077 0.997112274 -0.016832944 0.072830223
1698029588.351000 6.705150127 -0.017316282 1.316564798 0.017474689 0.997108698 -0.013947483 0.072625227
1698029589.145000 6.729950905 -0.021102518 1.153486967 0.014472581 0.997166038 -0.017631276 0.071690984
1698029589.772000 6.747939110 -0.023430079 1.028244853 0.017164448 0.997106910 -0.016814558 0.072114848
1698029590.242000 6.761876106 -0.024521321 0.936728954 0.017429527 0.997153103 -0.011966405 0.072379060
1698029591.021000 6.785212517 -0.026111916 0.791137576 0.016566785 0.997197390 -0.014469343 0.071509622
1698029591.799000 6.808300972 -0.028409496 0.640379608 0.017192673 0.997220516 -0.013850816 0.071160272
1698029592.425000 6.825772762 -0.030635193 0.520636618 0.017924815 0.997175634 -0.014960035 0.071384452
1698029592.887000 6.839596748 -0.031274676 0.431673288 0.017926980 0.997282624 -0.009325783 0.070845105
1698029593.503000 6.858713150 -0.033262804 0.304199457 0.016550930 0.997267246 -0.013573197 0.070709988
1698029593.958000 6.873250008 -0.034695208 0.209945798 0.016455628 0.997270167 -0.016119784 0.070154428
1698029594.411000 6.887576580 -0.036034673 0.116512895 0.016109511 0.997335374 -0.014352426 0.069689497
1698029594.713000 6.898709774 -0.037382796 0.055884361 0.018730294 0.996426284 -0.014430122 0.081090868
1698029595.175000 6.914469719 -0.038808435 -0.035920620 0.017062616 0.996320665 -0.015946506 0.082460321
1698029595.631000 6.931125164 -0.040491253 -0.128821611 0.019303897 0.996327162 -0.013790683 0.082276233
1698029596.083000 6.947287560 -0.042013854 -0.217109203 0.018568197 0.996330142 -0.015324869 0.082137972
1698029596.548000 6.963169575 -0.043476522 -0.305968761 0.016680395 0.996379018 -0.014087625 0.082171239
1698029597.000000 6.978766441 -0.044837996 -0.394487619 0.017212134 0.996391594 -0.014871364 0.081770316
1698029597.594000 6.997979164 -0.046645507 -0.506763935 0.018068794 0.996369421 -0.014901402 0.081850208
1698029598.188000 7.017517090 -0.048304647 -0.615803957 0.018266024 0.996393144 -0.015600216 0.081386514
1698029598.817000 7.036965847 -0.051369280 -0.726687193 0.020933304 0.996378064 -0.015668351 0.080914192
1698029599.255000 7.050640583 -0.053255767 -0.809173107 0.019961393 0.996361196 -0.014298283 0.081618376
1698029599.841000 7.069361210 -0.055298060 -0.917113066 0.018993421 0.996373832 -0.014997972 0.081569150
1698029600.278000 7.083232880 -0.056604058 -0.996149540 0.019330909 0.996377468 -0.014520285 0.081532121
1698029600.845000 7.101440430 -0.058415145 -1.097997427 0.020110333 0.996371925 -0.015917845 0.081149638
1698029601.274000 7.114575863 -0.059451193 -1.176159859 0.020410614 0.996381879 -0.014142773 0.081280418
1698029601.843000 7.131537914 -0.061402470 -1.277317286 0.021584824 0.996363521 -0.014357145 0.081164978
1698029602.417000 7.148597717 -0.063202262 -1.377594233 0.020957980 0.996354282 -0.013637209 0.081565961
1698029602.990000 7.166269779 -0.064426631 -1.475753546 0.020316057 0.996379316 -0.015216726 0.081142150
1698029603.409000 7.178552151 -0.065469831 -1.546098709 0.020299623 0.996399224 -0.014756209 0.080986336
1698029603.971000 7.194955826 -0.066986829 -1.643445015 0.020602716 0.996386170 -0.014227960 0.081164651
1698029604.675000 7.216440201 -0.069448113 -1.763518333 0.021350961 0.996389091 -0.015186931 0.080760330
1698029605.348000 7.222390652 -0.070440948 -1.875626564 0.019563815 0.999163568 -0.012500381 0.033663344
1698029605.869000 7.227619171 -0.072204262 -1.963924885 0.018253466 0.999336541 -0.016045649 0.027127441
1698029606.412000 7.205992699 -0.069636688 -2.050750732 -0.016349003 -0.995733738 0.014495159 0.089649260
1698029606.805000 7.177584648 -0.067660630 -2.108743429 -0.022248944 -0.984278858 0.004994496 0.175143540
1698029607.148000 7.144553661 -0.066140026 -2.154094696 -0.021628655 -0.968529701 0.005442771 0.247896791
1698029607.555000 7.098836899 -0.065101698 -2.200558186 -0.019966181 -0.943819523 0.003562836 0.329838455
1698029607.866000 7.059050083 -0.065321833 -2.230516434 -0.011474808 -0.920639038 0.006718563 0.390188366
1698029608.172000 7.017370224 -0.064334705 -2.254234314 -0.015000255 -0.894913971 0.007182112 0.445928812
1698029608.469000 6.975828648 -0.061801404 -2.270411015 -0.017291889 -0.867622435 0.004260376 0.496904552
1698029608.763000 6.932984352 -0.060350604 -2.282086372 -0.017866258 -0.837768078 -0.001481984 0.545731902
1698029609.373000 6.849954605 -0.057193860 -2.317268372 -0.021323448 -0.833332241 0.004517797 0.552342534
1698029609.865000 6.777992725 -0.055093396 -2.344693184 -0.017611250 -0.824414909 0.002859919 0.565704584
1698029610.071000 6.746490479 -0.053401873 -2.348421574 -0.015485846 -0.800811768 -0.002706465 0.598709881
1698029610.373000 6.701593399 -0.051537305 -2.357234955 -0.022806222 -0.790774107 0.001903690 0.611680150
1698029610.665000 6.659407616 -0.049825311 -2.368996143 -0.021864504 -0.790756881 0.001566742 0.611737728
1698029611.072000 6.600747585 -0.047545239 -2.384027004 -0.021494551 -0.791049004 0.001431031 0.611373365
1698029611.464000 6.544282436 -0.045797508 -2.400115490 -0.017584002 -0.790838361 0.005255971 0.611749947
1698029611.762000 6.496691704 -0.043436307 -2.412589073 -0.019020334 -0.791087985 0.002873902 0.611399949
1698029612.170000 6.433035851 -0.040818430 -2.430106163 -0.019764869 -0.791186392 -0.001499990 0.611253798
1698029612.575000 6.370894432 -0.037872508 -2.446855545 -0.019073855 -0.791161299 -0.000527306 0.611309946
1698029612.969000 6.310320854 -0.036501884 -2.463597775 -0.018447086 -0.791118264 0.001699609 0.611382604
1698029613.374000 6.249533653 -0.033458933 -2.479786396 -0.019808788 -0.791330814 -0.002463384 0.611062348
1698029613.872000 6.176095963 -0.030311696 -2.495182514 -0.012440383 -0.776676297 -0.003497955 0.629767418
1698029614.368000 6.104319572 -0.027269170 -2.511107922 -0.016906865 -0.776357472 -0.003666741 0.630055308
1698029614.873000 6.032118320 -0.024186276 -2.526722908 -0.014016559 -0.776459575 -0.004463925 0.629995465
1698029615.471000 5.937741280 -0.020150460 -2.547278404 -0.013551672 -0.776822090 -0.005285871 0.629552186
1698029616.074000 5.840319633 -0.015774854 -2.569042206 -0.013473797 -0.776763558 -0.005090503 0.629627585
1698029616.674000 5.745357513 -0.011841729 -2.594408035 -0.021144018 -0.787060201 -0.001852514 0.616510928
1698029617.270000 5.654090881 -0.008844338 -2.621230602 -0.016638719 -0.794310808 0.002086372 0.607280135
1698029617.974000 5.551827431 -0.004443958 -2.658373356 -0.015406610 -0.808117747 -0.005867524 0.588790238
1698029618.695000 5.449182510 -0.001015246 -2.688537121 -0.013499586 -0.800591886 -0.005776800 0.599030197
1698029619.386000 5.347977638 0.003459118 -2.710567474 -0.013061417 -0.783086836 -0.003929735 0.621762872
1698029620.089000 5.242659569 0.009087577 -2.706023216 -0.009029909 -0.715401769 -0.009656813 0.698588252
1698029620.790000 5.143273354 0.014303841 -2.691236973 -0.010955886 -0.660050154 -0.011786859 0.751049161
1698029621.526000 5.053320885 0.018410228 -2.645773649 -0.013098205 -0.553067923 -0.013753570 0.832919657
1698029622.242000 4.980686188 0.024335809 -2.582871199 -0.014271572 -0.456095904 -0.014077713 0.889704883
1698029623.107000 4.882287502 0.030737214 -2.511687517 -0.012998392 -0.447084039 -0.006437244 0.894374371
1698029623.698000 4.828286648 0.034124158 -2.454058409 -0.004321235 -0.387475789 -0.015381092 0.921741486
1698029623.906000 4.813024044 0.035321958 -2.429704666 -0.003143175 -0.353326231 -0.016901981 0.935342193
1698029624.116000 4.799846172 0.036379997 -2.404795170 -0.003380805 -0.318284899 -0.019999731 0.947778106
1698029624.443000 4.783177853 0.037418831 -2.363878727 -0.002159952 -0.263438135 -0.019060928 0.964485526
1698029624.796000 4.767472744 0.038999662 -2.321164131 -0.005337037 -0.229068190 -0.011357506 0.973329484
1698029625.369000 4.745275974 0.040485777 -2.250316858 -0.000156107 -0.173828408 -0.014567732 0.984668195
1698029625.867000 4.740450859 0.040871035 -2.188781261 0.001697986 -0.102888048 -0.011972801 0.994619429
1698029626.244000 4.730336666 0.041902982 -2.142916441 0.002228966 -0.102242976 -0.009187105 0.994714558
1698029626.754000 4.717529297 0.043234341 -2.082705021 -0.002045070 -0.103108101 -0.010007255 0.994617760
1698029627.260000 4.704691887 0.044413153 -2.023388147 -0.001109098 -0.103465140 -0.010255011 0.994579613
1698029627.638000 4.694889545 0.045079451 -1.977913737 0.001259245 -0.103706352 -0.010448747 0.994552314
1698029628.011000 4.684524059 0.046496820 -1.930771112 -0.001792483 -0.103913859 -0.010705976 0.994527042
1698029628.539000 4.671066284 0.047598787 -1.868789077 -0.000901014 -0.104349650 -0.010376818 0.994486153
1698029629.040000 4.655954838 0.049425345 -1.802440524 0.000285217 -0.104880936 -0.010141325 0.994433045
1698029629.533000 4.640153885 0.050879378 -1.734953642 -0.000348047 -0.104939967 -0.010905595 0.994418740
