1698058066.655000 0.000000000 0.000000000 0.000000000 -0.000000000 -0.000000000 -0.000000000 1.000000000
1698058067.455000 -0.000159275 0.001787461 0.047764566 -0.002570982 -0.000321819 0.000003849 0.999996662
1698058067.755000 -0.000634001 0.002045861 0.072120711 -0.001302567 -0.000249258 -0.000137665 0.999999106
1698058067.855000 -0.000506820 0.001860117 0.081371032 -0.000057674 -0.000402263 -0.000153197 0.999999940
1698058068.055000 -0.001749774 0.002373972 0.105049342 0.000510044 -0.004749393 0.000991715 0.999988139
1698058068.355000 -0.005230147 0.003502871 0.144397110 -0.001033340 -0.013342598 -0.000156369 0.999910474
1698058068.555000 -0.005939745 0.004232494 0.170996591 -0.003079774 -0.013361308 -0.000239149 0.999906003
1698058068.755000 -0.006700097 0.004800044 0.201078787 -0.002871049 -0.013483313 0.000113609 0.999904990
1698058068.955000 -0.007775024 0.005254166 0.226980805 -0.001852325 -0.013620473 0.000035244 0.999905527
1698058069.255000 -0.013913648 0.006828649 0.269522429 -0.004512989 -0.029141450 0.001633886 0.999563813
1698058069.555000 -0.017196938 0.007805338 0.315758079 -0.005198618 -0.029649917 -0.000170712 0.999546826
1698058069.855000 -0.024850983 0.009089658 0.358887970 -0.004758962 -0.047279678 0.004249356 0.998861313
1698058070.255000 -0.035516545 0.010274519 0.407347947 -0.004046893 -0.063446037 0.000091014 0.997977078
1698058070.555000 -0.040876072 0.008787152 0.447271496 0.005293669 -0.063493773 0.001628972 0.997966886
1698058070.855000 -0.046196695 0.010243202 0.488150656 0.005070635 -0.063751563 0.001616417 0.997951627
1698058071.155000 -0.052132059 0.012036903 0.532938838 -0.004412322 -0.063896716 0.000773895 0.997946441
1698058071.355000 -0.056150764 0.012733231 0.560831010 -0.006584669 -0.064683817 0.000468519 0.997883976
1698058071.655000 -0.065624267 0.013336308 0.603044033 -0.003310537 -0.077997871 0.000824918 0.996947706
1698058072.055000 -0.075720437 0.014467266 0.661068976 -0.003041109 -0.077784866 0.000574177 0.996965349
1698058072.355000 -0.083205543 0.014905598 0.707701802 0.000056165 -0.078035280 0.001115367 0.996949971
1698058072.755000 -0.095586881 0.016677415 0.784846663 -0.000354147 -0.078287199 0.001321070 0.996929944
1698058073.155000 -0.109839059 0.018461594 0.869668841 -0.003201967 -0.078235149 0.001456997 0.996928751
1698058073.555000 -0.124299526 0.019666767 0.960237563 -0.000066914 -0.078525215 0.001579612 0.996910870
1698058074.055000 -0.143959492 0.023413409 1.078626752 -0.002977972 -0.078613296 0.001385670 0.996899784
1698058074.455000 -0.159503654 0.026234917 1.176724195 -0.004191808 -0.079048730 0.001217921 0.996861219
1698058074.855000 -0.176146775 0.028131653 1.277459264 -0.002847444 -0.079169065 0.001657753 0.996855795
1698058075.355000 -0.197114080 0.031388298 1.404485464 -0.003142611 -0.079271175 0.000960108 0.996847689
1698058075.855000 -0.218763322 0.034048002 1.531754255 -0.003501103 -0.079391964 0.000650576 0.996837139
1698058076.355000 -0.239778414 0.036322244 1.657864213 -0.002944807 -0.079412788 0.001382458 0.996836483
1698058076.855000 -0.260227501 0.039115913 1.783971906 -0.002899851 -0.079616055 0.001154952 0.996820748
1698058077.455000 -0.280243546 0.042643540 1.928762794 -0.002763538 -0.071319990 -0.000752177 0.997449398
1698058077.955000 -0.297549158 0.046002042 2.047540665 -0.005503574 -0.071256034 0.000840581 0.997442544
1698058078.455000 -0.315410823 0.048399922 2.169128180 -0.002821613 -0.071380630 0.000394159 0.997445107
1698058079.055000 -0.340446532 0.053201865 2.316844940 -0.004711352 -0.080890320 0.002524753 0.996708691
1698058079.655000 -0.364975691 0.055665988 2.462957859 -0.002459673 -0.083238661 0.000300700 0.996526599
1698058080.155000 -0.386797249 0.059244253 2.590873003 -0.002213396 -0.083489388 0.000674098 0.996505976
1698058080.755000 -0.413132459 0.061954442 2.739602804 -0.002707405 -0.083550408 0.000494502 0.996499777
1698058081.355000 -0.439519316 0.065704554 2.889621019 -0.005380271 -0.083843268 0.000238190 0.996464372
1698058081.955000 -0.465735823 0.069764860 3.041192055 -0.001720615 -0.084198728 -0.000011006 0.996447504
1698058082.455000 -0.488242596 0.073501296 3.167537689 -0.005028818 -0.083944261 -0.000839204 0.996457398
1698058083.155000 -0.516443074 0.077166796 3.336266994 -0.002726029 -0.084518507 -0.000122999 0.996418178
1698058083.655000 -0.538929820 0.080496334 3.463251352 -0.002517506 -0.084620684 -0.000328481 0.996410012
1698058084.355000 -0.569985926 0.084100783 3.637598753 -0.003170443 -0.085018821 -0.000163549 0.996374309
1698058084.955000 -0.597887456 0.087845124 3.790803671 -0.004620543 -0.084991008 -0.000113473 0.996371031
1698058085.355000 -0.614537716 0.090815477 3.887618780 -0.005113261 -0.079433225 -0.001523643 0.996825933
1698058086.055000 -0.643456578 0.094288573 4.060639858 -0.006979976 -0.078812048 -0.001261952 0.996864259
1698058086.755000 -0.668045580 0.096834429 4.230493069 -0.001487717 -0.073894918 0.000298576 0.997264862
1698058087.255000 -0.689695716 0.100275934 4.363424301 -0.003697241 -0.073781528 0.000126674 0.997267604
1698058087.755000 -0.710730791 0.104153097 4.498165607 -0.007394231 -0.073991075 0.000195849 0.997231483
1698058088.155000 -0.725785911 0.105485208 4.605495930 -0.001731338 -0.067783803 -0.000430442 0.997698486
1698058088.555000 -0.740693688 0.107941687 4.710584641 -0.002770385 -0.068195052 0.000071815 0.997668147
1698058089.155000 -0.764386773 0.110855527 4.873734951 0.000903064 -0.068402216 0.000737518 0.997657180
1698058089.555000 -0.778767884 0.112769157 4.976866722 -0.001702098 -0.068742372 0.000516277 0.997632861
1698058089.955000 -0.794826329 0.115739636 5.083030701 -0.004689404 -0.068487436 -0.000089940 0.997640967
1698058090.355000 -0.809702635 0.120381892 5.185028553 -0.011824781 -0.068554148 -0.000348185 0.997577310
1698058090.755000 -0.824512541 0.120747432 5.290526867 0.001621728 -0.069012783 -0.000136681 0.997614503
1698058091.055000 -0.835060894 0.122759551 5.366570473 -0.003093584 -0.065077178 -0.000368518 0.997875392
1698058091.355000 -0.845753789 0.125111088 5.441391945 -0.005566345 -0.064886704 -0.000179866 0.997877121
1698058091.655000 -0.855953574 0.125885606 5.520974159 0.000614833 -0.065443583 -0.000268389 0.997856081
1698058092.055000 -0.870371819 0.128752932 5.623030186 -0.005373662 -0.064161077 -0.001228679 0.997924328
1698058092.455000 -0.881355762 0.130836412 5.725189209 -0.003027713 -0.055527728 -0.000320510 0.998452485
1698058092.755000 -0.890706897 0.132280454 5.803834438 -0.001769388 -0.055608720 -0.000021405 0.998451054
1698058093.055000 -0.900426030 0.134235471 5.880169392 -0.003549883 -0.055360224 -0.000484762 0.998460054
1698058093.455000 -0.912850916 0.136898115 5.985127926 -0.002994574 -0.055521406 -0.000521758 0.998452902
1698058093.855000 -0.923864126 0.139570132 6.087436199 -0.002912716 -0.056010436 -0.000646064 0.998425722
1698058094.155000 -0.933419049 0.141635016 6.163072586 -0.004006540 -0.055978429 -0.000386053 0.998423874
1698058094.555000 -0.945781827 0.144352645 6.267946720 -0.004819600 -0.056032818 -0.000436675 0.998417199
1698058094.955000 -0.957672894 0.146496654 6.367690563 -0.000871328 -0.055986453 -0.001176197 0.998430490
1698058095.355000 -0.968950629 0.149161682 6.468317986 -0.004048243 -0.056456383 -0.000982732 0.998396397
1698058095.755000 -0.984055221 0.150898382 6.570467949 -0.003311869 -0.063982710 -0.000260549 0.997945487
1698058096.255000 -1.001555681 0.154453591 6.699703217 -0.002402395 -0.064223059 -0.000589220 0.997932494
1698058096.655000 -1.015545249 0.157154351 6.803760052 -0.002283579 -0.064307481 -0.000490730 0.997927427
1698058097.055000 -1.029677033 0.159088954 6.907276630 -0.002677546 -0.064307801 -0.000719507 0.997926295
1698058097.555000 -1.046740770 0.162343487 7.037403584 -0.005364029 -0.064712510 -0.000834977 0.997889221
1698058097.955000 -1.060995460 0.165174574 7.137876511 -0.003928292 -0.064637631 0.000071431 0.997901082
1698058098.455000 -1.079549074 0.168524444 7.268253803 -0.004495330 -0.064723328 -0.001004992 0.997892618
1698058098.955000 -1.096757174 0.171314344 7.394051552 -0.003100432 -0.064950429 -0.000608338 0.997883499
1698058099.455000 -1.113857746 0.173426270 7.520605087 -0.002944642 -0.065220013 -0.000417698 0.997866511
1698058099.955000 -1.130610585 0.176457539 7.633362770 -0.002623685 -0.064872548 -0.000472760 0.997889996
1698058100.455000 -1.147330165 0.178929836 7.759657383 -0.002504487 -0.065472282 -0.000505299 0.997851133
1698058101.155000 -1.171294808 0.183982342 7.931536198 -0.004220109 -0.065541700 -0.000491120 0.997840822
1698058101.655000 -1.187190175 0.186568841 8.052590370 -0.003258659 -0.066078670 -0.000912135 0.997808695
1698058102.355000 -1.211302996 0.190856919 8.224937439 -0.002947383 -0.066054091 -0.001284343 0.997810900
1698058102.755000 -1.225138545 0.192662761 8.323141098 -0.002472708 -0.066134520 -0.000989163 0.997807145
1698058103.455000 -1.256887913 0.196479306 8.494467735 -0.003047580 -0.086542748 0.002308305 0.996240854
1698058103.955000 -1.277994037 0.198323786 8.610567093 -0.003215035 -0.086875319 -0.000742695 0.996213734
1698058104.555000 -1.306296110 0.203375518 8.768020630 -0.005159249 -0.087151721 -0.000282614 0.996181667
1698058105.255000 -1.339041829 0.207341269 8.949447632 -0.005451266 -0.087903276 -0.000585873 0.996113956
1698058105.855000 -1.366930485 0.211207628 9.101984024 -0.002657850 -0.088261582 0.000127442 0.996093810
1698058106.555000 -1.397489548 0.214852571 9.270729065 -0.002920450 -0.088734910 -0.000199727 0.996050954
1698058107.055000 -1.420960903 0.217609867 9.394555092 -0.002780271 -0.088639893 -0.000042667 0.996059895
1698058107.755000 -1.451177478 0.222274810 9.557886124 -0.004762343 -0.089023076 0.000321278 0.996018171
1698058108.255000 -1.473141670 0.223157883 9.672246933 0.003111351 -0.088982157 0.001007064 0.996027887
1698058108.955000 -1.484510422 0.229410946 9.832166672 -0.011141073 -0.042144820 -0.000817371 0.999049067
1698058109.655000 -1.480288625 0.231375679 9.982189178 -0.004680069 0.005880848 -0.001833243 0.999970078
1698058110.155000 -1.465701580 0.232920408 10.086349487 0.000254652 0.056961946 -0.008996138 0.998335838
1698058110.555000 -1.449089050 0.235135853 10.169807434 -0.006280174 0.077102862 -0.002082990 0.997001231
1698058111.155000 -1.400290489 0.238339752 10.281087875 -0.005577110 0.169344977 -0.011378806 0.985475421
1698058111.455000 -1.364287972 0.239397854 10.331284523 -0.004762732 0.224850848 -0.011998231 0.974307656
1698058111.755000 -1.325918436 0.239518315 10.375323296 -0.003539340 0.276277483 -0.013981901 0.960969687
1698058112.055000 -1.279599547 0.240091324 10.418187141 -0.001415528 0.331354827 -0.016682446 0.943357706
1698058112.355000 -1.231905222 0.239054650 10.453428268 0.002041318 0.382733881 -0.015720474 0.923722625
1698058112.655000 -1.180641174 0.238689855 10.482939720 0.003297959 0.432299495 -0.015051271 0.901598454
1698058112.855000 -1.144216061 0.238048598 10.499960899 0.003466266 0.465522677 -0.015156403 0.884899378
1698058113.155000 -1.093096733 0.236753866 10.518436432 0.006231356 0.510018408 -0.014315307 0.860021770
1698058113.455000 -1.039407253 0.235286102 10.532125473 0.007640793 0.553691983 -0.018680923 0.832476914
1698058113.755000 -0.985209942 0.234619290 10.539819717 0.007771531 0.596558869 -0.015789036 0.802376330
1698058114.055000 -0.939621925 0.234594047 10.542246819 0.003714342 0.628138363 -0.014393451 0.777959585
1698058114.455000 -0.870103836 0.233873934 10.556469917 0.007821361 0.632790327 -0.010798156 0.774208426
1698058114.955000 -0.789366722 0.232507393 10.573424339 0.008499247 0.632217467 -0.013698329 0.774623275
1698058115.255000 -0.733476639 0.232070595 10.583950043 0.005042988 0.635231197 -0.013143574 0.772193730
1698058115.656000 -0.668652534 0.231363356 10.595452309 0.006490358 0.637745559 -0.014005309 0.770092428
1698058115.956000 -0.607504845 0.230355263 10.607844353 0.007262895 0.637721241 -0.015399003 0.770079136
1698058116.356000 -0.533586502 0.229765758 10.623048782 0.006055921 0.637709200 -0.014878028 0.770109773
1698058116.757000 -0.443492889 0.228560239 10.639741898 0.004881901 0.638611436 -0.014568906 0.769375920
1698058117.058000 -0.386727333 0.228157729 10.645313263 0.004135943 0.652933657 -0.015661888 0.757241964
1698058117.457000 -0.306646347 0.226789117 10.657293320 0.006790127 0.654029369 -0.015953660 0.756270409
1698058117.757000 -0.247839928 0.226537287 10.666322708 0.005012428 0.655406415 -0.014980076 0.755111217
1698058118.057000 -0.189911842 0.225767046 10.672277451 0.005370988 0.661160529 -0.015041852 0.750074446
1698058118.357000 -0.129232407 0.224528179 10.680807114 0.008217073 0.661378145 -0.016650697 0.749822855
1698058118.757000 -0.042322159 0.223466054 10.691733360 0.006106902 0.661037564 -0.014381790 0.750190139
1698058119.158000 0.048120499 0.223176539 10.703608513 0.005033099 0.660700798 -0.012959298 0.750520587
1698058119.558000 0.154186249 0.221615702 10.717902184 0.006606794 0.660412908 -0.014114297 0.750740945
1698058120.058000 0.273698807 0.220221221 10.733804703 0.006447774 0.660006285 -0.013797543 0.751105726
1698058120.558000 0.391113281 0.218907803 10.749563217 0.006885631 0.659729779 -0.013844669 0.751343846
1698058120.958000 0.482396126 0.217444509 10.761320114 0.006613973 0.659077287 -0.013304603 0.751928449
1698058121.358000 0.584861755 0.216431439 10.780220032 0.006826519 0.650862694 -0.013263328 0.759048998
1698058121.858000 0.700931549 0.214708522 10.798585892 0.007037868 0.650211215 -0.014001781 0.759591877
1698058122.358000 0.816575050 0.213714570 10.817378044 0.006994107 0.649950504 -0.013718848 0.759820521
1698058122.758000 0.918937683 0.210660145 10.834296227 0.012236497 0.649617434 -0.015459720 0.760005593
1698058123.258000 1.034620762 0.210927814 10.853658676 0.005620181 0.649144411 -0.008596756 0.760595858
1698058123.758000 1.164380550 0.208239809 10.875810623 0.007185201 0.648687243 -0.012544596 0.760917783
1698058124.258000 1.292178154 0.206956908 10.898418427 0.008571140 0.648257852 -0.012917048 0.761263072
1698058124.758000 1.417583942 0.206159234 10.923871994 0.007741117 0.639450550 -0.011575813 0.768706083
1698058125.258000 1.542692184 0.203576028 10.947640419 0.009028604 0.639258683 -0.012382366 0.768839061
1698058125.758000 1.665851116 0.204539061 10.970959663 0.003053088 0.638676643 -0.008790370 0.769418955
1698058126.058000 1.738922119 0.202301592 10.986074448 0.007678723 0.638410330 -0.015376205 0.769504309
1698058126.458000 1.835472584 0.200523093 11.004660606 0.004910007 0.637609303 -0.022877539 0.770004570
1698058126.858000 1.933061123 0.199981451 11.024633408 0.002478070 0.638133824 -0.017980162 0.769711494
1698058127.158000 2.005688667 0.199383736 11.038317680 0.004474175 0.638750732 -0.013506986 0.769282162
1698058127.458000 2.077810764 0.198747486 11.052113533 0.005229528 0.638601243 -0.012709456 0.769415081
1698058127.758000 2.160868645 0.198157609 11.067845345 0.006016488 0.638276994 -0.012304628 0.769684851
1698058128.058000 2.233510017 0.197185680 11.081801414 0.006621290 0.638331354 -0.012040817 0.769639015
1698058128.458000 2.329664230 0.194554672 11.100500107 0.008903698 0.638382137 -0.017584160 0.769467175
1698058128.758000 2.398620129 0.195029438 11.113813400 0.001597589 0.639107347 -0.013428713 0.768998742
1698058129.058000 2.466733932 0.193883389 11.126095772 0.005631186 0.638723791 -0.014240997 0.769283712
1698058129.358000 2.545413494 0.193961516 11.141229630 0.001933739 0.638271987 -0.014828971 0.769665658
1698058129.658000 2.612581253 0.192510799 11.154724121 0.003891591 0.638498664 -0.019098507 0.769376099
1698058130.058000 2.690001011 0.192203045 11.168009758 0.001945031 0.644983113 -0.017000861 0.764005184
1698058130.460000 2.780592918 0.190729484 11.183598518 0.004689210 0.645366311 -0.019115129 0.763619661
1698058130.760000 2.848487854 0.190511629 11.195697784 0.002088569 0.645509422 -0.018366380 0.763528585
1698058131.060000 2.930732250 0.188838184 11.210121155 0.004149567 0.645540118 -0.020172695 0.763448656
1698058131.360000 3.001288414 0.188326523 11.222547531 0.003463368 0.645524204 -0.020457307 0.763457954
1698058131.661000 3.072753429 0.187277272 11.235330582 0.002106622 0.645915210 -0.018655036 0.763178289
1698058131.961000 3.145062923 0.186636433 11.247865677 0.003697518 0.646173716 -0.016830232 0.762995839
1698058132.261000 3.225413322 0.185364604 11.261961937 0.004640047 0.646318555 -0.017144583 0.762861013
1698058132.661000 3.318225384 0.185132906 11.278398514 -0.001307852 0.646312594 -0.013543585 0.762951434
1698058132.961000 3.386258602 0.183978543 11.291242599 0.001667388 0.646718442 -0.018038452 0.762513697
1698058133.361000 3.479560375 0.182094291 11.306846619 0.002846521 0.646128058 -0.019812796 0.762966514
1698058133.661000 3.561172485 0.181885377 11.321422577 0.000296398 0.646307647 -0.019343438 0.762831688
1698058133.961000 3.631074905 0.180328190 11.334136009 0.001715268 0.646495819 -0.020083312 0.762651205
1698058134.261000 3.710625648 0.179858804 11.348114014 0.001393983 0.646673739 -0.019908234 0.762505591
1698058134.561000 3.781298637 0.178844452 11.360538483 0.001362823 0.646872342 -0.019678323 0.762343228
1698058134.961000 3.884569645 0.177554727 11.378341675 0.001198813 0.646953046 -0.019200243 0.762287140
1698058135.261000 3.952740192 0.176695794 11.389646530 0.001964033 0.646698713 -0.019418035 0.762495816
1698058135.561000 4.018870831 0.175774142 11.401521683 0.002153300 0.646918952 -0.019244768 0.762312770
1698058135.961000 4.118830681 0.174335450 11.419061661 0.002905005 0.648043096 -0.020115139 0.761332452
1698058136.261000 4.183834076 0.173575729 11.429471970 0.003300308 0.648016095 -0.019087682 0.761380196
1698058136.661000 4.279930592 0.172751576 11.444612503 0.000446900 0.647469044 -0.019192543 0.761849940
1698058137.061000 4.362442493 0.171556681 11.459589005 0.000563788 0.647789538 -0.019969679 0.761557341
1698058137.462000 4.455484390 0.171544358 11.474845886 0.001411597 0.647744715 -0.020018391 0.761593103
1698058137.862000 4.546644211 0.170703813 11.490055084 0.001541168 0.647774756 -0.020069644 0.761565924
1698058138.262000 4.635002613 0.170349702 11.499183655 -0.001063606 0.666198611 -0.023617959 0.745399535
1698058138.662000 4.706480503 0.168913081 11.490098000 -0.000757771 0.716206789 -0.024379477 0.697461784
1698058139.062000 4.779499531 0.167457595 11.481771469 0.003361015 0.733333170 -0.021014217 0.679536402
1698058139.362000 4.831660271 0.166383415 11.477223396 0.004037630 0.733568251 -0.020321414 0.679299891
1698058139.662000 4.893373489 0.165654108 11.472652435 0.004021831 0.733619332 -0.019193728 0.679277718
1698058140.062000 4.962705612 0.163722426 11.460980415 0.008324994 0.745402873 -0.023854382 0.666135252
1698058140.362000 5.008094788 0.162334427 11.445079803 0.007984227 0.774705350 -0.017951535 0.632017136
1698058140.762000 5.061013222 0.161586791 11.420408249 0.005610770 0.807211876 -0.013974821 0.590069711
1698058141.362000 5.143614769 0.160356671 11.391031265 0.007795555 0.811155200 -0.012344366 0.584648669
1698058141.762000 5.206325531 0.157007322 11.369888306 0.007162973 0.810443401 -0.013639736 0.585614324
1698058142.162000 5.271525383 0.155771434 11.346090317 0.003917635 0.812456071 -0.017193073 0.582755685
1698058142.563000 5.330262184 0.154330477 11.310472488 -0.000186852 0.844315469 -0.022764308 0.535362601
1698058142.864000 5.365900040 0.153881133 11.281819344 0.001467829 0.866711855 -0.020065732 0.498403311
1698058143.166000 5.398627281 0.153128177 11.250869751 0.002848181 0.887810171 -0.018799465 0.459816873
1698058143.466000 5.421434402 0.151937902 11.225850105 0.005268733 0.901968837 -0.020544030 0.431279987
1698058143.766000 5.449141502 0.149650440 11.190792084 0.009353497 0.919397652 -0.023629844 0.392507404
1698058144.066000 5.472865105 0.148010194 11.153974533 0.009290693 0.934967458 -0.024561089 0.353760242
1698058144.366000 5.488908768 0.147144675 11.125411987 0.006917136 0.945460618 -0.022413844 0.324890733
1698058144.666000 5.506796837 0.145873398 11.086209297 0.009497217 0.957823455 -0.021033332 0.286429137
1698058144.966000 5.521330833 0.144728273 11.046134949 0.005048564 0.968632996 -0.023254592 0.247353733
1698058145.266000 5.533393860 0.144548282 11.005210876 0.006060085 0.977850199 -0.018802794 0.208371565
1698058145.566000 5.542140007 0.142506778 10.953630447 0.005885218 0.986795604 -0.021487020 0.160431013
1698058145.966000 5.546852112 0.139425159 10.891750336 0.003672254 0.994374812 -0.026920285 0.102374777
1698058146.366000 5.549216270 0.139232621 10.819236755 0.009034726 0.997911096 -0.016745515 0.061736755
1698058146.666000 5.556769371 0.137873173 10.758050919 0.008245779 0.997983098 -0.018146830 0.060269445
1698058146.966000 5.565370560 0.135655388 10.691587448 0.009368477 0.997909069 -0.021221079 0.060327776
1698058147.266000 5.572211742 0.134967506 10.633503914 0.010557486 0.997971356 -0.017747300 0.060222674
1698058147.566000 5.586415291 0.133648068 10.565091133 0.010905365 0.996660113 -0.017428529 0.079031311
1698058147.866000 5.596726418 0.133802444 10.508820534 0.008930616 0.996496439 -0.011552230 0.082351066
1698058148.166000 5.610179901 0.131000504 10.435971260 0.009864085 0.996276200 -0.018890444 0.083544396
1698058148.566000 5.625961304 0.129497215 10.343939781 0.006484174 0.996195018 -0.019511605 0.084691674
1698058148.968000 5.642729759 0.126931787 10.249788284 0.005013617 0.996175885 -0.019391527 0.085043915
1698058149.368000 5.660147667 0.125070482 10.154660225 0.004995529 0.996232569 -0.017839916 0.084720083
1698058149.768000 5.676694870 0.123125345 10.060292244 0.005267339 0.996228874 -0.018320372 0.084643945
1698058150.168000 5.696347237 0.120035261 9.950065613 0.005521516 0.996221364 -0.018754905 0.084621355
1698058150.568000 5.713997841 0.118219934 9.853876114 0.005551207 0.996255636 -0.018043732 0.084370181
1698058151.068000 5.735642433 0.115923390 9.730421066 0.007054836 0.996235847 -0.018520489 0.084388278
1698058151.468000 5.754573822 0.112673067 9.623131752 0.009210696 0.996068239 -0.020072654 0.085792303
1698058151.868000 5.771162987 0.110168949 9.530607224 0.007367943 0.996088624 -0.018983830 0.085981332
1698058152.268000 5.790033340 0.107724205 9.426982880 0.005665339 0.996084929 -0.017996719 0.086365059
1698058152.668000 5.806427002 0.105523944 9.337121010 0.005218601 0.996090353 -0.018440211 0.086236551
1698058153.068000 5.824757576 0.103374943 9.235753059 0.005923046 0.996088505 -0.018339980 0.086233385
1698058153.469000 5.840766907 0.101424895 9.148420334 0.006334556 0.996108234 -0.018196955 0.086006649
1698058153.869000 5.858304977 0.098916732 9.047611237 0.006374246 0.996087074 -0.018548109 0.086173810
1698058154.169000 5.870119095 0.097842112 8.984794617 0.006702103 0.996110559 -0.018294964 0.085930973
1698058154.469000 5.883963585 0.096098006 8.910226822 0.007402430 0.996115446 -0.019260099 0.085605524
1698058154.769000 5.894645691 0.094216555 8.847820282 0.008056395 0.996118128 -0.018081477 0.085771866
1698058155.069000 5.907786369 0.092771664 8.773525238 0.009455597 0.996105969 -0.018972972 0.085577704
1698058155.469000 5.925278664 0.090403080 8.675918579 0.007915332 0.996082187 -0.019402366 0.085913986
1698058155.769000 5.936971664 0.089137144 8.614385605 0.006645392 0.996121943 -0.017840112 0.085899226
1698058156.069000 5.950082779 0.087639272 8.542076111 0.005881305 0.996109664 -0.018626362 0.085930094
1698058156.469000 5.968138695 0.085108794 8.445206642 0.006218462 0.996103942 -0.019776056 0.085715897
1698058156.769000 5.978738785 0.083504237 8.383723259 0.006043942 0.996123314 -0.018087737 0.085876055
1698058157.169000 5.995450974 0.080895096 8.287305832 0.006777890 0.996089518 -0.018287946 0.086170308
1698058157.469000 6.009520531 0.079715960 8.214469910 0.007017301 0.996110201 -0.019142661 0.085725442
1698058157.869000 6.028440475 0.078030139 8.117000580 0.006977642 0.996167183 -0.018999603 0.085096113
1698058158.270000 6.043112755 0.075578228 8.032398224 0.007765547 0.996153951 -0.018954718 0.085192926
1698058158.670000 6.060432434 0.072781295 7.932701588 0.009053815 0.996127725 -0.020004140 0.085131727
1698058159.071000 6.077959061 0.070542410 7.833875179 0.007862370 0.996135652 -0.018991238 0.085388891
1698058159.371000 6.091386795 0.069224909 7.758860588 0.006342992 0.996138632 -0.017872078 0.085721627
1698058159.771000 6.109294891 0.066488661 7.659664154 0.006355968 0.996141911 -0.018656153 0.085514992
1698058160.171000 6.122385025 0.064725555 7.586450100 0.006500784 0.996153295 -0.018537296 0.085397713
1698058160.671000 6.144398689 0.062024161 7.465754509 0.006502437 0.996186733 -0.018318025 0.085053958
1698058160.971000 6.155843735 0.060599715 7.393651962 0.005760309 0.996634305 -0.018404795 0.079675689
1698058161.271000 6.165994644 0.058782436 7.324434757 0.006899976 0.997009218 -0.018099423 0.074816287
1698058161.571000 6.177208900 0.056984089 7.252482414 0.007553334 0.996965110 -0.020670926 0.074674211
1698058161.871000 6.188943863 0.055546325 7.181627274 0.008105224 0.997040570 -0.018061686 0.074285127
1698058162.171000 6.201880455 0.053238928 7.109999657 0.010474334 0.996401072 -0.019644491 0.081788376
1698058162.472000 6.214776039 0.051412195 7.038322926 0.008769055 0.996171057 -0.021818094 0.084204257
1698058162.772000 6.227686882 0.050296601 6.965312958 0.007174503 0.996249199 -0.017050618 0.084530577
1698058163.072000 6.240485191 0.048410803 6.894364357 0.006250624 0.996243179 -0.017804196 0.084518939
1698058163.372000 6.250226974 0.046547703 6.822586536 0.005456638 0.997002363 -0.018548764 0.074916400
1698058163.672000 6.261195183 0.045439243 6.753661156 0.006461318 0.997071385 -0.018508408 0.073920958
1698058163.972000 6.272172928 0.043973960 6.683864117 0.006910097 0.997066736 -0.019204292 0.073766179
1698058164.272000 6.282796860 0.042752236 6.614340782 0.006913684 0.997090936 -0.018377190 0.073649123
1698058164.572000 6.295947075 0.040833592 6.533153534 0.007393788 0.997095942 -0.018769460 0.073435105
1698058164.872000 6.306675911 0.039420564 6.462729931 0.007777614 0.997100651 -0.018680859 0.073354222
1698058165.172000 6.317795753 0.037696920 6.392324924 0.007899341 0.997081518 -0.020168051 0.073207088
1698058165.572000 6.332766056 0.035424206 6.298808098 0.008299083 0.997145593 -0.019042687 0.072588898
1698058165.972000 6.349252224 0.034813609 6.192040920 0.007248519 0.997134209 -0.018478030 0.073003151
1698058166.272000 6.361149311 0.031986393 6.120410442 0.006368847 0.997097909 -0.021400603 0.072782539
1698058166.672000 6.376139164 0.028260753 6.017440796 0.004170611 0.997052312 -0.022813432 0.073136128
1698058167.072000 6.390927792 0.027682088 5.925024033 0.001783802 0.997242212 -0.013839143 0.072892115
1698058167.472000 6.406707287 0.023822561 5.818574905 0.006823002 0.997141182 -0.021624457 0.072079174
1698058167.872000 6.421987057 0.022174578 5.723573685 0.007914254 0.997235537 -0.019009918 0.071395367
1698058168.172000 6.434115410 0.019877207 5.642071724 0.009550394 0.997235596 -0.020251418 0.070851006
1698058168.472000 6.444794178 0.017502017 5.572551727 0.010917391 0.997105360 -0.023782555 0.071387090
1698058168.872000 6.460075378 0.016215481 5.482707024 0.009927907 0.997289181 -0.016385742 0.071044505
1698058169.272000 6.475615501 0.013730431 5.381285667 0.010669992 0.997292340 -0.015546156 0.071081124
1698058169.672000 6.490244389 0.012059117 5.281881332 0.010878448 0.997259676 -0.017740304 0.070993237
1698058170.072000 6.503720284 0.009439189 5.189156532 0.008908561 0.997250795 -0.019135738 0.071030609
1698058170.472000 6.517680645 0.006904384 5.090566635 0.009723349 0.997266293 -0.020552058 0.070306547
1698058170.872000 6.532231331 0.003465910 4.992745399 0.009098381 0.997295439 -0.020493185 0.069993027
1698058171.372000 6.549267292 0.000264168 4.875105858 0.007611225 0.997301340 -0.022385661 0.069505885
1698058171.772000 6.563886166 -0.001928583 4.780777931 0.007356533 0.997406483 -0.019366451 0.068929017
1698058172.072000 6.573128223 -0.004222952 4.715785027 0.008797071 0.997389793 -0.019923344 0.068843022
1698058172.372000 6.583759308 -0.005768170 4.637660980 0.011772431 0.997351885 -0.020180501 0.068872407
1698058172.772000 6.596210480 -0.007969462 4.552559853 0.011058042 0.997274339 -0.019764932 0.070220530
1698058173.172000 6.611068726 -0.010437461 4.453055859 0.008112939 0.997249007 -0.021012770 0.070619181
1698058173.472000 6.622925758 -0.012198216 4.373471260 0.008522594 0.997293770 -0.019285986 0.070431069
1698058173.772000 6.637140274 -0.014453059 4.297203064 0.011447130 0.996260285 -0.019519856 0.083386824
1698058174.072000 6.649870396 -0.016293224 4.231078625 0.009280403 0.995908618 -0.019592164 0.087727539
1698058174.372000 6.664659023 -0.018158715 4.152031898 0.009248196 0.995899081 -0.019835789 0.087784320
1698058174.672000 6.677691936 -0.020113558 4.084695816 0.009495185 0.995908082 -0.020597944 0.087479517
1698058174.972000 6.691998959 -0.022216683 4.007123470 0.009342489 0.995930731 -0.019545799 0.087479845
1698058175.272000 6.707233429 -0.025285151 3.926982641 0.010275634 0.995952427 -0.020171663 0.086984418
1698058175.572000 6.719290257 -0.026436672 3.858191252 0.010837264 0.995956838 -0.018685857 0.087197423
1698058175.872000 6.732688904 -0.028318141 3.781345367 0.010433057 0.995906055 -0.020335207 0.087457709
1698058176.172000 6.747344971 -0.030403700 3.705678940 0.008858324 0.995955050 -0.019792030 0.087196842
1698058176.472000 6.759308338 -0.031602513 3.637836456 0.007664551 0.995947778 -0.019263862 0.087511547
1698058176.772000 6.773912430 -0.033764001 3.560845852 0.008020220 0.995964527 -0.019775648 0.087174356
1698058177.172000 6.791984081 -0.036754984 3.462585449 0.007892216 0.995999217 -0.019151179 0.086928263
1698058177.572000 6.809241295 -0.039271217 3.366084099 0.008310762 0.995980263 -0.019286111 0.087076761
1698058177.872000 6.822962284 -0.040670786 3.290344000 0.008637028 0.995982528 -0.019554561 0.086958505
1698058178.172000 6.836813927 -0.042485505 3.215928316 0.008618830 0.996012688 -0.019617513 0.086599931
1698058178.472000 6.845993519 -0.044309698 3.140887737 0.007776183 0.997320771 -0.020217987 0.069872491
1698058178.872000 6.859380722 -0.045673367 3.048676014 0.012429375 0.997395575 -0.017123535 0.068952523
1698058179.172000 6.869202137 -0.048123494 2.977822065 0.009170417 0.997337401 -0.020030105 0.069518626
1698058179.572000 6.882839203 -0.050642829 2.884567499 0.008068565 0.997354150 -0.019256113 0.069633640
1698058179.972000 6.898926735 -0.053006098 2.779656410 0.007544382 0.997374654 -0.019849541 0.069230489
1698058180.372000 6.911926270 -0.055262998 2.687334776 0.008334008 0.997343481 -0.020293269 0.069461092
1698058180.772000 6.925721169 -0.057720531 2.594165087 0.008380979 0.997377396 -0.019234793 0.069268569
1698058181.072000 6.937776566 -0.058890507 2.513893843 0.009066556 0.997369528 -0.019939531 0.069096647
1698058181.572000 6.952920914 -0.062078297 2.406483173 0.009156576 0.997362077 -0.020069724 0.069154032
1698058181.872000 6.964289188 -0.063962124 2.328126669 0.009646283 0.997375309 -0.020128263 0.068879373
1698058182.272000 6.968823433 -0.064326875 2.245006084 0.010778100 0.998822272 -0.014557104 0.045011081
1698058182.572000 6.975980759 -0.066659138 2.171890259 0.008021635 0.998818994 -0.018786820 0.044083148
1698058182.972000 6.985332012 -0.069122538 2.078316212 0.009194634 0.998811722 -0.019987915 0.043486252
1698058183.272000 6.991162300 -0.070657983 2.010911465 0.007880312 0.998818398 -0.019342199 0.043882370
1698058183.472000 6.996836662 -0.072337307 1.954401970 0.008189322 0.998812616 -0.019983480 0.043669134
1698058183.772000 7.002889156 -0.073893182 1.887615919 0.008585532 0.998788595 -0.020999536 0.043666031
1698058184.072000 7.010004044 -0.075751290 1.811016083 0.008988068 0.998815238 -0.019282436 0.043767296
1698058184.472000 7.022288322 -0.078353107 1.716276765 0.010354516 0.998235106 -0.019668519 0.055069603
1698058185.072000 7.040977955 -0.081217594 1.577808142 0.010010891 0.997901797 -0.020316679 0.060655117
1698058185.472000 7.053386211 -0.083514243 1.484361291 0.011309140 0.997900963 -0.019809645 0.060608372
1698058185.772000 7.061444283 -0.086177267 1.418031096 0.012294244 0.997802854 -0.023740495 0.060619574
1698058186.172000 7.074306011 -0.088509820 1.321308970 0.013026498 0.997789025 -0.019859381 0.062072698
1698058186.572000 7.088662148 -0.090755269 1.229846239 0.010376716 0.997524261 -0.020511949 0.066460088
1698058186.972000 7.102089405 -0.093085617 1.134267807 0.009977491 0.997482657 -0.022274297 0.066578969
1698058187.372000 7.115850449 -0.095630415 1.037304163 0.010689775 0.997524381 -0.019468836 0.066722408
1698058187.772000 7.129386902 -0.097664356 0.942479849 0.011200177 0.997476399 -0.020348450 0.067092471
1698058188.172000 7.142368317 -0.100290716 0.848396003 0.011523147 0.997453749 -0.020048812 0.067463659
1698058188.772000 7.162941933 -0.103689417 0.707655787 0.012941496 0.997416139 -0.019739794 0.067852564
1698058189.172000 7.175994873 -0.107470229 0.616812885 0.015406007 0.997300923 -0.022860717 0.068051025
1698058189.673000 7.192770958 -0.110237733 0.500143468 0.017315095 0.997367024 -0.018666705 0.067902632
1698058190.173000 7.186721802 -0.111485153 0.404670864 0.012403633 0.999800622 -0.015639491 0.000533834
1698058190.473000 7.178897381 -0.112226099 0.332026839 -0.020908501 -0.999244630 0.018863216 0.026779549
1698058190.873000 7.175414562 -0.112997875 0.249256492 -0.020477446 -0.999306619 0.016210970 0.026537064
1698058191.173000 7.171165943 -0.114793181 0.198313475 -0.016844537 -0.999165773 0.017792802 0.032671519
1698058191.473000 7.153147221 -0.116751306 0.142739296 -0.011212918 -0.995876074 0.025205253 0.086428449
1698058191.773000 7.130783081 -0.116922125 0.094898462 -0.009871430 -0.990222752 0.023746949 0.137104139
1698058191.973000 7.116057396 -0.117026530 0.063330650 -0.011839030 -0.986987293 0.020228075 0.159080952
1698058192.173000 7.106205463 -0.117217258 0.032068253 -0.011804437 -0.986938119 0.018443370 0.159604594
1698058192.473000 7.091027260 -0.116433844 -0.016355038 -0.010604017 -0.987113833 0.011769664 0.159233585
1698058192.773000 7.080672741 -0.115399182 -0.048937321 -0.009581020 -0.987200677 0.002142434 0.159180611
1698058193.073000 7.074867725 -0.116903752 -0.066588402 -0.009151219 -0.987128198 0.010050674 0.159352198
1698058196.173000 7.142128944 -0.116564102 0.143939972 -0.015847778 -0.986867845 0.026900446 0.158483669
1698058197.574000 7.135346889 -0.116618142 0.146838188 -0.015283727 -0.982750952 0.025659207 0.182506606
1698058197.874000 7.121356964 -0.116095915 0.128373146 -0.013068728 -0.977966905 0.025916912 0.206732526
1698058198.174000 7.100061893 -0.115988702 0.102550983 -0.011209831 -0.970477045 0.023411021 0.239792883
1698058198.474000 7.074474335 -0.116091549 0.074508190 -0.008201528 -0.960561812 0.021066079 0.277146190
1698058198.874000 7.022060394 -0.116073504 0.027080536 -0.000271990 -0.939577103 0.015513577 0.341985583
1698058199.174000 6.976346970 -0.115271963 -0.005854607 -0.001208027 -0.920494914 0.008803106 0.390653551
1698058199.474000 6.929086208 -0.113928817 -0.049757957 -0.006720980 -0.919137716 0.006772969 0.393820822
1698058199.774000 6.882074356 -0.113267973 -0.081612587 -0.001218064 -0.903999448 0.003919117 0.427513897
1698058200.074000 6.827118397 -0.113192134 -0.106143951 -0.003099861 -0.878240824 0.006632212 0.478162616
1698058200.374000 6.769308090 -0.112669170 -0.125170708 -0.003606973 -0.850311041 0.006452937 0.526228666
1698058200.674000 6.713361740 -0.112211660 -0.136400223 -0.004087353 -0.820518374 0.006142811 0.571572661
1698058200.874000 6.674675465 -0.111845508 -0.140319824 -0.004909894 -0.799281955 0.006751797 0.600898325
1698058201.174000 6.616836071 -0.110407546 -0.141154766 -0.006164908 -0.765911400 0.004474607 0.642901003
1698058201.474000 6.559382915 -0.109188564 -0.140610218 -0.008614090 -0.742101192 0.006329061 0.670202732
1698058201.974000 6.469625473 -0.107411280 -0.141919136 -0.003933482 -0.721982777 0.002280139 0.691896141
1698058202.274000 6.415727615 -0.106868155 -0.137341976 -0.005893397 -0.707037032 0.005100404 0.707133591
1698058202.674000 6.332317352 -0.104774684 -0.138051987 -0.004650045 -0.707016945 0.002637213 0.707176507
1698058203.074000 6.246532917 -0.103562891 -0.139352322 -0.001240881 -0.706936598 0.003571708 0.707266808
1698058203.274000 6.202808380 -0.102229729 -0.139637470 -0.001614152 -0.707003593 0.002034125 0.707205176
1698058203.574000 6.135123730 -0.101223424 -0.140950203 -0.002359347 -0.706628323 0.000965895 0.707580328
1698058203.774000 6.088979721 -0.100528568 -0.140769958 -0.000806902 -0.706722379 0.002386685 0.707486510
1698058204.074000 6.017341137 -0.098850243 -0.143651009 -0.004625866 -0.713354170 0.003363053 0.700780451
1698058204.374000 5.944302082 -0.097139716 -0.149033546 -0.005391470 -0.720585465 0.001769722 0.693342924
1698058204.674000 5.872728825 -0.095375434 -0.152693272 -0.008526842 -0.720868349 -0.000078588 0.693019569
1698058204.974000 5.803112030 -0.094194010 -0.164803505 -0.008756853 -0.740228415 0.004237648 0.672285140
1698058205.374000 5.709319115 -0.092748329 -0.175083637 -0.003675599 -0.740106583 0.006254541 0.672450483
1698058205.774000 5.604748726 -0.090882853 -0.186440468 -0.006680381 -0.739931047 0.006008842 0.672622800
1698058206.174000 5.497025013 -0.088967830 -0.203207970 -0.010453321 -0.752682686 0.008687957 0.658243179
1698058206.474000 5.420656681 -0.087529100 -0.213956356 -0.007554002 -0.753217995 0.006752338 0.657693028
1698058206.874000 5.310737610 -0.086087748 -0.230419159 -0.007778550 -0.752910614 0.007787524 0.658030748
1698058207.174000 5.228800297 -0.084766880 -0.241998196 -0.008523637 -0.752996147 0.006690831 0.657935679
1698058207.474000 5.147735119 -0.082992062 -0.253863811 -0.009218124 -0.752948344 0.006379042 0.657984197
1698058207.874000 5.043426037 -0.083332732 -0.269157410 -0.004176645 -0.752715707 0.012747944 0.658209085
1698058208.174000 4.962363720 -0.081183299 -0.280674934 -0.007683552 -0.752858639 0.007942862 0.658089459
1698058208.574000 4.853832722 -0.079237014 -0.296204090 -0.007594654 -0.752778232 0.007945590 0.658182442
1698058208.874000 4.771209240 -0.077334307 -0.307316780 -0.009087423 -0.752776742 0.008307772 0.658160865
1698058209.174000 4.691007614 -0.075699538 -0.318257809 -0.010506475 -0.752872527 0.007572831 0.658038914
1698058209.674000 4.555813313 -0.073269188 -0.339164734 -0.006962241 -0.755279362 0.006150028 0.655337214
1698058210.074000 4.453387737 -0.070872009 -0.355057240 -0.007172863 -0.759170473 0.006720595 0.650817633
1698058210.474000 4.350759506 -0.069127694 -0.372813225 -0.007346118 -0.758734345 0.007659491 0.651313722
1698058210.874000 4.247597694 -0.067272119 -0.388617039 -0.008321912 -0.758775353 0.004818882 0.651281357
1698058211.174000 4.168461800 -0.065563478 -0.401342392 -0.004794986 -0.758928120 0.004242567 0.651142955
1698058211.474000 4.091258049 -0.064911917 -0.413977146 -0.005050523 -0.758610189 0.007761999 0.651478946
1698058211.874000 3.986814499 -0.064784579 -0.430268764 -0.000968410 -0.758606076 0.008507228 0.651493311
1698058212.174000 3.908034801 -0.061877176 -0.441966057 -0.008991248 -0.758800566 0.000729985 0.651260495
1698058212.574000 3.803526878 -0.061341826 -0.459187031 -0.005360717 -0.758434713 0.008700525 0.651668906
1698058212.974000 3.701218128 -0.059939854 -0.475827694 -0.010141583 -0.759315431 0.009950486 0.650567651
1698058213.274000 3.626725912 -0.058107056 -0.488509655 -0.013705390 -0.759687424 0.009694437 0.650071740
1698058213.574000 3.551587582 -0.057050593 -0.500156403 -0.010887845 -0.758211851 0.007361710 0.651875794
1698058213.874000 3.478485584 -0.056118250 -0.512178898 -0.006909579 -0.758045137 0.006823438 0.652129829
1698058214.174000 3.406234503 -0.055763111 -0.523918867 -0.005342492 -0.757804990 0.009518176 0.652389824
1698058214.474000 3.331438303 -0.054327894 -0.534985304 -0.003897673 -0.758030474 0.004103544 0.652194679
1698058214.774000 3.259554148 -0.053397030 -0.546441555 -0.004796429 -0.757886946 0.006164578 0.652339160
1698058215.074000 3.184662104 -0.051979408 -0.557857037 -0.008613030 -0.757932007 0.007598662 0.652232528
1698058215.374000 3.111496210 -0.050942320 -0.569638729 -0.006326860 -0.757887125 0.006984060 0.652317584
1698058215.674000 3.038635731 -0.049278729 -0.581328630 -0.009547960 -0.757809699 0.004597579 0.652389586
1698058215.974000 2.963459015 -0.048964232 -0.593661308 -0.004479672 -0.757666230 0.008164508 0.652575791
1698058216.274000 2.888694763 -0.048067443 -0.604616642 -0.005510545 -0.757886171 0.009844312 0.652289331
1698058216.574000 2.815982580 -0.047321219 -0.616126537 -0.006421911 -0.757737279 0.007994630 0.652479172
1698058216.874000 2.741482735 -0.045566708 -0.628129005 -0.009651472 -0.757538199 0.006323706 0.652688861
1698058217.174000 2.664923668 -0.044616781 -0.640977144 -0.008167261 -0.758415103 0.008640775 0.651663363
1698058217.574000 2.562045097 -0.042934705 -0.662039042 -0.009124127 -0.765224814 0.007618424 0.643653512
1698058217.974000 2.456634521 -0.041251339 -0.680473089 -0.007329235 -0.765360415 0.009055684 0.643496573
1698058218.374000 2.349080801 -0.040341672 -0.699505329 -0.008534770 -0.765471876 0.007873000 0.643364549
1698058218.674000 2.268335819 -0.038986858 -0.714057684 -0.008678027 -0.765500903 0.008096115 0.643325448
1698058219.074000 2.161092997 -0.036988042 -0.733865023 -0.008946414 -0.765431702 0.008794600 0.643394828
1698058219.474000 2.057299614 -0.036431018 -0.753330946 -0.008749903 -0.765230238 0.009306334 0.643629909
1698058219.874000 1.958881736 -0.035180356 -0.769885778 -0.011223266 -0.765524983 0.009481703 0.643238366
1698058220.274000 1.881063700 -0.035138778 -0.784866571 -0.008057074 -0.765434265 0.009827337 0.643388629
1698058220.874000 1.755210876 -0.032401159 -0.808510184 -0.008322534 -0.765392542 0.008305490 0.643456340
1698058221.274000 1.669257641 -0.031162841 -0.824020147 -0.008527580 -0.765373468 0.008303769 0.643476367
1698058221.674000 1.580746651 -0.030434139 -0.840000629 -0.007166019 -0.765352011 0.009677463 0.643499255
1698058222.074000 1.485883594 -0.029084301 -0.857462645 -0.007929323 -0.765241385 0.008894603 0.643633246
1698058222.574000 1.366223574 -0.027568001 -0.876470685 -0.007479431 -0.760229945 0.006705632 0.649576485
1698058222.974000 1.273943067 -0.025843579 -0.863688350 -0.003080535 -0.701839626 0.001429184 0.712326884
1698058223.374000 1.179756522 -0.023234371 -0.851924658 -0.010903087 -0.684323549 0.004309344 0.729084253
1698058223.874000 1.086785316 -0.020568404 -0.842310429 -0.009680980 -0.669021606 0.002120083 0.743176877
1698058224.374000 1.011815190 -0.018163037 -0.809737206 -0.012935532 -0.608469605 0.004128113 0.793461025
1698058224.974000 0.930522501 -0.014719304 -0.756125212 -0.012810716 -0.531408787 0.004379364 0.847007334
1698058225.374000 0.881340265 -0.012680613 -0.713476300 -0.011797255 -0.478919059 0.000132427 0.877779841
1698058225.674000 0.848266780 -0.011034518 -0.677616835 -0.008589266 -0.438047200 -0.002570029 0.898907304
1698058225.974000 0.818611443 -0.009186568 -0.639240086 -0.007438101 -0.396600425 -0.003723697 0.917953670
1698058226.274000 0.793909073 -0.007471310 -0.599461079 -0.007768295 -0.356077522 -0.004377234 0.934413850
1698058226.574000 0.772775590 -0.006079963 -0.558283389 -0.007201210 -0.314799190 -0.004848748 0.949118614
1698058226.774000 0.761083364 -0.005136808 -0.530816436 -0.007746372 -0.287902385 -0.005571270 0.957612276
1698058227.074000 0.746589005 -0.002278332 -0.488097668 -0.012106707 -0.244986579 -0.013201211 0.969361007
1698058227.574000 0.726434529 -0.001045910 -0.418977767 -0.008076105 -0.201476425 -0.003491604 0.979453862
1698058227.974000 0.708110869 0.000798952 -0.364057481 -0.006871094 -0.181319252 -0.009033983 0.983358800
1698058228.274000 0.703588367 0.002612418 -0.322928250 -0.009327150 -0.142564222 -0.010899978 0.989681602
1698058228.574000 0.701592565 0.003729188 -0.280735314 -0.009052984 -0.107127547 -0.008444417 0.994168222
1698058228.974000 0.690124691 0.005237045 -0.227933601 -0.006160750 -0.106792346 -0.007929256 0.994230628
1698058229.374000 0.678495049 0.007430633 -0.174268723 -0.007179582 -0.106903501 -0.006445490 0.994222581
