1696503500.681000 -0.000384596 0.000702512 0.035388540 -0.000481612 -0.000018325 0.000150104 0.999999881
1696503500.797000 -0.000152137 0.000556670 0.060822442 0.000055640 -0.001349264 0.001214845 0.999998331
1696503500.908000 -0.001355387 0.000926876 0.083206713 0.001559405 -0.001513454 0.001562188 0.999996424
1696503501.011000 0.001028572 0.001576087 0.103502728 0.002605608 -0.003431636 0.001615889 0.999989390
1696503501.111000 -0.000713529 0.001813822 0.114321359 0.001641526 -0.000258015 0.000223706 0.999998629
1696503501.211000 0.000829276 0.002734848 0.143599585 0.000492592 -0.003290746 0.001711062 0.999993026
1696503501.310000 -0.000220911 0.003159169 0.159581080 0.000352325 -0.001139791 0.000976934 0.999998868
1696503501.425000 -0.001436446 0.001602472 0.174167022 0.004788094 -0.000233164 0.000532967 0.999988377
1696503501.539000 -0.000905605 0.001066223 0.197386935 0.008566878 -0.000713149 0.000235847 0.999963045
1696503501.637000 -0.001761115 0.001308448 0.214849576 0.009092184 -0.000357622 -0.000045394 0.999958634
1696503501.740000 -0.001862884 0.002054451 0.234576195 0.008407966 -0.000348437 -0.000281603 0.999964595
1696503501.836000 -0.002062902 0.002486383 0.251582116 0.006133316 -0.000365278 -0.000089300 0.999981165
1696503501.952000 -0.001978281 0.003483001 0.273743033 0.000671633 -0.000309351 -0.000986054 0.999999225
1696503502.049000 -0.002115550 0.003885975 0.290426522 -0.002137467 -0.000399833 -0.000866068 0.999997258
1696503502.166000 -0.001985978 0.004057362 0.312911719 -0.002618592 -0.000559560 -0.000624124 0.999996305
1696503502.281000 -0.003001769 0.004562336 0.334694684 -0.001012750 -0.000212425 -0.000472343 0.999999344
1696503502.393000 -0.002487674 0.004464933 0.352277786 0.000322306 -0.000549482 -0.000429923 0.999999702
1696503502.490000 -0.002504647 0.004500535 0.370223701 0.001001495 -0.000565444 -0.000504677 0.999999225
1696503502.603000 -0.002875210 0.005049221 0.391765296 0.001244184 -0.000577559 -0.000211049 0.999999106
1696503502.705000 -0.002993354 0.005313334 0.407492280 0.001377480 -0.000611560 -0.000430406 0.999998808
1696503502.817000 -0.003672461 0.005708797 0.429166585 0.001158991 -0.000473421 -0.000191571 0.999999225
1696503502.922000 -0.002903657 0.006046720 0.446660995 0.001278470 -0.000881308 -0.000148150 0.999998808
1696503503.028000 -0.003526830 0.005991916 0.464891255 0.001353552 -0.000587406 -0.000357416 0.999998868
1696503503.126000 -0.003244810 0.006067246 0.482033014 0.001392703 -0.000938780 -0.000218780 0.999998629
1696503503.225000 -0.003489206 0.006017565 0.499994189 0.001451808 -0.000818179 -0.000166176 0.999998689
1696503503.339000 -0.003775061 0.006149450 0.519148290 0.001464323 -0.000773354 0.000022031 0.999998629
1696503503.437000 -0.002915517 0.006383875 0.536371946 0.001969143 -0.001107184 -0.000068216 0.999997497
1696503503.550000 -0.003708590 0.006719300 0.557787120 0.003482265 -0.001024115 0.000319514 0.999993384
1696503503.650000 -0.003939251 0.006659343 0.577014804 0.004317938 -0.000927634 0.000330956 0.999990284
1696503503.766000 -0.004615895 0.006800768 0.598822832 0.004540355 -0.000876762 0.000367372 0.999989271
1696503503.862000 -0.005014639 0.007518242 0.620157123 0.004520654 -0.000714388 0.000136426 0.999989569
1696503503.993000 -0.004085204 0.007658511 0.646924615 0.004012501 -0.001363656 0.000314589 0.999991000
1696503504.094000 -0.004463590 0.008161365 0.676063359 0.003857254 -0.001199493 0.000179927 0.999991894
1696503504.206000 -0.005512661 0.008214108 0.700606048 0.003832022 -0.001012669 0.000218823 0.999992132
1696503504.319000 -0.005256401 0.008677191 0.729668975 0.003987566 -0.001412530 0.000376344 0.999991000
1696503504.429000 -0.007140795 0.009014004 0.759706318 0.003974657 -0.000847222 0.000384710 0.999991715
1696503504.544000 -0.006579641 0.010216396 0.790004313 0.002950951 -0.001233267 0.000439937 0.999994814
1696503504.656000 -0.006385222 0.010200980 0.819552362 0.000971958 -0.001237967 0.000217124 0.999998748
1696503504.770000 -0.007057458 0.010981972 0.849415123 -0.000467876 -0.001117884 0.000070885 0.999999285
1696503504.882000 -0.008198536 0.011676742 0.879279852 -0.001007846 -0.001043782 0.000213067 0.999998927
1696503504.982000 -0.008988514 0.011923006 0.906125367 -0.001377280 -0.000581806 0.000159873 0.999998927
1696503505.092000 -0.008948287 0.012705031 0.934179723 -0.000691671 -0.001018040 0.000424649 0.999999166
1696503505.202000 -0.008462066 0.012842510 0.964025378 -0.000448527 -0.001144474 0.000363040 0.999999166
1696503505.313000 -0.007270110 0.013312401 0.993201137 0.000061069 -0.001690384 0.000625890 0.999998391
1696503505.441000 -0.009074312 0.014086609 1.019860387 0.001616800 -0.001241777 0.000480523 0.999997795
1696503505.555000 -0.006921058 0.014495042 1.056419015 0.003223413 -0.001955512 0.000022561 0.999992907
1696503505.672000 -0.006796881 0.014361475 1.086054802 0.003365942 -0.002115048 0.000043589 0.999992132
1696503505.776000 -0.009400749 0.014868342 1.112630129 0.001419483 -0.001117397 -0.001637632 0.999997020
1696503505.871000 -0.009572037 0.014587018 1.138155460 0.000212854 -0.000996234 -0.001852534 0.999997795
1696503505.996000 -0.008501210 0.015041752 1.167347074 0.001108315 -0.001577643 -0.001710653 0.999996662
1696503506.111000 -0.008145785 0.015541835 1.200503349 0.002709341 -0.001650394 -0.001396184 0.999993980
1696503506.221000 -0.008434877 0.016302966 1.233790755 0.002872008 -0.001588272 -0.001078766 0.999994040
1696503506.339000 -0.009912446 0.016847808 1.267602921 0.001777606 -0.001306768 -0.001077185 0.999997020
1696503506.446000 -0.009434694 0.017817620 1.299938083 0.001032256 -0.001622863 -0.001245583 0.999997377
1696503506.546000 -0.009819397 0.017631462 1.326969147 0.000900643 -0.001348783 -0.001076107 0.999998093
1696503506.661000 -0.008809933 0.018884016 1.359861016 0.001359274 -0.001914434 -0.001024742 0.999996781
1696503506.775000 -0.009191308 0.019284777 1.390280247 0.001690744 -0.001928080 -0.000558337 0.999996603
1696503506.882000 -0.009474913 0.019145651 1.423532844 0.002294196 -0.001958677 -0.000612655 0.999995291
1696503506.990000 -0.010817196 0.019783543 1.455169439 0.003039068 -0.001550980 0.000010733 0.999994218
1696503507.092000 -0.011079680 0.019675110 1.481113315 0.002707253 -0.001643768 0.000091673 0.999994993
1696503507.204000 -0.010180579 0.020701047 1.513313055 0.002319559 -0.001855880 -0.000001436 0.999995589
1696503507.310000 -0.011938338 0.021033196 1.540735602 0.002005993 -0.001382827 -0.000480028 0.999996960
1696503507.410000 -0.011473374 0.021680266 1.571908951 0.001783333 -0.002097363 -0.000634334 0.999996006
1696503507.518000 -0.012296391 0.021251099 1.601595283 0.001458700 -0.001999507 -0.000461327 0.999996841
1696503507.629000 -0.009836395 0.022029571 1.628440738 0.001952770 -0.001914591 -0.000804774 0.999996006
1696503507.751000 -0.013694000 0.021998202 1.661006331 0.001384055 -0.001473858 -0.000210730 0.999997973
1696503507.876000 -0.012399483 0.023135951 1.695665121 0.001333482 -0.001791703 -0.001048035 0.999997020
1696503507.987000 -0.011997691 0.023006229 1.731226206 0.001551512 -0.002483252 -0.000213972 0.999995708
1696503508.109000 -0.011718390 0.023020731 1.767313004 0.001834087 -0.002445623 -0.000629252 0.999995172
1696503508.228000 -0.012985938 0.023654222 1.803699970 0.001067656 -0.002413263 -0.000152746 0.999996543
1696503508.336000 -0.010544898 0.025045197 1.835104585 0.000821140 -0.002895257 0.000405227 0.999995410
1696503508.444000 -0.017199608 0.025095241 1.866488218 0.001089505 -0.001879542 0.000775041 0.999997377
1696503508.547000 -0.016961759 0.025962792 1.901222467 0.000773371 -0.002232207 0.000045037 0.999997199
1696503508.650000 -0.043558002 0.024459127 1.909402251 -0.000366223 0.005572163 0.002002014 0.999982476
1696503508.759000 -0.023603100 0.027258297 1.957873702 0.000369222 -0.000844564 0.002137279 0.999997318
1696503508.866000 -0.017800255 0.027896540 1.997167230 0.000920771 -0.002369330 -0.000797229 0.999996483
1696503508.970000 -0.012584863 0.028221846 2.038625956 0.002570778 -0.004003461 -0.003487022 0.999982655
1696503509.087000 -0.017657807 0.029490318 2.064275265 0.004301074 -0.003737532 -0.004211362 0.999974906
1696503509.201000 -0.017637705 0.028719202 2.105201244 0.002838506 -0.003195735 -0.003891763 0.999983311
1696503509.299000 -0.017953092 0.029200243 2.140309334 0.001318810 -0.002983728 -0.003004542 0.999990225
1696503509.401000 -0.017921306 0.030162778 2.172186613 0.000880529 -0.003293861 -0.002863616 0.999990106
1696503509.506000 -0.021565622 0.030257188 2.202531815 0.000636039 -0.002027366 -0.002423073 0.999994874
1696503509.605000 -0.020181080 0.029947732 2.238095760 0.000934304 -0.002742397 -0.001880786 0.999994099
1696503509.714000 -0.019075153 0.031252313 2.271080971 0.001451029 -0.003042683 -0.002631154 0.999990940
1696503509.815000 -0.018946717 0.031265903 2.306537867 0.001863674 -0.003522025 -0.002341153 0.999989331
1696503509.920000 -0.020428324 0.031223346 2.338076830 0.001712819 -0.003119667 -0.002482587 0.999990642
1696503510.025000 -0.022529408 0.031201787 2.370014429 0.001763426 -0.002414484 -0.002482341 0.999992430
1696503510.128000 -0.018484503 0.031309582 2.403346300 0.001923474 -0.003494325 -0.002265053 0.999989510
1696503510.233000 -0.019194664 0.033062469 2.433781147 0.002082781 -0.003310956 -0.003462884 0.999986410
1696503510.340000 -0.018277174 0.030633470 2.465424776 0.000608804 -0.003726876 -0.002979156 0.999988496
1696503510.443000 -0.020507710 0.034174357 2.501782417 0.000896671 -0.003960027 -0.001989363 0.999989808
1696503510.547000 -0.019835100 0.034606699 2.532363653 -0.000066996 -0.004624138 -0.001673286 0.999987960
1696503510.646000 -0.020762388 0.035526101 2.561188221 -0.000640170 -0.004401901 -0.001646655 0.999988794
1696503510.751000 -0.020586153 0.036808398 2.590830088 -0.000520000 -0.004790301 -0.001655247 0.999987066
1696503510.859000 -0.024649514 0.036085684 2.623009682 -0.000883809 -0.003510674 -0.002254441 0.999990940
1696503510.957000 -0.024292527 0.035941679 2.653789520 0.000825346 -0.003869544 -0.001893960 0.999990404
1696503511.064000 -0.020392613 0.037019677 2.685879230 0.004716679 -0.005031731 -0.002102443 0.999974072
1696503511.163000 -0.020629164 0.036468968 2.712145567 0.005395328 -0.005013878 -0.001880882 0.999971151
1696503511.261000 -0.027499055 0.036280014 2.750346661 0.004555082 -0.003676081 -0.002136277 0.999980569
1696503511.379000 -0.028478684 0.036936555 2.779938459 0.001269878 -0.003530068 -0.003404929 0.999987185
1696503511.497000 -0.029148676 0.037668094 2.814138412 -0.000892338 -0.003152709 -0.003511171 0.999988496
1696503511.601000 -0.030211285 0.038351916 2.846536398 -0.000082812 -0.003138323 -0.001901477 0.999993265
1696503511.702000 -0.025529291 0.039322995 2.872591734 0.000807232 -0.004628641 -0.001965133 0.999987066
1696503511.817000 -0.021280354 0.039366752 2.895321608 0.001626590 -0.005194449 -0.001887865 0.999983430
1696503511.920000 -0.024373386 0.039616443 2.936501026 0.001827108 -0.004883741 -0.002474240 0.999983370
1696503512.021000 -0.037212025 0.040635940 2.974494219 0.002104591 -0.001715863 -0.002901837 0.999992192
1696503512.121000 -0.031160168 0.040260766 2.997995377 0.001719729 -0.003427537 -0.003037767 0.999988079
1696503512.222000 -0.026024319 0.039935730 3.017204046 0.001127079 -0.007325167 -0.002240022 0.999970078
1696503512.322000 -0.032011852 0.041012544 3.051142454 0.001019155 -0.022228103 0.001991099 0.999750495
1696503512.421000 -0.035967335 0.041905999 3.079531431 0.001371690 -0.036536902 0.004854567 0.999319553
1696503512.515000 -0.039591320 0.041899018 3.106785536 0.001461048 -0.037808593 0.002264115 0.999281347
1696503512.627000 -0.044628374 0.041169252 3.138168335 0.001375486 -0.037075061 -0.000888799 0.999311209
1696503512.726000 -0.046858482 0.042378992 3.165505886 0.001970298 -0.037177041 -0.001672177 0.999305367
1696503512.824000 -0.049043547 0.043090578 3.191676855 0.002150899 -0.037366211 -0.001499819 0.999298275
1696503512.924000 -0.049695972 0.042081092 3.216070890 0.001675019 -0.037775625 -0.001268240 0.999284029
1696503513.020000 -0.054871835 0.043287091 3.244315863 0.002150916 -0.037116937 -0.000703567 0.999308407
1696503513.130000 -0.056112561 0.043849882 3.274315357 0.001872930 -0.037427701 -0.000592101 0.999297440
1696503513.225000 -0.058815915 0.044195008 3.300845146 0.001984654 -0.037465669 -0.000814403 0.999295652
1696503513.322000 -0.060942013 0.044501051 3.326251984 0.002022290 -0.037485272 -0.000927648 0.999294758
1696503513.434000 -0.063739225 0.045632690 3.358609438 0.002369771 -0.037673127 -0.001043364 0.999286830
1696503513.526000 -0.067695245 0.046456896 3.387311697 0.002459344 -0.037466791 -0.001083055 0.999294341
1696503513.639000 -0.067731470 0.046338439 3.420499802 0.002172100 -0.038194239 -0.000628270 0.999267757
1696503513.731000 -0.070655473 0.048363686 3.453420639 0.002826247 -0.037918486 -0.000932722 0.999276400
1696503513.840000 -0.073418714 0.046839826 3.491084814 0.001158845 -0.037818864 -0.001611715 0.999282658
1696503513.938000 -0.074467488 0.047053415 3.522339344 0.002236442 -0.038413841 -0.001206312 0.999258757
1696503514.033000 -0.077992551 0.048266072 3.554897070 0.003352803 -0.038299803 -0.000221441 0.999260664
1696503514.144000 -0.080952540 0.048588898 3.592021704 0.004455825 -0.038470864 -0.000028899 0.999249816
1696503514.243000 -0.084237248 0.048093788 3.621490240 0.002204113 -0.038182791 0.000086597 0.999268353
1696503514.343000 -0.085330591 0.049473532 3.653906345 -0.001065922 -0.038654804 0.000282438 0.999252081
1696503514.440000 -0.089500032 0.049093556 3.686030149 -0.003038708 -0.038240943 -0.000080707 0.999263942
1696503514.566000 -0.093824148 0.050414264 3.728734016 -0.000293643 -0.038055025 -0.000186060 0.999275565
1696503514.666000 -0.097505242 0.050926078 3.764567614 0.003437049 -0.037898052 0.000055902 0.999275744
1696503514.761000 -0.100858204 0.050158493 3.794384003 0.003514505 -0.037663184 -0.000140821 0.999284267
1696503514.891000 -0.102097601 0.051041301 3.830582619 0.000839174 -0.038261443 -0.000937144 0.999266982
1696503514.984000 -0.106562681 0.051568888 3.869511604 0.001845164 -0.037963994 -0.001416651 0.999276459
1696503515.097000 -0.112017147 0.051542182 3.905871153 0.005549234 -0.037492510 -0.000344698 0.999281466
1696503515.201000 -0.112321749 0.051072538 3.944904566 0.007502606 -0.038339287 0.001426478 0.999235570
1696503515.295000 -0.115216285 0.051552791 3.977309704 0.005791909 -0.038615450 0.001950601 0.999235511
1696503515.395000 -0.118874513 0.052208230 4.010795593 0.001687062 -0.038479216 0.001463030 0.999256968
1696503515.492000 -0.121025063 0.053886477 4.046717167 -0.003468682 -0.038834479 -0.000285595 0.999239624
1696503515.601000 -0.125387996 0.055497561 4.084911346 -0.007123981 -0.038301323 -0.001449677 0.999239802
1696503515.693000 -0.127038717 0.056297563 4.118048191 -0.006527909 -0.038747795 -0.000602054 0.999227524
1696503515.798000 -0.128592491 0.056285497 4.155069351 -0.001789134 -0.039464440 -0.001262177 0.999218643
1696503515.890000 -0.133313552 0.056105468 4.186549187 0.002836186 -0.038617808 -0.000828159 0.999249756
1696503516.001000 -0.136335194 0.055361766 4.223839283 0.006298272 -0.038798116 0.000321318 0.999227166
1696503516.093000 -0.137706205 0.056269541 4.255270481 0.006692685 -0.039108172 -0.000372370 0.999212563
1696503516.201000 -0.142535448 0.056595769 4.291460037 0.003846420 -0.038690627 -0.000824522 0.999243498
1696503516.294000 -0.144466728 0.057984453 4.323624611 0.001504572 -0.039143916 -0.000984340 0.999231994
1696503516.419000 -0.147365466 0.057986345 4.360674858 0.000713951 -0.039350204 -0.002518768 0.999222100
1696503516.511000 -0.151653647 0.059237830 4.396286488 0.002981329 -0.039205227 -0.002796549 0.999222875
1696503516.627000 -0.155367285 0.058298592 4.433640480 0.003970208 -0.038807709 -0.004420659 0.999229074
1696503516.727000 -0.157919645 0.059078015 4.468121052 0.004000410 -0.039419703 -0.004678236 0.999203861
1696503516.818000 -0.162434593 0.059739083 4.496980667 0.003721088 -0.038615894 -0.003428240 0.999241352
1696503516.929000 -0.163305804 0.059597552 4.534136772 0.002059740 -0.038885057 -0.002797369 0.999237657
1696503517.021000 -0.165267721 0.060559697 4.565403461 0.001540096 -0.039191511 -0.001702796 0.999229133
1696503517.127000 -0.168653637 0.060589872 4.599074364 0.000445268 -0.039058805 -0.000024576 0.999236822
1696503517.223000 -0.170847923 0.061180636 4.630179882 -0.000188816 -0.039073240 0.000501207 0.999236226
1696503517.333000 -0.174155697 0.061999831 4.666749477 -0.002071307 -0.039119031 0.000967942 0.999231935
1696503517.429000 -0.176644295 0.063410237 4.695128918 -0.006648332 -0.039773092 0.001382794 0.999185741
1696503517.536000 -0.179102853 0.064548917 4.730968952 -0.008048486 -0.039579261 0.000625589 0.999183834
1696503517.628000 -0.181804970 0.064431272 4.762583256 -0.004694580 -0.039459061 0.000711134 0.999209940
1696503517.738000 -0.184827968 0.063960396 4.796342850 0.002202934 -0.039436016 0.002089906 0.999217510
1696503517.831000 -0.187577382 0.064414680 4.826456070 0.006171140 -0.039459709 0.001200509 0.999201417
1696503517.942000 -0.189647362 0.063774586 4.858546257 0.006201197 -0.039941978 0.000433393 0.999182701
1696503518.031000 -0.192740977 0.064049847 4.888315201 0.005162198 -0.039676856 -0.000094897 0.999199212
1696503518.139000 -0.195539609 0.064807266 4.921463490 0.002654986 -0.039541900 -0.000835011 0.999214053
1696503518.233000 -0.197656527 0.065819442 4.949637413 -0.000225086 -0.039565887 -0.000937809 0.999216497
1696503518.339000 -0.199922323 0.066661194 4.981669426 -0.001994099 -0.039714687 -0.001779213 0.999207556
1696503518.431000 -0.203268886 0.067262024 5.011603832 0.000340139 -0.039594796 -0.002037487 0.999213696
1696503518.543000 -0.206083372 0.067388482 5.043629646 0.003146985 -0.039431173 -0.001189124 0.999216676
1696503518.631000 -0.208679616 0.067714147 5.073405266 0.003514483 -0.039183311 -0.000406427 0.999225855
1696503518.738000 -0.211063147 0.068097316 5.108440876 0.000856620 -0.039498594 -0.000335198 0.999219239
1696503518.842000 -0.213344783 0.069268554 5.137203217 -0.000859878 -0.039869737 -0.000156709 0.999204516
1696503518.933000 -0.216048956 0.069814503 5.165657997 -0.001081183 -0.039733995 -0.000668409 0.999209523
1696503519.038000 -0.219130784 0.069971435 5.197519302 -0.000323031 -0.039409772 -0.000564970 0.999222994
1696503519.141000 -0.220574021 0.069761716 5.226511955 0.000564847 -0.039943531 -0.000969431 0.999201357
1696503519.231000 -0.222724050 0.069844164 5.252978325 0.001395336 -0.040041689 -0.000906345 0.999196649
1696503519.337000 -0.226571560 0.070430420 5.285628319 0.001864711 -0.039911523 0.000115803 0.999201477
1696503519.445000 -0.231245697 0.071583517 5.313268661 0.001962587 -0.039687134 0.000719587 0.999210000
1696503519.536000 -0.233163178 0.071347468 5.343430996 0.001430830 -0.039478052 0.000625224 0.999219239
1696503519.640000 -0.236175656 0.072255395 5.374076843 0.001664937 -0.039351847 0.000408319 0.999223948
1696503519.759000 -0.238242149 0.072216906 5.404438496 0.001559383 -0.039844904 0.001030035 0.999204099
1696503519.864000 -0.241587222 0.072933823 5.438234329 0.001400404 -0.039831098 0.000810380 0.999205112
1696503519.953000 -0.244585946 0.073557004 5.466319084 0.001854802 -0.039485428 0.000833194 0.999218106
1696503520.056000 -0.246982351 0.073325142 5.495649338 0.001588136 -0.039654482 0.000931381 0.999211788
1696503520.160000 -0.249332249 0.074182034 5.525157928 0.001918938 -0.039787892 0.001226593 0.999205530
1696503520.262000 -0.253015399 0.074931495 5.554951191 0.002284888 -0.039243631 0.001602100 0.999225795
1696503520.366000 -0.253891379 0.075421400 5.582729816 0.002051611 -0.039903477 0.001539253 0.999200284
1696503520.468000 -0.257306993 0.074748538 5.612044811 0.000378009 -0.040201914 0.001619332 0.999190211
1696503520.559000 -0.258802891 0.076225013 5.638309479 -0.000054299 -0.040222928 0.001524077 0.999189556
1696503520.664000 -0.261601657 0.077241026 5.668144226 0.000317878 -0.040491313 0.001978884 0.999177933
1696503520.768000 -0.265362173 0.077211641 5.699226379 0.001350550 -0.040077940 0.001893039 0.999193847
1696503520.861000 -0.265862495 0.077007778 5.724175930 0.001301448 -0.040663000 0.002179118 0.999169707
1696503520.962000 -0.268343687 0.077351488 5.755051613 0.001755827 -0.040741064 0.000386116 0.999168158
1696503521.072000 -0.272393793 0.077505596 5.784397602 0.003260420 -0.039915096 -0.000198876 0.999197781
1696503521.171000 -0.274066955 0.077448368 5.813044071 0.003578415 -0.040453255 0.000606543 0.999174893
1696503521.286000 -0.278569877 0.077494256 5.844039440 0.002502338 -0.040091995 0.002229880 0.999190450
1696503521.387000 -0.279735029 0.079415761 5.874752522 0.000440344 -0.040869296 0.002931933 0.999160111
1696503521.479000 -0.283105999 0.080161221 5.903350830 -0.000595941 -0.040805213 0.002578078 0.999163687
1696503521.583000 -0.287539929 0.080959439 5.933515072 -0.000401660 -0.040307574 0.002095855 0.999185085
1696503521.689000 -0.289460212 0.080085814 5.962054729 0.000077283 -0.040525127 0.001254104 0.999177754
1696503521.783000 -0.291265339 0.081483774 5.988646030 0.001534941 -0.040775713 0.001399357 0.999166191
1696503521.886000 -0.294312656 0.080854364 6.016763210 0.002085512 -0.040590335 0.001511738 0.999172628
1696503521.985000 -0.295721859 0.081376702 6.044315338 0.002425664 -0.041166242 0.001825680 0.999147773
1696503522.088000 -0.297815442 0.081748888 6.070347786 0.002460368 -0.041324344 0.001629484 0.999141455
1696503522.193000 -0.300604999 0.082448803 6.103170872 0.002222749 -0.041096572 0.001573310 0.999151468
1696503522.287000 -0.302807868 0.082387991 6.126913071 0.001840205 -0.041198105 0.001539647 0.999148130
1696503522.388000 -0.304838240 0.083228149 6.155025482 0.002181197 -0.041610695 0.002210386 0.999129117
1696503522.507000 -0.308911264 0.083667010 6.182970524 0.002165260 -0.040856946 0.001942865 0.999160826
1696503522.612000 -0.310498029 0.083503261 6.208280563 0.002153935 -0.041198649 0.001362715 0.999147773
1696503522.715000 -0.313544840 0.084116526 6.239629269 0.002260852 -0.041339472 0.001263695 0.999141812
1696503522.817000 -0.316119552 0.084103413 6.266726017 0.002894574 -0.041334875 0.001325450 0.999140322
1696503522.909000 -0.319127232 0.083945669 6.293322563 0.003808593 -0.041094497 0.001608589 0.999146700
1696503523.008000 -0.320614070 0.084589548 6.324090481 0.004934262 -0.041378565 0.001537261 0.999130189
1696503523.107000 -0.322433263 0.084991001 6.353040695 0.004501767 -0.042123400 0.001443260 0.999101281
1696503523.213000 -0.325199664 0.085678861 6.384036064 0.002478296 -0.041943040 0.001461875 0.999115944
1696503523.313000 -0.328206211 0.086677119 6.414681435 0.000132184 -0.041821703 0.001306302 0.999124289
1696503523.413000 -0.330561519 0.086934343 6.443549156 -0.001378576 -0.042202085 0.001353643 0.999107242
1696503523.516000 -0.333618909 0.087697424 6.477116585 -0.000933405 -0.040733103 0.000964730 0.999169171
1696503523.619000 -0.334711015 0.087997377 6.506600380 -0.000224712 -0.032067087 -0.001132343 0.999485075
1696503523.718000 -0.336015761 0.088207595 6.536199570 -0.000088700 -0.030319711 -0.000886246 0.999539852
1696503523.804000 -0.336536974 0.088916816 6.561068535 -0.000272573 -0.030638816 -0.000255222 0.999530494
1696503523.910000 -0.338838249 0.088991478 6.590482235 -0.000758677 -0.030440526 0.000262574 0.999536335
1696503524.013000 -0.342774868 0.090282865 6.622402191 -0.000142661 -0.030003441 0.001036404 0.999549270
1696503524.115000 -0.344774544 0.089869499 6.653281212 -0.000097987 -0.028174138 0.000427935 0.999602973
1696503524.217000 -0.344067425 0.091463067 6.682159901 0.000896970 -0.014227038 -0.003265086 0.999893069
1696503524.321000 -0.340085506 0.090639323 6.710962296 0.000745818 0.007237730 -0.007564403 0.999944925
1696503524.420000 -0.339594573 0.091297410 6.742000580 0.001504367 0.011007620 -0.004884399 0.999926388
1696503524.511000 -0.339130670 0.091670536 6.763556004 0.001949220 0.010787560 -0.001898288 0.999938130
1696503524.621000 -0.340118170 0.091476977 6.792273998 0.001836053 0.010754881 0.001093779 0.999939859
1696503524.720000 -0.337519765 0.092752881 6.826514721 0.002349561 0.010679516 0.001562177 0.999939024
1696503524.810000 -0.340149909 0.092976935 6.852031231 0.002892501 0.011998811 0.001397185 0.999922872
1696503524.922000 -0.337990344 0.093298189 6.884612083 0.004144196 0.011042232 0.000997923 0.999930024
1696503525.023000 -0.339012653 0.093320794 6.915005207 0.004891264 0.011472650 0.000643795 0.999922037
1696503525.129000 -0.335384130 0.093055211 6.949295521 0.005219586 0.010332208 0.001225232 0.999932289
1696503525.225000 -0.334759951 0.093978107 6.982419491 0.004925249 0.010044291 0.000590506 0.999937236
1696503525.324000 -0.334755212 0.094933733 7.016138077 0.004993341 0.010360442 -0.000269151 0.999933839
1696503525.434000 -0.333293617 0.095292307 7.051272392 0.004708290 0.009841384 -0.000072305 0.999940515
1696503525.531000 -0.333841622 0.095456593 7.086595535 0.003512266 0.009990931 0.000194047 0.999943912
1696503525.630000 -0.336226940 0.095699228 7.119455814 0.000887347 0.011246602 0.000135052 0.999936342
1696503525.735000 -0.334605873 0.096781395 7.154541016 -0.000678768 0.010456779 0.000746203 0.999944866
1696503525.836000 -0.331907749 0.098482549 7.193507671 -0.001139948 0.009873955 0.001025258 0.999950111
1696503525.953000 -0.333294094 0.098534599 7.227975845 -0.000737976 0.010112013 0.001169814 0.999947965
1696503526.067000 -0.332382768 0.099544376 7.265247345 0.001218868 0.010064238 -0.000042147 0.999948680
1696503526.169000 -0.332276344 0.098981492 7.301538944 0.002504280 0.009969634 -0.000793089 0.999946892
1696503526.273000 -0.334709257 0.098834164 7.327099800 0.001154957 0.010464806 0.000314897 0.999944568
1696503526.376000 -0.330864161 0.100164145 7.378680229 -0.000731770 0.008015374 0.002780722 0.999963760
1696503526.480000 -0.336013168 0.101165861 7.411197186 -0.001314059 -0.005622081 0.006530521 0.999962032
1696503526.591000 -0.340485185 0.101308018 7.445985794 -0.001086395 -0.023523351 0.008548648 0.999686182
1696503526.690000 -0.343811572 0.102118760 7.480878830 0.000776896 -0.025697485 0.006076476 0.999651015
1696503526.788000 -0.348371625 0.102734841 7.514324665 0.001668515 -0.025173891 0.003028643 0.999677122
1696503526.892000 -0.345065504 0.102888383 7.551545620 0.002152917 -0.026128128 0.000739497 0.999656022
1696503526.990000 -0.348098785 0.102897078 7.583895206 0.002241291 -0.026143176 0.000184331 0.999655724
1696503527.092000 -0.350479305 0.102856874 7.614130020 0.001964648 -0.026058180 0.000089531 0.999658525
1696503527.192000 -0.351845324 0.102898344 7.645154476 0.001334350 -0.026526878 0.000795242 0.999646902
1696503527.280000 -0.354125619 0.103322916 7.673270702 0.001311278 -0.026438123 0.000912980 0.999649167
1696503527.380000 -0.356959283 0.103636779 7.714905739 0.001355033 -0.025717750 0.001302900 0.999667525
1696503527.496000 -0.357769400 0.104902647 7.748694897 0.001732504 -0.026444044 0.002232166 0.999646366
1696503527.594000 -0.361799389 0.105444513 7.782553196 0.001743127 -0.025868984 0.002158444 0.999661565
1696503527.709000 -0.362711519 0.105389729 7.814920425 0.001712769 -0.026408723 0.002290059 0.999647200
1696503527.815000 -0.365583867 0.105957277 7.851128578 0.001466375 -0.026484739 0.002659885 0.999644697
1696503527.917000 -0.365851164 0.106967181 7.880246162 0.000497045 -0.026324477 0.001688823 0.999651909
1696503528.025000 -0.372890949 0.107562862 7.918569565 -0.000448788 -0.024996214 0.001048951 0.999686897
1696503528.138000 -0.370688409 0.106798649 7.956725597 -0.001504197 -0.026039431 0.000628627 0.999659657
1696503528.233000 -0.373673320 0.109001376 7.993285179 -0.000591027 -0.026189120 0.002351564 0.999654114
1696503528.332000 -0.374074131 0.108524553 8.028342247 -0.000221485 -0.026223185 0.001207703 0.999655366
1696503528.446000 -0.378497839 0.109043300 8.044178963 0.001046982 -0.025857827 0.001138931 0.999664426
1696503528.546000 -0.376637310 0.109273620 8.078678131 0.002352568 -0.026815400 0.001775089 0.999636054
1696503528.651000 -0.378110260 0.110207900 8.108723640 0.002967538 -0.026903179 0.002048224 0.999631584
1696503528.740000 -0.378773659 0.109998919 8.138598442 0.001343308 -0.027477708 0.001765709 0.999620020
1696503528.848000 -0.380943179 0.110500850 8.168360710 0.000003581 -0.027271373 0.001381707 0.999627173
1696503528.941000 -0.384152353 0.111281358 8.201354980 -0.000463723 -0.027185971 0.001341641 0.999629438
1696503529.037000 -0.386908352 0.111759745 8.231425285 -0.000314310 -0.026643502 0.000661010 0.999644756
1696503529.152000 -0.387974083 0.112345509 8.263396263 0.000754270 -0.026890848 0.001227461 0.999637365
1696503529.250000 -0.389769644 0.112576336 8.295557976 0.001678852 -0.026805352 0.001351151 0.999638379
1696503529.348000 -0.389704585 0.113805354 8.324700356 0.002062947 -0.027544674 0.001458005 0.999617398
1696503529.450000 -0.391235858 0.113538533 8.354588509 0.002036740 -0.027547281 0.001523372 0.999617279
1696503529.549000 -0.393067271 0.114848450 8.387118340 0.002061300 -0.027783167 0.001622832 0.999610603
1696503529.647000 -0.396128058 0.113978885 8.411687851 0.001524783 -0.027335901 0.001652537 0.999623775
1696503529.748000 -0.397513658 0.114279263 8.442774773 0.001414071 -0.027448483 0.001627558 0.999620914
1696503529.850000 -0.400441289 0.114942111 8.474907875 0.001466354 -0.027249943 0.001429893 0.999626577
1696503529.954000 -0.402103156 0.114776850 8.505537033 0.001236886 -0.027264617 0.001264047 0.999626696
1696503530.055000 -0.403762728 0.115539417 8.532717705 0.001467525 -0.027645683 0.001732561 0.999615252
1696503530.160000 -0.405445158 0.116220094 8.562381744 0.001625293 -0.027600678 0.001823411 0.999616086
1696503530.262000 -0.406412005 0.116663106 8.591423035 0.001421203 -0.027981758 0.001709683 0.999605954
1696503530.361000 -0.408114642 0.118351504 8.618908882 0.001314032 -0.028284684 0.002416254 0.999596179
1696503530.463000 -0.410728276 0.118263870 8.647748947 -0.000124390 -0.027906483 0.002046879 0.999608457
1696503530.571000 -0.412533641 0.118236825 8.678663254 -0.001103875 -0.027934276 0.001950804 0.999607265
1696503530.672000 -0.414286256 0.119205616 8.710784912 -0.000705362 -0.027853223 0.002073044 0.999609649
1696503530.769000 -0.416716605 0.119647637 8.738917351 -0.000718937 -0.027754007 0.002004675 0.999612570
1696503530.867000 -0.418127269 0.119928449 8.766121864 -0.000651661 -0.028132861 0.002983828 0.999599576
1696503530.968000 -0.419426262 0.120009825 8.790365219 -0.000576043 -0.028138811 0.003253721 0.999598563
1696503531.065000 -0.421238005 0.119738780 8.813872337 0.002351435 -0.028077675 0.002790149 0.999599159
1696503531.164000 -0.422597826 0.119502634 8.837066650 0.005998540 -0.028271403 0.002674843 0.999578714
1696503531.259000 -0.424014479 0.120162845 8.860464096 0.005779583 -0.028484408 0.003327593 0.999572039
1696503531.383000 -0.426638067 0.120535068 8.887323380 0.003619262 -0.027826253 0.003192090 0.999601185
1696503531.481000 -0.425747186 0.121334627 8.914176941 0.000556773 -0.019031756 -0.000224836 0.999818683
1696503531.580000 -0.422038108 0.121858038 8.935910225 -0.002002842 0.001269785 -0.004624583 0.999986529
1696503531.678000 -0.416787803 0.123164736 8.957604408 -0.005149380 0.023865758 -0.006925556 0.999677896
1696503531.777000 -0.409842879 0.123632707 8.979950905 -0.007733553 0.046953771 -0.007888684 0.998836040
1696503531.878000 -0.404397935 0.124522157 9.002675056 -0.005661095 0.065823644 -0.007010944 0.997790575
1696503531.978000 -0.400525719 0.124302469 9.024191856 -0.002375754 0.068014979 -0.002333853 0.997678757
1696503532.084000 -0.396677107 0.123550557 9.049167633 0.002689018 0.068275444 -0.000499784 0.997662783
1696503532.232000 -0.391702741 0.124035157 9.071885109 0.004256740 0.075227618 -0.001013907 0.997156799
1696503532.331000 -0.382482797 0.124036960 9.100711823 0.000267372 0.099925652 -0.005355905 0.994980454
1696503532.436000 -0.373719931 0.124691859 9.121618271 -0.001174680 0.123156510 -0.007670013 0.992356956
1696503532.535000 -0.362634361 0.124324642 9.141236305 -0.000527740 0.145798326 -0.009005074 0.989273250
1696503532.639000 -0.350470483 0.124127224 9.161412239 0.001375151 0.168217570 -0.010488742 0.985693216
1696503532.741000 -0.339377970 0.124542937 9.178912163 0.002985243 0.188557222 -0.009877292 0.982008040
1696503532.837000 -0.325513035 0.124803230 9.197328568 0.002884760 0.211522743 -0.007218503 0.977342248
1696503532.946000 -0.313508958 0.125866830 9.215749741 0.001336974 0.235566109 -0.007194353 0.971830785
1696503533.042000 -0.299021900 0.125991523 9.231892586 -0.001221272 0.255606741 -0.008640380 0.966741443
1696503533.139000 -0.283466578 0.126607060 9.250663757 -0.002505106 0.267482519 -0.007490406 0.963530362
1696503533.250000 -0.271830261 0.126774371 9.271053314 -0.003072113 0.268211365 -0.003964972 0.963347077
1696503533.346000 -0.260936737 0.127269059 9.288286209 -0.003109987 0.268086255 -0.001721741 0.963388383
1696503533.451000 -0.250727415 0.128081083 9.306935310 -0.002137183 0.268221706 -0.001682144 0.963353455
1696503533.561000 -0.235685587 0.127989337 9.330574989 0.000608483 0.267784357 -0.004262288 0.963469267
1696503533.666000 -0.221953809 0.127587155 9.353833199 0.004388570 0.267446190 -0.007182218 0.963536084
1696503533.763000 -0.210268915 0.127616763 9.372887611 0.006817695 0.267268479 -0.007313000 0.963570237
1696503533.865000 -0.198405385 0.127540872 9.394278526 0.005398228 0.267385870 -0.009441270 0.963528216
1696503533.957000 -0.184925318 0.127376080 9.416852951 0.002462262 0.267130643 -0.010617011 0.963598728
1696503534.072000 -0.170160949 0.129360303 9.442035675 0.000074193 0.267500460 -0.008793400 0.963517666
1696503534.175000 -0.156758547 0.129718319 9.462440491 -0.001051317 0.270904452 -0.008799621 0.962565482
1696503534.291000 -0.138437629 0.130179301 9.484024048 -0.001933579 0.289695591 -0.013816636 0.957017243
1696503534.391000 -0.119524837 0.130070984 9.503275871 -0.000518479 0.314133167 -0.017380985 0.949219704
1696503534.508000 -0.098469377 0.130051017 9.520528793 0.002314090 0.340728998 -0.017549247 0.939994931
1696503534.615000 -0.079111934 0.129621565 9.535686493 0.004126760 0.363408864 -0.016530724 0.931473970
1696503534.730000 -0.056811810 0.131604135 9.550997734 0.007865884 0.388156742 -0.014412179 0.921447098
1696503534.925000 -0.033833981 0.129835367 9.565049171 0.007949107 0.413611561 -0.016174173 0.910275102
1696503535.042000 -0.005626678 0.126670405 9.581450462 0.007231597 0.442490041 -0.019213051 0.896538436
1696503535.161000 0.018832445 0.126684114 9.592927933 0.008280310 0.467216045 -0.018693225 0.883906841
1696503535.285000 0.045878887 0.126449257 9.602861404 0.007754184 0.492865562 -0.017336264 0.869898200
1696503535.425000 0.076805592 0.129269928 9.614737511 0.007431743 0.520040572 -0.017166594 0.853936732
1696503535.576000 0.106657028 0.125700653 9.626346588 0.004895140 0.531663001 -0.012439987 0.846850514
1696503535.715000 0.137118816 0.126220524 9.641742706 0.005354707 0.533284783 -0.006162051 0.845896423
1696503535.851000 0.165919304 0.125475109 9.654788017 0.006272377 0.532783031 -0.005336081 0.846211851
1696503535.992000 0.195484638 0.126089931 9.668559074 0.004782530 0.532894075 -0.009174845 0.846118689
1696503536.139000 0.225927353 0.125031471 9.679927826 -0.000423211 0.545461953 -0.015462869 0.837992847
1696503536.314000 0.262639046 0.124289639 9.688947678 -0.001666586 0.573958397 -0.017797491 0.818689406
1696503536.514000 0.299818993 0.124634787 9.691258430 -0.000265188 0.606986642 -0.019294346 0.794477820
1696503536.888000 0.344257355 0.124890760 9.692394257 -0.000643018 0.642952740 -0.018172607 0.765690029
1696503537.113000 0.376702309 0.124266818 9.692004204 -0.000605267 0.665998578 -0.016775982 0.745764196
1696503537.337000 0.422005653 0.123492897 9.697499275 0.002869604 0.672987282 -0.013305065 0.739528775
1696503537.557000 0.465884209 0.123659030 9.702507019 0.003686109 0.674062610 -0.013457651 0.738542497
1696503537.785000 0.510397911 0.123493604 9.707172394 0.003072981 0.674335897 -0.014047416 0.738284767
1696503538.009000 0.553256035 0.122773305 9.710535049 0.002507313 0.675691366 -0.014324837 0.737041175
1696503538.183000 0.583820343 0.122227043 9.711029053 0.002020248 0.680865169 -0.014691464 0.732258677
1696503538.362000 0.616731644 0.122283973 9.711771965 0.002643613 0.681397676 -0.014311858 0.731768727
1696503538.584000 0.656409264 0.121902004 9.714073181 0.001811094 0.683181882 -0.015030588 0.730091333
1696503538.774000 0.690531731 0.121750221 9.715206146 -0.000109791 0.697960258 -0.017501764 0.715922713
1696503538.968000 0.721571922 0.121099554 9.711800575 0.000492214 0.711597383 -0.017060257 0.702380240
1696503539.157000 0.751064301 0.120658144 9.709606171 0.002385331 0.713842094 -0.015034414 0.700141311
1696503539.345000 0.784542084 0.120332852 9.711160660 0.003647401 0.715195775 -0.014509773 0.698764145
1696503539.532000 0.816335678 0.119868480 9.710709572 0.004799745 0.715341330 -0.015396617 0.698589087
1696503539.719000 0.850707054 0.119711943 9.709609032 0.005301306 0.715117514 -0.015768675 0.698806286
1696503539.904000 0.887701035 0.118992381 9.710066795 0.004471898 0.715746999 -0.014876684 0.698186994
1696503540.090000 0.927933693 0.119089402 9.708183289 0.003424943 0.715525329 -0.014787150 0.698421896
1696503540.284000 0.966386795 0.119373336 9.708663940 0.002946046 0.716071367 -0.013407506 0.697892189
1696503540.469000 1.006643295 0.118384644 9.705043793 0.003010516 0.715542197 -0.012698522 0.698447645
1696503540.662000 1.045966148 0.118052892 9.707577705 0.005323288 0.711430490 -0.012029671 0.702633440
1696503540.856000 1.083866119 0.117885962 9.708366394 0.005635130 0.708187222 -0.012706727 0.705887854
1696503541.034000 1.122603416 0.117672853 9.708080292 0.005187419 0.707243979 -0.012239808 0.706844628
1696503541.214000 1.161812782 0.117000043 9.707713127 0.004905203 0.707083583 -0.011602580 0.707017779
1696503541.393000 1.199675560 0.116795577 9.708034515 0.006172595 0.706986666 -0.011601659 0.707104802
1696503541.575000 1.240196228 0.115439609 9.708011627 0.007761408 0.706855237 -0.013171312 0.707193017
1696503541.756000 1.280346870 0.114994302 9.710199356 0.007868496 0.707113087 -0.012763408 0.706941545
1696503541.940000 1.323781013 0.115581527 9.708698273 0.005809334 0.706441760 -0.011083299 0.707660556
1696503542.172000 1.377615929 0.114796564 9.712373734 0.006176441 0.699120522 -0.009065212 0.714919746
1696503542.399000 1.432924747 0.114393361 9.714401245 0.006022145 0.697727025 -0.010759134 0.716257632
1696503542.568000 1.474504948 0.113629423 9.714923859 0.006167172 0.697121739 -0.010965995 0.716842413
1696503542.745000 1.515543938 0.113803536 9.716977119 0.007232771 0.697094619 -0.011762043 0.716846228
1696503542.927000 1.557005405 0.112587884 9.718448639 0.007963249 0.697106957 -0.012491526 0.716814220
1696503543.152000 1.615507603 0.112297170 9.720725060 0.005547540 0.696902573 -0.011295111 0.717055440
1696503543.375000 1.674337387 0.113010265 9.721727371 0.004018668 0.696374595 -0.011073411 0.717581809
1696503543.544000 1.716702461 0.112436794 9.724944115 0.006394014 0.696067870 -0.011029449 0.717862904
1696503543.770000 1.770776749 0.111028224 9.732109070 0.011479607 0.680314779 -0.014290441 0.732690871
1696503543.979000 1.826165676 0.110398136 9.735223770 0.004102271 0.676919401 -0.012651172 0.735936940
1696503544.195000 1.883560658 0.111218609 9.744400024 0.002649183 0.677156925 -0.010406604 0.735760272
1696503544.406000 1.936689854 0.110291608 9.748000145 0.005116628 0.676500022 -0.010258724 0.736353517
1696503544.616000 1.989274025 0.109366640 9.754555702 0.003686849 0.677089334 -0.012922863 0.735778153
1696503544.826000 2.042233467 0.109681584 9.758055687 0.003633391 0.676686585 -0.012241492 0.736160517
1696503545.041000 2.097833157 0.109523527 9.764787674 0.004777715 0.676496923 -0.015160909 0.736273885
1696503545.253000 2.155362129 0.108811259 9.769717216 0.003350558 0.676462173 -0.013730095 0.736341774
1696503545.459000 2.211644650 0.109333903 9.775588036 0.001052435 0.676828146 -0.015083951 0.735985816
1696503545.668000 2.267718315 0.107926764 9.778491974 0.001791758 0.676236033 -0.015697043 0.736515582
1696503545.879000 2.327471256 0.106295355 9.786582947 0.002883572 0.676489949 -0.018426087 0.736215711
1696503546.096000 2.388703346 0.105380774 9.792894363 0.003353879 0.676439762 -0.021114824 0.736187637
1696503546.307000 2.451816559 0.108627267 9.798264503 -0.004889560 0.676361561 -0.011832112 0.736458540
1696503546.536000 2.508702755 0.107173584 9.797625542 -0.005189170 0.676064372 -0.013933490 0.736692607
1696503546.708000 2.558477879 0.105325162 9.809289932 0.003957429 0.677349150 -0.018804345 0.735410810
1696503546.924000 2.612807274 0.101183534 9.808266640 0.006748042 0.679005861 -0.021209652 0.733795404
1696503547.137000 2.664650917 0.098208383 9.810973167 0.002335019 0.696890473 -0.015231045 0.717012107
1696503547.360000 2.730357170 0.103722610 9.818284988 0.003297112 0.700646520 -0.012313834 0.713394701
1696503547.584000 2.782604694 0.102747567 9.817112923 0.000930743 0.700805545 -0.016615061 0.713158309
1696503547.803000 2.851203442 0.098668702 9.813457489 0.000095190 0.700512409 -0.016539201 0.713448644
1696503548.019000 2.913206100 0.098407969 9.823316574 -0.000954823 0.702045739 -0.015978092 0.711951971
1696503548.238000 2.958305836 0.096838281 9.816407204 -0.001285398 0.700153887 -0.016066479 0.713810086
1696503548.469000 3.017872810 0.099357873 9.824914932 0.005211773 0.701221466 -0.019257609 0.712664425
1696503548.676000 3.071911335 0.098088816 9.825087547 0.002851859 0.701424897 -0.019113364 0.712481380
1696503548.897000 3.130302429 0.099363968 9.828993797 -0.000452995 0.702371359 -0.013963125 0.711673677
1696503549.118000 3.190656662 0.098544754 9.828538895 -0.002107930 0.701998472 -0.013323159 0.712050736
1696503549.345000 3.247638702 0.099873520 9.828193665 -0.002306641 0.701717019 -0.015179862 0.712290287
1696503549.550000 3.300893307 0.097326532 9.834052086 0.004039793 0.702398956 -0.014917962 0.711615741
1696503549.776000 3.364512444 0.097551048 9.832507133 0.000400657 0.702202559 -0.015004268 0.711819053
1696503549.992000 3.421169758 0.097657695 9.833127975 0.001592696 0.702113986 -0.017633133 0.711844444
1696503550.212000 3.477022648 0.096799254 9.832606316 0.002553544 0.701195240 -0.017302848 0.712754786
1696503550.424000 3.528376579 0.095856622 9.836508751 0.003062057 0.702040195 -0.014253700 0.711988091
1696503550.637000 3.570179462 0.095984712 9.853531837 0.002992426 0.705085635 -0.013637439 0.708984733
1696503550.846000 3.639440536 0.094969884 9.838410378 0.001352136 0.700923562 -0.014204564 0.713093698
1696503551.064000 3.694302559 0.094010837 9.842264175 0.002173013 0.702248096 -0.016511837 0.711737573
1696503551.278000 3.744632721 0.094088882 9.843114853 0.003771926 0.701883018 -0.014586990 0.712132871
1696503551.491000 3.792810440 0.092940040 9.843021393 0.003083068 0.701876879 -0.012520942 0.712181628
1696503551.705000 3.851300716 0.092767000 9.844491959 0.004581055 0.701456070 -0.014335619 0.712553859
1696503551.916000 3.909297943 0.092787862 9.849924088 0.000862534 0.703066826 -0.011466613 0.711030900
1696503552.136000 3.963053226 0.092143185 9.845918655 0.000169284 0.702179134 -0.013382695 0.711874604
1696503552.348000 4.019892693 0.090921372 9.850214005 0.004217493 0.696909904 -0.014069991 0.717008293
1696503552.552000 4.076956272 0.090321735 9.856513977 0.002512334 0.681463659 -0.013137758 0.731729805
1696503552.698000 4.105137825 0.091983281 9.860534668 0.002540875 0.680485606 -0.013730599 0.732628465
1696503552.892000 4.154411316 0.090485699 9.858162880 0.000082960 0.678322315 -0.016198969 0.734585941
1696503553.093000 4.205913067 0.088653840 9.865734100 0.001354613 0.678242803 -0.014492445 0.734693706
1696503553.300000 4.257010937 0.089688472 9.872142792 0.001936326 0.679317176 -0.014307675 0.733702838
1696503553.501000 4.308157444 0.088396996 9.877356529 0.001351660 0.679161727 -0.014109688 0.733851790
1696503553.697000 4.356248856 0.088018693 9.881031036 0.002142259 0.679113090 -0.013366236 0.733908892
1696503553.889000 4.403270245 0.088479444 9.883901596 0.002197311 0.678876579 -0.014333093 0.734109282
1696503554.085000 4.453413963 0.087208077 9.887854576 0.002072045 0.680592418 -0.014339993 0.732518971
1696503554.281000 4.504300594 0.085686810 9.892435074 -0.000092556 0.696401894 -0.016147338 0.717470348
1696503554.543000 4.550974846 0.086794369 9.888856888 0.001755709 0.697572768 -0.014576493 0.716363609
1696503554.741000 4.600138664 0.085738108 9.889247894 0.003692892 0.697713017 -0.013938403 0.716232300
1696503554.942000 4.648211956 0.086007938 9.894266129 0.002635139 0.698641658 -0.014420300 0.715321660
1696503555.142000 4.697036266 0.085963659 9.894285202 0.000677968 0.698318481 -0.014285448 0.715644300
1696503555.344000 4.746188641 0.085046537 9.897720337 -0.000021594 0.698946118 -0.014567255 0.715026021
1696503555.549000 4.793681145 0.084720731 9.897721291 0.001101387 0.698488057 -0.015083644 0.715461910
1696503555.751000 4.825582504 0.083039135 9.913994789 -0.001566494 0.712957263 -0.016662586 0.701007783
1696503555.966000 4.886435986 0.084474720 9.893485069 -0.001723174 0.725568891 -0.018221481 0.687906086
1696503556.181000 4.932554245 0.083367757 9.888726234 -0.001142333 0.731970668 -0.017087083 0.681120932
1696503556.369000 4.968441010 0.083397314 9.882196426 -0.003054072 0.750593543 -0.018925561 0.660486042
1696503556.547000 5.003639221 0.084467590 9.876054764 -0.000369922 0.755472422 -0.018094096 0.654930532
1696503556.724000 5.037490845 0.083175853 9.872968674 -0.000103935 0.757414281 -0.014922489 0.652764022
1696503556.899000 5.069622517 0.084737167 9.867717743 -0.001636880 0.757577717 -0.011132368 0.652647972
1696503557.078000 5.094895840 0.084235251 9.864089966 -0.001791136 0.757730067 -0.010995092 0.652473092
1696503557.253000 5.121422768 0.083801389 9.861849785 0.002893228 0.758344889 -0.015971044 0.651651442
1696503557.429000 5.147922516 0.082429931 9.856852531 0.004510833 0.758115530 -0.016809326 0.651888013
1696503557.613000 5.173043728 0.083089948 9.854043961 0.003686670 0.758543670 -0.014791866 0.651443899
1696503557.788000 5.199277401 0.083656617 9.850605965 0.002923563 0.759029210 -0.012805666 0.650924087
1696503557.966000 5.224019051 0.085063413 9.845027924 0.006830940 0.758510470 -0.012344732 0.651508093
1696503558.160000 5.248757362 0.080539972 9.838750839 0.009220809 0.765317738 -0.014680568 0.643419206
1696503558.355000 5.271887302 0.080449760 9.830724716 0.008539941 0.781538844 -0.017464643 0.623553753
1696503558.559000 5.294864655 0.079716280 9.821292877 0.006793622 0.799617827 -0.014968437 0.600284338
1696503558.769000 5.316033363 0.084282786 9.807064056 0.009700657 0.813239634 -0.010404288 0.581755161
1696503558.969000 5.336384773 0.084489688 9.795072556 0.010266715 0.815379262 -0.006867419 0.578795433
1696503559.168000 5.362280846 0.083431780 9.789769173 0.010181139 0.817238927 -0.008128613 0.576151669
1696503559.372000 5.385899544 0.081649691 9.778179169 0.011170038 0.816019714 -0.010244461 0.577825308
1696503559.573000 5.411930084 0.082652643 9.769514084 0.009337448 0.816134751 -0.010658061 0.577687860
1696503559.773000 5.434778214 0.083191589 9.757070541 0.005076928 0.821737409 -0.010190627 0.569752693
1696503560.011000 5.458467484 0.081375912 9.741725922 0.000679559 0.836639285 -0.012910358 0.547601700
1696503560.262000 5.481756210 0.078954041 9.729213715 0.001961560 0.842947960 -0.015162902 0.537777841
1696503560.485000 5.504272461 0.077007182 9.715996742 0.002735696 0.846252441 -0.015313920 0.532555103
1696503560.742000 5.525493622 0.078430496 9.700641632 0.000749930 0.858873248 -0.017570559 0.511886179
1696503561.043000 5.546887398 0.078551486 9.682355881 0.000346833 0.873453915 -0.017043516 0.486608326
1696503561.291000 5.566246986 0.077569969 9.663350105 0.000413756 0.887688160 -0.014323303 0.460222244
1696503561.526000 5.581552505 0.078609966 9.643486977 0.001874762 0.900860012 -0.014622558 0.433859348
1696503561.781000 5.600938797 0.077332854 9.624426842 0.001648588 0.914387643 -0.015069534 0.404555917
1696503562.016000 5.613432884 0.077280864 9.603718758 0.006944073 0.925647259 -0.016455824 0.377965897
1696503562.264000 5.628021240 0.076229267 9.581348419 0.008666107 0.936455250 -0.018374385 0.350198418
1696503562.512000 5.640055656 0.074263521 9.559636116 0.006313980 0.946466923 -0.019163160 0.322169781
1696503562.762000 5.650676727 0.074809343 9.535750389 0.007032309 0.955149055 -0.019478239 0.295400590
1696503563.008000 5.660560608 0.074604750 9.512509346 0.008540202 0.963136852 -0.018681584 0.268226534
1696503563.257000 5.668278694 0.073892862 9.487946510 0.010735722 0.970267773 -0.017956676 0.241128147
1696503563.504000 5.673536301 0.073611952 9.464986801 0.008944022 0.976515591 -0.017741889 0.214528814
1696503563.742000 5.679786682 0.073398486 9.440679550 0.007156837 0.982229829 -0.016532676 0.186815426
1696503563.961000 5.683484077 0.073305421 9.415729523 0.007435738 0.986896217 -0.014512214 0.160530359
1696503564.184000 5.687600136 0.072352543 9.396595001 0.007339250 0.991112649 -0.014987159 0.131974831
1696503564.384000 5.681192398 0.070964664 9.372117043 0.007699861 0.993816376 -0.020849464 0.108789533
1696503564.587000 5.687541008 0.070589304 9.343082428 0.005815996 0.996470332 -0.024740476 0.080005780
1696503564.784000 5.679552078 0.068144441 9.321943283 0.005573703 0.998169661 -0.020535193 0.056609016
1696503564.970000 5.683376312 0.071251944 9.297727585 0.008861594 0.999412000 -0.016966520 0.028448826
1696503565.144000 5.678311348 0.069779210 9.272515297 0.010281552 0.999798834 -0.011835636 0.012512081
1696503565.364000 5.680381775 0.069684274 9.236826897 0.009973949 0.999799371 -0.015264063 0.008293791
1696503565.539000 5.681978226 0.069582939 9.210892677 0.011729350 0.999725759 -0.018731061 0.007751148
1696503565.720000 5.681179047 0.068026349 9.182622910 0.012233710 0.999710441 -0.018863810 0.008580253
1696503565.938000 5.682500839 0.068098404 9.141207695 0.012206501 0.999658644 -0.017191237 0.015430808
1696503566.115000 5.691464424 0.066987187 9.104387283 0.017900201 0.998895705 -0.015371609 0.040628385
1696503566.304000 5.698182583 0.066488788 9.069392204 0.013662389 0.998685062 -0.016462278 0.046589136
1696503566.540000 5.702123642 0.066165775 9.021091461 0.012395046 0.998595476 -0.016374968 0.048841037
1696503566.732000 5.708174229 0.066491865 8.980637550 0.011753835 0.998591959 -0.012293672 0.050247978
1696503566.968000 5.711765289 0.065113477 8.926460266 0.007379467 0.998725891 -0.011018088 0.048691079
1696503567.164000 5.717501640 0.064222194 8.887956619 0.006599909 0.998754561 -0.015216121 0.047056161
1696503567.344000 5.722427845 0.064365193 8.845476151 0.006082550 0.998738408 -0.017314984 0.046741854
1696503567.525000 5.727636814 0.063535966 8.806377411 0.005288593 0.998804450 -0.015168426 0.046169836
1696503567.714000 5.730940342 0.063395016 8.767612457 0.004469730 0.998814881 -0.013563626 0.046528418
1696503567.896000 5.734205723 0.063352048 8.725915909 0.004577836 0.998777628 -0.014319848 0.047088221
1696503568.077000 5.737228394 0.061913922 8.685571671 0.004409678 0.998714626 -0.016743841 0.047637440
1696503568.328000 5.744339943 0.061282843 8.628479004 0.005249047 0.998715937 -0.018214386 0.046980888
1696503568.508000 5.749778271 0.060939088 8.582008362 0.004670330 0.998875618 -0.016365206 0.044248745
1696503568.744000 5.752789021 0.059301741 8.522893906 0.004204265 0.999342382 -0.012772038 0.033677496
1696503568.920000 5.757090092 0.058016382 8.479045868 0.005319539 0.999383092 -0.013068415 0.032162718
1696503569.098000 5.757251740 0.058231175 8.430936813 0.004902209 0.999347925 -0.014810571 0.032563519
1696503569.329000 5.760057926 0.057759307 8.373502731 0.005999885 0.999314427 -0.015166345 0.033237685
1696503569.645000 5.768754005 0.056815960 8.315128326 0.006963599 0.999380529 -0.014722938 0.031199619
1696503569.826000 5.770209312 0.056115776 8.267482758 0.008118239 0.999355555 -0.014350803 0.031885073
1696503570.061000 5.773463726 0.054430820 8.213232040 0.009294582 0.999301791 -0.015736325 0.032588109
1696503570.282000 5.782103062 0.053790048 8.157449722 0.009099421 0.999349117 -0.016299328 0.030870827
1696503570.463000 5.781290054 0.053027794 8.110062599 0.007551073 0.999343514 -0.014821743 0.032184482
1696503570.686000 5.786812782 0.052234478 8.050868034 0.006535124 0.999365687 -0.013602973 0.032258142
1696503570.932000 5.788911819 0.051005200 7.998633862 0.005503791 0.999337196 -0.014198191 0.033066645
1696503571.137000 5.794220448 0.050829664 7.941787243 0.005962867 0.999348998 -0.015164328 0.032187272
1696503571.309000 5.794878006 0.050255403 7.902463913 0.006027940 0.999321520 -0.014640974 0.033253513
1696503571.536000 5.802602768 0.049179941 7.845003128 0.006243484 0.999356449 -0.014712665 0.032112509
1696503571.758000 5.804054737 0.049403362 7.792983055 0.006460347 0.999343276 -0.014913098 0.032387793
1696503571.934000 5.808240891 0.049069680 7.752179623 0.007056551 0.999354005 -0.015356842 0.031717710
1696503572.159000 5.811423302 0.048174940 7.700716496 0.006956925 0.999334633 -0.015285031 0.032377932
1696503572.334000 5.813915730 0.046668991 7.659000874 0.006981684 0.999344349 -0.015082627 0.032166339
1696503572.563000 5.816926956 0.045869634 7.608849525 0.008060989 0.999325097 -0.015007905 0.032545198
1696503572.787000 5.828540325 0.045636557 7.552282333 0.009494359 0.999335289 -0.016184872 0.031255320
1696503573.015000 5.822942257 0.044307366 7.503018856 0.009731350 0.999294996 -0.014835618 0.033088308
1696503573.242000 5.829612732 0.042658184 7.450952530 0.010371597 0.999307930 -0.015798036 0.032041978
1696503573.453000 5.833848953 0.041186418 7.397628307 0.009995806 0.999293268 -0.015844643 0.032589108
1696503573.672000 5.833401203 0.040771998 7.352535248 0.008153251 0.999305069 -0.013934832 0.033596795
1696503573.848000 5.838084221 0.040886715 7.314599991 0.007025077 0.999336839 -0.013654923 0.033017233
1696503574.075000 5.837759018 0.040447049 7.264451981 0.007587880 0.999261856 -0.014161368 0.034896728
1696503574.292000 5.842547417 0.039350986 7.218230724 0.007626657 0.999266267 -0.014916576 0.034442246
1696503574.461000 5.846608162 0.039156087 7.181487083 0.008315227 0.999295652 -0.014769859 0.033482045
1696503574.698000 5.849110603 0.038168814 7.132408142 0.008382063 0.999268889 -0.014316725 0.034447286
1696503574.911000 5.852592945 0.037408680 7.086856365 0.008282592 0.999269962 -0.014408431 0.034399960
1696503575.132000 5.860911846 0.036369823 7.037806511 0.008478610 0.999331832 -0.014345568 0.032530401
1696503575.338000 5.863856316 0.035337012 6.991481781 0.009221757 0.999317825 -0.014081866 0.032873243
1696503575.549000 5.866636753 0.035806969 6.947761536 0.008677336 0.999314129 -0.014967721 0.032741189
1696503575.773000 5.870113850 0.035341032 6.902450085 0.009304971 0.999303222 -0.015281397 0.032757573
1696503575.980000 5.871841908 0.036012750 6.856339455 0.010455563 0.999239206 -0.015660457 0.034153342
1696503576.196000 5.876388073 0.033755846 6.813926220 0.010700962 0.999293506 -0.014690445 0.032896593
1696503576.430000 5.881701469 0.032376263 6.769586086 0.011339530 0.999294519 -0.016042782 0.032009330
1696503576.607000 5.883213043 0.032711968 6.736094952 0.012320487 0.999221087 -0.017509580 0.033149999
1696503576.824000 5.885755539 0.031401701 6.693924427 0.010252178 0.999293029 -0.015077873 0.032878187
1696503577.041000 5.892174721 0.031059969 6.650192261 0.009819363 0.999333858 -0.014212441 0.032147411
1696503577.255000 5.897109509 0.029757295 6.608575344 0.008399662 0.999363422 -0.013840776 0.031790636
1696503577.473000 5.897346973 0.029958591 6.567599773 0.008765426 0.999325454 -0.015150914 0.032283805
1696503577.678000 5.902027130 0.028824262 6.525623322 0.009371554 0.999326766 -0.015012579 0.032139324
1696503577.894000 5.905598164 0.027281327 6.481734276 0.010517969 0.999305844 -0.015377055 0.032262251
1696503578.106000 5.907137871 0.026946928 6.439583302 0.009463468 0.999308705 -0.016492108 0.031946901
1696503578.330000 5.912446022 0.027743768 6.395851612 0.009273614 0.999354243 -0.014711984 0.031443343
1696503578.561000 5.920174599 0.026406888 6.346804142 0.011111996 0.999353290 -0.014508446 0.030968999
1696503578.765000 5.917322159 0.025339732 6.308553219 0.010086419 0.999348521 -0.014531268 0.031459626
1696503578.930000 5.920716286 0.025431434 6.275514603 0.010076205 0.999348462 -0.014975866 0.031256266
1696503579.142000 5.924057961 0.024250180 6.233062267 0.010687846 0.999329388 -0.016275179 0.031011207
1696503579.348000 5.926019669 0.023165379 6.189337254 0.011507086 0.999306500 -0.015778588 0.031704582
1696503579.552000 5.927862167 0.022898827 6.145993710 0.011500771 0.999331355 -0.013912665 0.031796012
1696503579.761000 5.933966160 0.021246184 6.103402615 0.012622036 0.999340475 -0.015550781 0.030291056
1696503579.969000 5.935760498 0.020548198 6.062470913 0.012390085 0.999281108 -0.018407987 0.030741176
1696503580.187000 5.938829899 0.021224916 6.016102314 0.011763956 0.999328315 -0.015811862 0.030896094
1696503580.389000 5.943264961 0.020551736 5.972158909 0.010619948 0.999377131 -0.013577336 0.030793967
1696503580.602000 5.944768906 0.019646404 5.930076122 0.009590931 0.999365568 -0.014219731 0.031213341
1696503580.807000 5.946799278 0.017703291 5.885400295 0.010408111 0.999331117 -0.015182219 0.031599190
1696503581.028000 5.950922489 0.019222826 5.845424175 0.010594395 0.999342382 -0.015421449 0.031061800
1696503581.235000 5.954451084 0.018572440 5.803790092 0.010351683 0.999354839 -0.015185525 0.030859437
1696503581.429000 5.955965042 0.016565736 5.759200096 0.010960711 0.999313533 -0.016699912 0.031200448
1696503581.632000 5.958408833 0.016136874 5.715218067 0.011230676 0.999319613 -0.015758205 0.031399865
1696503581.842000 5.963836670 0.015418175 5.673877239 0.011629225 0.999359488 -0.014573013 0.030545739
1696503582.062000 5.964348793 0.014847444 5.631715775 0.012113058 0.999304712 -0.015264732 0.031787090
1696503582.252000 5.970208168 0.011914987 5.589800835 0.012232376 0.999332547 -0.015883159 0.030537697
1696503582.455000 5.975249290 0.011121487 5.546809673 0.012535742 0.999335289 -0.016383523 0.030057341
1696503582.704000 5.973363876 0.010852316 5.498751640 0.013309171 0.999318719 -0.014642003 0.031154532
1696503582.909000 5.977260590 0.010011449 5.453701496 0.014130203 0.999322474 -0.014251504 0.030853650
1696503583.115000 5.978739738 0.010515170 5.411698818 0.013121691 0.999280632 -0.014389797 0.032542773
1696503583.328000 5.982481480 0.008883750 5.366720200 0.012232581 0.999309301 -0.014286972 0.032049447
1696503583.544000 5.987867355 0.007401677 5.320800781 0.012967409 0.999231577 -0.019251959 0.031584367
1696503583.730000 5.989608765 0.006803869 5.274789810 0.010877162 0.999311328 -0.015681233 0.031822298
1696503583.932000 5.993657112 0.007075403 5.228211880 0.010295155 0.999318302 -0.016884882 0.031176090
1696503584.139000 5.996605873 0.004740350 5.181620598 0.008387207 0.999298573 -0.018227037 0.031620752
1696503584.341000 5.999881268 0.004736424 5.134497643 0.008553637 0.999389708 -0.010431900 0.032223098
1696503584.551000 6.002922058 0.005073331 5.088165283 0.009957404 0.999399841 -0.009307530 0.031847257
1696503584.748000 6.006567001 0.004021851 5.042972088 0.012004486 0.999274373 -0.017897815 0.031405583
1696503584.948000 6.009467125 0.002537627 4.996893883 0.012855042 0.999261439 -0.018428968 0.031173803
1696503585.154000 6.012825012 0.002467243 4.951369762 0.011197618 0.999388635 -0.014526297 0.029767543
1696503585.354000 6.018365383 0.001394045 4.907877445 0.011742132 0.999423206 -0.016748654 0.027107282
1696503585.546000 6.018343449 -0.000046996 4.865647793 0.014925276 0.999308884 -0.019262210 0.028071573
1696503585.746000 6.020961285 0.000568774 4.823184490 0.015272859 0.999349415 -0.015557349 0.028730782
1696503585.950000 6.025096416 -0.000556841 4.781262875 0.015743913 0.999400198 -0.012169269 0.028343005
1696503586.146000 6.025228500 -0.002608392 4.738241196 0.015155397 0.999355733 -0.015061108 0.028838569
1696503586.345000 6.029179096 -0.000045635 4.697292328 0.015701413 0.999397278 -0.012877379 0.028156335
1696503586.541000 6.031173229 -0.002869971 4.658631325 0.013779052 0.999432623 -0.010695143 0.028813945
1696503586.737000 6.033658981 -0.002822697 4.612603188 0.012705179 0.999467671 -0.012074066 0.027516602
1696503586.945000 6.035118580 -0.005354859 4.571209431 0.012966104 0.999435782 -0.013559197 0.027860153
1696503587.128000 6.037180901 -0.005551115 4.530660629 0.018589232 0.999293566 -0.015999291 0.028476750
1696503587.344000 6.039925575 -0.005015954 4.490235329 0.016948938 0.999344826 -0.014510819 0.028498406
1696503587.524000 6.042556286 -0.005514760 4.449923515 0.013351208 0.999374688 -0.016104966 0.028507849
1696503587.719000 6.045380592 -0.006821789 4.411329746 0.014792447 0.999331295 -0.017616626 0.028422736
1696503587.914000 6.048259258 -0.007959065 4.374154091 0.011922929 0.999432623 -0.015750553 0.027281543
1696503588.109000 6.049984455 -0.008347902 4.332926750 0.012803313 0.999436438 -0.014858472 0.027243204
1696503588.301000 6.051937103 -0.008325931 4.295922279 0.011875137 0.999440849 -0.015018142 0.027412768
1696503588.495000 6.054545403 -0.009036403 4.258111477 0.013818595 0.999399185 -0.016120180 0.027397059
1696503588.693000 6.060368538 -0.011732057 4.224725246 0.013463177 0.999430299 -0.015177658 0.026971906
1696503588.879000 6.059906483 -0.011915743 4.183501244 0.013709193 0.999422550 -0.016241340 0.026510859
1696503589.075000 6.060053349 -0.011865757 4.147881031 0.016604913 0.999336898 -0.015949961 0.028208826
1696503589.270000 6.063785553 -0.013912119 4.105364323 0.017657373 0.999358773 -0.014846181 0.027384067
1696503589.461000 6.066376209 -0.014643058 4.067694664 0.015994996 0.999365032 -0.016228991 0.027391931
1696503589.655000 6.068696976 -0.013328426 4.031269073 0.015860021 0.999349415 -0.016066641 0.028125955
1696503589.852000 6.069020271 -0.013767168 3.992486477 0.014378127 0.999350131 -0.016850809 0.028437773
1696503590.046000 6.072104454 -0.013707541 3.950825453 0.013547437 0.999352753 -0.016943792 0.028696110
1696503590.231000 6.075616837 -0.014045887 3.908221483 0.013011333 0.999400318 -0.014758530 0.028493738
1696503590.422000 6.079106331 -0.014892496 3.868954897 0.013352184 0.999407351 -0.015178360 0.027862450
1696503590.606000 6.082281590 -0.015638903 3.828694344 0.012889570 0.999412894 -0.015987029 0.027427994
1696503590.795000 6.083090305 -0.017695170 3.785227060 0.013981444 0.999354422 -0.017425349 0.028137911
1696503590.981000 6.087022305 -0.017672589 3.740634441 0.013290952 0.999356091 -0.018361766 0.027815262
1696503591.177000 6.086766243 -0.017957542 3.695330143 0.013681040 0.999371886 -0.015510733 0.028775617
1696503591.357000 6.089316845 -0.018646672 3.648904562 0.014362693 0.999367654 -0.014317871 0.029207068
1696503591.544000 6.093677998 -0.019983578 3.601774454 0.013624784 0.999391437 -0.015952613 0.027871907
1696503591.739000 6.098734379 -0.020781737 3.559692860 0.014740628 0.999341130 -0.018854417 0.027285771
1696503591.923000 6.098762512 -0.021918990 3.511459112 0.016369611 0.999314427 -0.016625604 0.028744992
1696503592.109000 6.102597713 -0.021228135 3.465591669 0.016713070 0.999346793 -0.014918188 0.028357046
1696503592.297000 6.106449604 -0.022271015 3.419495106 0.016387256 0.999349773 -0.016382903 0.027624646
1696503592.487000 6.108869553 -0.022994280 3.373624563 0.014962825 0.999357641 -0.016546059 0.028048361
1696503592.679000 6.111254692 -0.023750834 3.329046249 0.013734139 0.999389410 -0.015284370 0.028260183
1696503592.867000 6.114292145 -0.024970200 3.281123877 0.013403411 0.999423265 -0.014974398 0.027372517
1696503593.079000 6.118994236 -0.025625795 3.236582518 0.013819187 0.999408662 -0.016369041 0.026897743
1696503593.250000 6.120072365 -0.026346523 3.190062523 0.013728884 0.999385238 -0.016301947 0.027840028
1696503593.438000 6.123503685 -0.027624544 3.147337675 0.013754294 0.999431610 -0.015319444 0.026697578
1696503593.630000 6.126757622 -0.028586827 3.102334738 0.014466500 0.999407232 -0.015557660 0.027091201
1696503593.836000 6.129270554 -0.029306851 3.057806969 0.014204502 0.999406517 -0.016817855 0.026497632
1696503594.011000 6.130124092 -0.030470856 3.009749889 0.016074922 0.999342442 -0.017209658 0.027573194
1696503594.199000 6.135163307 -0.031063683 2.963851452 0.015256422 0.999402761 -0.015442687 0.026887486
1696503594.390000 6.136712551 -0.031452283 2.918673038 0.015111422 0.999387562 -0.016330244 0.027011694
1696503594.566000 6.137710094 -0.031831741 2.871467829 0.014429679 0.999379992 -0.016589964 0.027502246
1696503594.756000 6.141310692 -0.033601373 2.828731060 0.017011942 0.999379516 -0.014566419 0.027186330
1696503594.941000 6.144469261 -0.034764670 2.785893679 0.017088315 0.999388576 -0.014555973 0.026807411
1696503595.127000 6.143261433 -0.036021471 2.739931345 0.014737234 0.999382675 -0.015312792 0.027978120
1696503595.318000 6.149870872 -0.035586506 2.698376656 0.014610968 0.999393523 -0.015585558 0.027500629
1696503595.503000 6.149875641 -0.036995318 2.654696465 0.013261552 0.999406874 -0.014682314 0.028187146
1696503595.684000 6.154662609 -0.036964048 2.613377571 0.012808378 0.999438822 -0.015728692 0.026658071
1696503595.872000 6.156300545 -0.037860252 2.570987701 0.014800622 0.999369264 -0.016264249 0.027884305
1696503596.054000 6.156721115 -0.039079599 2.528175831 0.015460053 0.999345601 -0.016262265 0.028372092
1696503596.233000 6.162082672 -0.039884798 2.485200405 0.014526985 0.999352455 -0.017988540 0.027570197
1696503596.419000 6.162470341 -0.041014798 2.440328598 0.014117685 0.999377608 -0.015793461 0.028208334
1696503596.601000 6.164305210 -0.040034391 2.397379398 0.013818817 0.999393761 -0.014958558 0.028240150
1696503596.783000 6.169865608 -0.041852713 2.353662729 0.015023096 0.999392807 -0.015410605 0.027401641
1696503596.961000 6.173104286 -0.043353207 2.312494516 0.014855932 0.999407768 -0.016237181 0.026454970
1696503597.142000 6.175786495 -0.043648228 2.270552635 0.015569557 0.999391973 -0.015914481 0.026834790
1696503597.316000 6.177594185 -0.044506416 2.228684902 0.015564624 0.999414146 -0.014356903 0.026891217
1696503597.493000 6.180818081 -0.043565720 2.187713146 0.017467706 0.999424756 -0.011189981 0.026829462
1696503597.669000 6.181985855 -0.045288444 2.145539522 0.016323078 0.999382317 -0.014426524 0.027576162
1696503597.849000 6.184748173 -0.045746207 2.099775553 0.015733602 0.999320388 -0.018888442 0.027469182
1696503598.024000 6.187472820 -0.046969645 2.055438995 0.013952563 0.999406338 -0.015503088 0.027422402
1696503598.198000 6.189231396 -0.047329262 2.011407375 0.013432488 0.999422312 -0.014338707 0.027731147
1696503598.375000 6.192282677 -0.047608770 1.968649864 0.013937946 0.999404848 -0.015937407 0.027232971
1696503598.547000 6.194288254 -0.049348041 1.925365448 0.013503311 0.999421418 -0.015743781 0.026956011
1696503598.728000 6.195773125 -0.049677536 1.882333040 0.014097354 0.999401629 -0.015558590 0.027487835
1696503598.905000 6.200639248 -0.050144114 1.841011286 0.014544259 0.999415994 -0.015317961 0.026859695
1696503599.079000 6.202862740 -0.050130978 1.798340201 0.013938658 0.999423563 -0.015595389 0.026742175
1696503599.255000 6.204843044 -0.051387079 1.757276893 0.014617736 0.999407053 -0.015427170 0.027090976
1696503599.430000 6.207861900 -0.052451149 1.716715693 0.014663024 0.999412119 -0.015856834 0.026627621
1696503599.609000 6.210328102 -0.052160919 1.675971031 0.014579354 0.999398887 -0.016707858 0.026650960
1696503599.776000 6.212113380 -0.054163612 1.635707617 0.015495621 0.999417484 -0.015247379 0.026307328
1696503599.948000 6.215063095 -0.054461621 1.595508099 0.016411914 0.999375224 -0.016931457 0.026327403
1696503600.123000 6.217831135 -0.055223048 1.556101561 0.016885294 0.999325633 -0.019616758 0.026047746
1696503600.295000 6.218373299 -0.055675857 1.516761780 0.015948040 0.999358952 -0.017358046 0.026946319
1696503600.475000 6.222612858 -0.056371316 1.476229906 0.014657501 0.999447942 -0.014487536 0.026060715
1696503600.646000 6.224790096 -0.056267224 1.437996864 0.014158607 0.999445617 -0.014788579 0.026255712
1696503600.829000 6.226208687 -0.057175428 1.400759935 0.012990958 0.999432921 -0.016156109 0.026534975
1696503600.989000 6.229364872 -0.057780743 1.361993074 0.014043207 0.999419630 -0.016615022 0.026213506
1696503601.159000 6.231690884 -0.058438949 1.326083660 0.014837643 0.999422014 -0.015662283 0.026272299
1696503601.331000 6.234648705 -0.059792928 1.289359927 0.015014981 0.999444664 -0.015259350 0.025535936
1696503601.501000 6.235790730 -0.060073078 1.250157714 0.014621281 0.999420941 -0.015841385 0.026326824
1696503601.668000 6.238196373 -0.060537793 1.213748813 0.014821587 0.999422133 -0.016008114 0.026066836
1696503601.840000 6.240329742 -0.061054103 1.177804112 0.014669055 0.999425352 -0.015863456 0.026118439
1696503602.008000 6.241325378 -0.061331868 1.143006563 0.015363124 0.999404013 -0.015977038 0.026463101
1696503602.176000 6.243420124 -0.062821276 1.107295990 0.015272616 0.999401391 -0.016082911 0.026553582
1696503602.347000 6.246838093 -0.063738234 1.069322109 0.015693029 0.999412358 -0.016149715 0.025843153
1696503602.514000 6.247890949 -0.063517034 1.035756588 0.016634731 0.999439716 -0.012503219 0.026216118
1696503602.689000 6.249977589 -0.063794293 1.006074190 0.015718827 0.999476492 -0.011432623 0.025865555
1696503602.879000 6.252391815 -0.065640211 0.975148201 0.015231865 0.999362826 -0.019244758 0.025915669
1696503603.032000 6.255150795 -0.066465847 0.951346517 0.015530165 0.999353766 -0.020424278 0.025175190
1696503603.204000 6.254246712 -0.066625662 0.922172785 0.013236121 0.999628425 -0.016583556 0.017113930
1696503603.364000 6.249107838 -0.066580005 0.893838048 -0.010340270 -0.999733984 0.015022299 0.014121693
1696503603.519000 6.242085934 -0.067014225 0.867948294 -0.007663340 -0.998685241 0.012469063 0.049128350
1696503603.658000 6.233407021 -0.065442055 0.844171286 -0.011881807 -0.996627927 0.011030899 0.080436200
1696503603.801000 6.224891663 -0.065665029 0.822987080 -0.015448403 -0.993680596 0.010332425 0.110695340
1696503603.935000 6.215119362 -0.065794162 0.802718639 -0.014329346 -0.989812195 0.010742359 0.141248554
1696503604.060000 6.205295563 -0.066240042 0.784960270 -0.018640297 -0.985355556 0.011643419 0.169090152
1696503604.185000 6.193073750 -0.064572908 0.766411781 -0.020080358 -0.980489612 0.011773816 0.195187792
1696503604.312000 6.181430817 -0.064368658 0.750178337 -0.018853538 -0.975237429 0.009882113 0.220134035
1696503604.425000 6.169471741 -0.064491436 0.734974861 -0.017572945 -0.969237089 0.007796766 0.245377138
1696503604.563000 6.155952454 -0.063303486 0.716197968 -0.021257913 -0.965248823 0.008592185 0.260324955
1696503604.701000 6.144478798 -0.062909335 0.698138237 -0.023961404 -0.965113580 0.009195304 0.260570943
1696503604.846000 6.133219719 -0.063471809 0.678291321 -0.023007175 -0.965173841 0.010372916 0.260389179
1696503604.963000 6.122462273 -0.064462744 0.660199642 -0.020861315 -0.964781523 0.013545664 0.261874050
1696503605.103000 6.109025002 -0.063231856 0.642691612 -0.015624264 -0.960421205 0.017416768 0.277567357
1696503605.230000 6.093773842 -0.063074514 0.628643513 -0.011092504 -0.952701449 0.017591989 0.303195417
1696503605.351000 6.078862190 -0.063035481 0.614066601 -0.009638691 -0.944723547 0.016176127 0.327326804
1696503605.466000 6.064618111 -0.062669933 0.602940559 -0.009492038 -0.937018514 0.015291019 0.348815829
1696503605.583000 6.049804211 -0.061737727 0.592087746 -0.010870075 -0.928809524 0.015810369 0.370060563
1696503605.692000 6.035138130 -0.062421717 0.581696510 -0.011730537 -0.920337856 0.015166915 0.390654117
1696503605.793000 6.021394730 -0.062284701 0.573465347 -0.010869510 -0.912359834 0.013650840 0.409017265
1696503605.890000 6.007415771 -0.061291765 0.565221310 -0.010164287 -0.904122353 0.011538084 0.426997036
1696503605.999000 5.991611958 -0.060851343 0.556931019 -0.007451812 -0.895022988 0.007023382 0.445902437
1696503606.108000 5.977050781 -0.059777863 0.550983906 -0.010393169 -0.886068702 0.004319770 0.463417321
1696503606.212000 5.961605549 -0.059437718 0.544743538 -0.011522317 -0.876691103 0.001353254 0.480913848
1696503606.315000 5.947310448 -0.058934491 0.539855957 -0.010871585 -0.867326975 -0.000591688 0.497619689
1696503606.412000 5.932386398 -0.058520120 0.535067558 -0.007860291 -0.857704163 -0.002266249 0.514078498
1696503606.514000 5.917546272 -0.057925142 0.530576229 -0.005651566 -0.848119497 -0.003164570 0.529765368
1696503606.614000 5.903305531 -0.057765387 0.527689457 -0.006484766 -0.838274539 -0.000674461 0.545209467
1696503606.708000 5.889382362 -0.057257995 0.524555206 -0.006281997 -0.828048885 0.000082356 0.560620844
1696503606.807000 5.874957085 -0.057034332 0.522181511 -0.004472627 -0.817995250 -0.001440002 0.575205803
1696503606.923000 5.859171391 -0.056675024 0.520050526 -0.003658528 -0.806305468 -0.003325901 0.591478765
1696503607.018000 5.843544960 -0.056250170 0.518771172 -0.003161898 -0.794421852 -0.005015224 0.607337475
1696503607.109000 5.829743385 -0.055646580 0.518198490 -0.003288984 -0.784500480 -0.005486465 0.620095193
1696503607.214000 5.814501286 -0.054949950 0.518951416 -0.003311945 -0.772745132 -0.004962586 0.634688377
1696503607.324000 5.797496319 -0.054600835 0.517799377 -0.003111718 -0.759870768 -0.004465651 0.650051296
1696503607.417000 5.783775330 -0.054431990 0.519114017 -0.003260002 -0.749203146 -0.005175710 0.662312090
1696503607.532000 5.770310879 -0.053933639 0.520242214 -0.004339765 -0.741074860 -0.004133555 0.671395659
1696503607.623000 5.755317211 -0.053514577 0.519428253 -0.006458171 -0.740968108 -0.002035027 0.671506166
1696503607.725000 5.740855217 -0.052990980 0.518108368 -0.008382698 -0.740997195 -0.000896527 0.671455264
1696503607.819000 5.728345871 -0.052918680 0.516677856 -0.008873873 -0.741175056 -0.001162129 0.671252131
1696503607.933000 5.713498116 -0.053048752 0.514607906 -0.008474486 -0.740940511 -0.002089293 0.671513975
1696503608.022000 5.698637009 -0.052512586 0.512843132 -0.007022570 -0.741033912 -0.001561144 0.671429157
1696503608.128000 5.682119846 -0.052069496 0.510759830 -0.005528256 -0.740560889 -0.001042280 0.671965837
1696503608.232000 5.665575504 -0.051554274 0.509415150 -0.004932947 -0.740790069 -0.000808757 0.671718001
1696503608.321000 5.649763107 -0.051028769 0.507281780 -0.004952170 -0.740684032 -0.000452462 0.671835184
1696503608.424000 5.631632328 -0.050608754 0.505081654 -0.005135264 -0.740407050 -0.001016346 0.672138393
1696503608.525000 5.614009380 -0.050070763 0.504175663 -0.005302436 -0.740747392 -0.001473003 0.671761155
1696503608.632000 5.594864368 -0.048961535 0.502298832 -0.005098133 -0.740944147 -0.001081368 0.671546519
1696503608.726000 5.576087475 -0.049348224 0.499137878 -0.005131618 -0.740471184 -0.002062664 0.672065437
1696503608.841000 5.554165840 -0.048471764 0.497938156 -0.004903022 -0.740796864 -0.001970487 0.671708345
1696503608.945000 5.532973766 -0.047738686 0.495489597 -0.004418299 -0.740745723 -0.002162497 0.671767533
1696503609.059000 5.509375095 -0.047000855 0.493497372 -0.004278929 -0.741022766 -0.002212254 0.671462715
1696503609.150000 5.484683037 -0.046430975 0.490582943 -0.003989144 -0.740776479 -0.002420931 0.671735525
1696503609.258000 5.460636616 -0.045407213 0.487655163 -0.003838310 -0.740761697 -0.002323658 0.671753049
1696503609.358000 5.435595989 -0.044926193 0.484855652 -0.003974340 -0.740952671 -0.002550403 0.671540737
1696503609.461000 5.413264751 -0.044305563 0.483074665 -0.003920041 -0.740984082 -0.002816214 0.671505332
1696503609.551000 5.387898445 -0.043352596 0.480652809 -0.004109901 -0.741265714 -0.002605489 0.671194077
1696503609.657000 5.360360146 -0.042166904 0.476192951 -0.003907713 -0.740722775 -0.002604395 0.671794415
1696503609.763000 5.331973553 -0.041598737 0.474427700 -0.004097091 -0.740923524 -0.002617757 0.671571791
1696503609.857000 5.305829048 -0.040768433 0.471538544 -0.004661549 -0.740814447 -0.002806750 0.671687782
1696503609.971000 5.277433395 -0.039283678 0.467857838 -0.006095876 -0.740639389 -0.002977481 0.671868503
1696503610.065000 5.248352528 -0.038267706 0.465811729 -0.007344514 -0.740908027 -0.004038929 0.671554208
1696503610.179000 5.220408440 -0.036933199 0.461546898 -0.007685813 -0.740351081 -0.003870771 0.672165394
1696503610.273000 5.193505764 -0.036498681 0.460569382 -0.009024953 -0.738204479 -0.004826021 0.674499452
1696503610.374000 5.165072918 -0.035520755 0.460987091 -0.006385454 -0.725213289 -0.009578711 0.688428164
1696503610.476000 5.138351440 -0.033802975 0.462298393 -0.004877698 -0.717870891 -0.009937203 0.696088254
1696503610.578000 5.111359596 -0.033249889 0.460196495 -0.005449791 -0.716503918 -0.006024266 0.697535813
1696503610.674000 5.085303783 -0.033214409 0.459123135 -0.005552801 -0.716288745 -0.003495036 0.697773218
1696503610.774000 5.057304859 -0.032344505 0.458809376 -0.005303136 -0.715920806 -0.002766024 0.698155880
1696503610.880000 5.029167652 -0.031542711 0.456424713 -0.005674062 -0.715377986 -0.003231867 0.698707163
1696503610.979000 5.002530575 -0.030223077 0.457570553 -0.005855365 -0.716474593 -0.003225661 0.697581232
1696503611.068000 4.978868008 -0.029758330 0.455981255 -0.005882243 -0.715549529 -0.004177926 0.698524833
1696503611.170000 4.952254772 -0.029836707 0.454220772 -0.006528568 -0.714961469 -0.005239550 0.699113846
1696503611.275000 4.925014496 -0.028806806 0.453752518 -0.006405599 -0.715033233 -0.005642968 0.699038386
1696503611.382000 4.897080898 -0.027328953 0.455233097 -0.005867192 -0.715832651 -0.004797538 0.698230743
1696503611.477000 4.871208668 -0.026287148 0.454032421 -0.006194505 -0.717449248 -0.004038193 0.696571529
1696503611.579000 4.845455647 -0.026241479 0.453259468 -0.007075227 -0.718599200 -0.003701240 0.695378661
1696503611.680000 4.819447994 -0.025095887 0.450627804 -0.006495900 -0.718013108 -0.003501490 0.695990503
1696503611.781000 4.793614388 -0.024847914 0.450622559 -0.006776326 -0.718227386 -0.003675237 0.695765734
1696503611.881000 4.768131256 -0.023644388 0.448537827 -0.006780144 -0.717940271 -0.002676771 0.696066678
1696503611.981000 4.743747711 -0.022909336 0.447900772 -0.006877985 -0.718110144 -0.003134467 0.695888460
1696503612.079000 4.720067501 -0.023344569 0.447196484 -0.007044612 -0.718189359 -0.004445455 0.695797920
1696503612.181000 4.695322514 -0.021950250 0.446709156 -0.008179987 -0.718287408 -0.002466206 0.695694089
1696503612.283000 4.667086124 -0.020401713 0.445188522 -0.008750914 -0.718249440 -0.002458757 0.695726335
1696503612.384000 4.643493652 -0.019033536 0.444480419 -0.008917169 -0.718608797 -0.002737484 0.695352077
1696503612.482000 4.618619442 -0.018181406 0.441193581 -0.009410858 -0.717872798 -0.002833901 0.696104944
1696503612.636000 4.593253136 -0.018163946 0.440723419 -0.009029135 -0.718100548 -0.001274489 0.695879698
1696503612.740000 4.560026169 -0.018781535 0.438155651 -0.004503058 -0.717634499 0.003321800 0.696397543
1696503612.841000 4.535419464 -0.018300567 0.437873840 -0.004428888 -0.718102396 0.004060959 0.695911586
1696503612.940000 4.509481907 -0.016643081 0.437975407 -0.007812751 -0.717721820 0.000656787 0.696285903
1696503613.036000 4.486177444 -0.015452251 0.435939312 -0.010775444 -0.717386067 -0.002006272 0.696589708
1696503613.134000 4.463252544 -0.014794474 0.433878422 -0.011612911 -0.717253387 -0.002910821 0.696709692
1696503613.234000 4.438770294 -0.014269991 0.433105469 -0.010768229 -0.717015982 -0.001800724 0.696971297
1696503613.345000 4.409797192 -0.012545124 0.433517456 -0.008828210 -0.717357993 0.000156476 0.696648896
1696503613.444000 4.387742043 -0.013066492 0.433471203 -0.008110481 -0.717571974 0.000585028 0.696436882
1696503613.541000 4.364904404 -0.011829471 0.432739735 -0.008048983 -0.717380702 0.000332543 0.696634769
1696503613.636000 4.339221478 -0.011837637 0.436498642 -0.009774251 -0.718083799 0.000140383 0.695888102
1696503613.738000 4.317910671 -0.010917327 0.432551861 -0.010246019 -0.717728734 -0.001041565 0.696246743
1696503613.837000 4.293087482 -0.010027798 0.432102203 -0.012012562 -0.717833161 -0.000761296 0.696111143
1696503613.946000 4.266517162 -0.008105766 0.428254366 -0.012931599 -0.717213452 -0.003355288 0.696725488
1696503614.044000 4.243147373 -0.006444458 0.430080175 -0.011756760 -0.717768013 -0.003952155 0.696171820
1696503614.142000 4.221508503 -0.006505005 0.431393623 -0.012303777 -0.720499635 -0.002031835 0.693343222
1696503614.236000 4.201551914 -0.005806338 0.425631046 -0.011293218 -0.723876655 -0.000374422 0.689836860
1696503614.345000 4.176606178 -0.004765203 0.425310850 -0.009537539 -0.724451542 -0.000079836 0.689259768
1696503614.440000 4.154881477 -0.003888599 0.425099611 -0.007915830 -0.724725127 -0.000691180 0.688992262
1696503614.538000 4.131851196 -0.005459866 0.422608614 -0.006983934 -0.724286079 -0.002152354 0.689460874
1696503614.644000 4.106832981 -0.003841655 0.420789003 -0.006697929 -0.724110544 -0.001866167 0.689648926
1696503614.744000 4.084544182 -0.003974569 0.420462608 -0.007692479 -0.724229872 -0.002264257 0.689512134
1696503614.843000 4.061098576 -0.003707391 0.418160677 -0.008491954 -0.723989069 -0.002751401 0.689753771
1696503614.939000 4.039130688 -0.003372499 0.418169498 -0.009445337 -0.724184990 -0.002033047 0.689538121
1696503615.036000 4.017316818 -0.001909165 0.416327477 -0.009894549 -0.723811805 -0.001237447 0.689925373
1696503615.143000 3.993168831 -0.001318226 0.415265322 -0.008295864 -0.723839998 -0.002149548 0.689914763
1696503615.238000 3.975109339 -0.000424568 0.410981894 -0.009645971 -0.723471403 -0.003578880 0.690277696
1696503615.347000 3.949972153 0.001572452 0.410035610 -0.011989136 -0.723462045 -0.003036835 0.690253437
1696503615.442000 3.927571297 0.001799770 0.409451246 -0.012863234 -0.723587155 -0.004381149 0.690099299
1696503615.546000 3.903590202 0.003090638 0.407891512 -0.009494812 -0.723571837 -0.002027745 0.690180838
1696503615.641000 3.881669760 0.001871716 0.406907558 -0.007893655 -0.723611295 -0.000521652 0.690162420
1696503615.738000 3.859484673 0.002992323 0.406491756 -0.008593601 -0.723782241 0.000997716 0.689974308
1696503615.845000 3.835490704 0.003560705 0.403700829 -0.006293518 -0.723342180 0.000530996 0.690460980
1696503615.937000 3.814815283 0.004080031 0.402971029 -0.003963638 -0.723422170 0.001466920 0.690393090
1696503616.044000 3.790915251 0.003895236 0.404070377 -0.003395791 -0.723919690 0.002463465 0.689871609
1696503616.138000 3.769829512 0.004735220 0.403563738 -0.004818254 -0.724050760 0.001044392 0.689729095
1696503616.244000 3.746333122 0.006305477 0.399322033 -0.008848059 -0.723503113 -0.003688221 0.690254569
1696503616.342000 3.725343227 0.007830374 0.398404837 -0.010901428 -0.723441899 -0.006248857 0.690270960
1696503616.439000 3.704276562 0.008380285 0.398873091 -0.012857989 -0.724049926 -0.006371122 0.689598262
1696503616.546000 3.680432796 0.008625707 0.397385359 -0.012344198 -0.723687470 -0.003822909 0.690006852
1696503616.637000 3.660910130 0.008973740 0.396189213 -0.010546974 -0.723625183 0.000497699 0.690112472
1696503616.745000 3.635259390 0.009170217 0.393549681 -0.007659699 -0.723241031 0.003873728 0.690542340
1696503616.842000 3.613448858 0.009744071 0.392069578 -0.007004722 -0.722942472 0.003899513 0.690861762
1696503616.941000 3.591543198 0.010083387 0.391028404 -0.008918271 -0.723067582 0.003123763 0.690712631
1696503617.045000 3.565967083 0.011526933 0.390234470 -0.011929553 -0.723647118 0.002914476 0.690060914
1696503617.142000 3.544394016 0.012587754 0.388273954 -0.013537535 -0.723996282 0.002823268 0.689665318
1696503617.244000 3.519608736 0.013527844 0.388255119 -0.015465309 -0.724927008 0.002801999 0.688646376
1696503617.336000 3.498896599 0.013574255 0.387266397 -0.016396305 -0.724659204 0.001755764 0.688910186
1696503617.445000 3.473453283 0.014534762 0.385818005 -0.017451555 -0.723280311 0.001657738 0.690331995
1696503617.534000 3.451794386 0.015706437 0.383227825 -0.015595187 -0.722753048 0.001722437 0.690928280
1696503617.644000 3.426251888 0.016167121 0.381838083 -0.013060272 -0.722526968 0.000571481 0.691219151
1696503617.738000 3.405529499 0.016873132 0.381651163 -0.010919654 -0.722793698 -0.000027721 0.690977693
1696503617.834000 3.383474350 0.017494615 0.380443335 -0.009690634 -0.722647250 -0.000177679 0.691149116
1696503617.940000 3.359014988 0.017820152 0.377339363 -0.009374996 -0.722440839 0.000828651 0.691368699
1696503618.035000 3.337999821 0.018053057 0.376381397 -0.009379181 -0.722364962 0.002092993 0.691445291
1696503618.139000 3.315704346 0.019041773 0.374588013 -0.008898330 -0.722052574 0.002060678 0.691777945
1696503618.241000 3.291970968 0.019953590 0.375226021 -0.007941935 -0.722887218 0.000442008 0.690920293
1696503618.336000 3.271595478 0.020317877 0.373294353 -0.009313666 -0.722443819 -0.000415010 0.691366792
1696503618.441000 3.250021458 0.021564052 0.372187376 -0.010189078 -0.722296119 -0.000654612 0.691508532
1696503618.536000 3.228464365 0.021074768 0.369199753 -0.009671957 -0.721741498 -0.001386362 0.692093730
1696503618.641000 3.206518412 0.022008471 0.369481802 -0.009491744 -0.722303152 -0.000889117 0.691510916
1696503618.738000 3.186607838 0.023113493 0.368316650 -0.011707813 -0.721901357 0.001772826 0.691894650
1696503618.832000 3.165274143 0.024536915 0.369330168 -0.013288802 -0.723540366 0.002510792 0.690149665
1696503618.941000 3.142459393 0.024547519 0.364920616 -0.015497560 -0.730747044 0.003421871 0.682463884
1696503619.035000 3.123535633 0.025324810 0.362547874 -0.014904372 -0.735237241 0.003322277 0.677637875
1696503619.151000 3.100092411 0.026341267 0.359525919 -0.015515046 -0.735035956 0.001198193 0.677849531
1696503619.241000 3.079481840 0.028133512 0.358060122 -0.015346988 -0.735270500 0.000418914 0.677599967
1696503619.344000 3.057551622 0.028169844 0.355160236 -0.013343287 -0.734869540 -0.001147675 0.678076267
1696503619.436000 3.038715363 0.028332105 0.352494240 -0.011855130 -0.734598279 0.000321026 0.678398728
1696503619.542000 3.016821861 0.028942239 0.351734161 -0.010431108 -0.734973729 0.001284404 0.678014159
1696503619.636000 2.997062922 0.028734386 0.350062370 -0.009033336 -0.735065758 0.002738077 0.677930236
1696503619.741000 2.976653576 0.029671747 0.348653793 -0.009438955 -0.735131383 0.002758620 0.677853405
1696503619.845000 2.954789400 0.030223073 0.345873356 -0.009315012 -0.734746277 0.003690114 0.678268135
1696503619.935000 2.936242104 0.030260906 0.344367027 -0.009122171 -0.734743178 0.002541564 0.678279340
1696503620.039000 2.913937330 0.031127945 0.342367172 -0.009073325 -0.734714329 0.003039607 0.678309202
1696503620.143000 2.890688419 0.031751599 0.340759516 -0.009710620 -0.734828472 0.002609509 0.678178430
1696503620.246000 2.868520975 0.032900121 0.338181019 -0.011562589 -0.734587967 0.000263673 0.678414881
1696503620.337000 2.849297762 0.033294730 0.337205410 -0.010574417 -0.734771669 -0.000217500 0.678232133
1696503620.442000 2.827917576 0.033721518 0.335480690 -0.012190761 -0.734754860 -0.000021625 0.678223312
1696503620.544000 2.806844711 0.034275241 0.333666563 -0.012154670 -0.734568119 0.000634408 0.678425848
1696503620.635000 2.787382841 0.034491017 0.331342220 -0.011193814 -0.734130800 0.002598649 0.678910851
1696503620.737000 2.766246796 0.035281487 0.330387831 -0.011156156 -0.734624743 0.004648956 0.678366005
1696503620.840000 2.742754459 0.036159240 0.327413797 -0.011511244 -0.734435856 0.004629537 0.678564787
1696503620.943000 2.722765923 0.036599971 0.326488733 -0.012458104 -0.734616399 0.003020068 0.678361595
1696503621.055000 2.700715780 0.037232954 0.325274229 -0.013333871 -0.735034049 0.002044870 0.677896082
1696503621.147000 2.679428816 0.038316954 0.322898626 -0.013009926 -0.734739423 0.001689138 0.678222597
1696503621.247000 2.658938408 0.038786281 0.321227551 -0.013172319 -0.734604061 0.001849315 0.678365707
1696503621.349000 2.637053728 0.039097175 0.318880558 -0.013017859 -0.734574556 0.002671796 0.678397834
1696503621.440000 2.619225740 0.039925821 0.317989588 -0.012359402 -0.734811902 0.002635850 0.678153276
1696503621.548000 2.595897913 0.040190127 0.315952063 -0.012776573 -0.734712720 0.003023195 0.678251386
1696503621.640000 2.577773333 0.040766489 0.313207865 -0.013024555 -0.734392047 0.003203862 0.678593040
1696503621.741000 2.556521893 0.041308492 0.311933994 -0.012897144 -0.734620094 0.003037251 0.678349316
1696503621.848000 2.534785032 0.042070530 0.309345722 -0.013121648 -0.734341919 0.003259697 0.678645134
1696503621.947000 2.512637615 0.042906843 0.307272673 -0.012945299 -0.734226644 0.002835243 0.678775072
1696503622.039000 2.494893074 0.043587878 0.306038380 -0.012617929 -0.734312415 0.002393598 0.678690195
1696503622.139000 2.474632978 0.044228960 0.304657698 -0.012917400 -0.734466016 0.002794878 0.678516805
1696503622.250000 2.451275349 0.044505585 0.300996304 -0.013099911 -0.733994126 0.002888095 0.679023385
1696503622.339000 2.432657480 0.045376863 0.299772501 -0.013501050 -0.734219909 0.003595019 0.678768039
1696503622.438000 2.412578106 0.046269506 0.299199343 -0.013596480 -0.734463513 0.003819027 0.678501248
1696503622.541000 2.392661095 0.046428740 0.297739506 -0.013485162 -0.734463274 0.003705214 0.678504407
1696503622.645000 2.372081041 0.047754835 0.295568705 -0.013385825 -0.734441161 0.004524393 0.678525388
1696503622.747000 2.351581812 0.048523929 0.293449163 -0.013570034 -0.734433293 0.005010812 0.678526759
1696503622.848000 2.330317259 0.048334010 0.292253971 -0.013706154 -0.734605789 0.004596021 0.678340256
1696503622.943000 2.313305378 0.048714928 0.290789127 -0.013644321 -0.734556377 0.004404124 0.678396225
1696503623.038000 2.294496775 0.049169201 0.288827658 -0.013796727 -0.734525025 0.004086824 0.678429127
1696503623.150000 2.273239851 0.049230814 0.286371946 -0.014044236 -0.734367430 0.005750730 0.678582609
1696503623.250000 2.253933191 0.049807727 0.284940481 -0.012976705 -0.734601021 0.007383671 0.678335190
1696503623.353000 2.232139349 0.050458170 0.280456781 -0.011515477 -0.733964026 0.007477123 0.679049551
1696503623.443000 2.213840723 0.050582610 0.282071114 -0.011503094 -0.734585345 0.006583402 0.678386867
1696503623.542000 2.193400145 0.051865481 0.280300617 -0.013349070 -0.734524846 0.003703306 0.678440452
1696503623.643000 2.175698519 0.051707100 0.277431011 -0.014656502 -0.734401703 0.001890196 0.678554177
1696503623.752000 2.157769203 0.052525241 0.276111603 -0.014719462 -0.734596014 0.001387481 0.678343773
1696503623.843000 2.140485048 0.053006746 0.275274992 -0.014676236 -0.734741867 0.001743117 0.678185880
1696503623.944000 2.118336201 0.054210521 0.273124933 -0.013633782 -0.734475672 0.002473152 0.678493619
1696503624.048000 2.100037336 0.054546669 0.271344900 -0.013224353 -0.734505832 0.002955015 0.678467155
1696503624.152000 2.080653906 0.055533312 0.268613100 -0.012878242 -0.734180808 0.003624023 0.678822219
1696503624.244000 2.063349962 0.055932298 0.267214656 -0.012991135 -0.734442174 0.003871570 0.678535879
1696503624.344000 2.044134855 0.056378156 0.266376972 -0.013004302 -0.734601378 0.003578522 0.678364933
1696503624.445000 2.023320675 0.057066243 0.265384555 -0.012919040 -0.734492540 0.003557677 0.678484559
1696503624.543000 2.005430460 0.057430934 0.264233828 -0.013095097 -0.734618425 0.003300137 0.678346217
1696503624.641000 1.987467408 0.058138750 0.261613846 -0.013107060 -0.734391332 0.003549978 0.678590477
1696503624.762000 1.969930887 0.058751144 0.261038423 -0.013101565 -0.734701574 0.003359510 0.678255677
1696503624.856000 1.947332382 0.059621785 0.259428978 -0.012667948 -0.734598875 0.003558154 0.678374052
1696503624.953000 1.928959131 0.059826165 0.256489992 -0.012833288 -0.734210014 0.003486345 0.678792238
1696503625.054000 1.910280943 0.060808916 0.255059481 -0.012717122 -0.734352708 0.003615031 0.678639352
1696503625.153000 1.892969608 0.060365103 0.254037261 -0.012675586 -0.733089685 0.003166887 0.680006564
1696503625.247000 1.875417709 0.061194558 0.253450990 -0.011590242 -0.727273643 0.001840135 0.686247349
1696503625.353000 1.856180191 0.062519990 0.252491474 -0.011894459 -0.726330578 0.002645801 0.687237620
1696503625.450000 1.838492751 0.062740155 0.251811385 -0.012908516 -0.726371706 0.003422450 0.687172353
1696503625.549000 1.821743131 0.062832966 0.252059340 -0.013376611 -0.726574957 0.003741351 0.686946809
1696503625.648000 1.803854227 0.063683562 0.250685811 -0.013265783 -0.726507366 0.004187197 0.687017918
1696503625.745000 1.786327004 0.064028934 0.250214100 -0.013167089 -0.726707637 0.004254740 0.686807513
1696503625.856000 1.767450571 0.065010801 0.247159719 -0.012839830 -0.726242125 0.004528517 0.687304199
1696503625.953000 1.750246763 0.064317606 0.246205568 -0.013103134 -0.726238251 0.004041817 0.687306345
1696503626.046000 1.734013319 0.065125383 0.246137500 -0.012952170 -0.726392567 0.003956498 0.687146664
1696503626.144000 1.717072725 0.065008648 0.244462371 -0.013639153 -0.726238847 0.003730353 0.687297165
1696503626.254000 1.697456241 0.066215128 0.242819190 -0.014010941 -0.726037860 0.003978344 0.687500477
1696503626.355000 1.680210710 0.067493990 0.241280556 -0.014912783 -0.726019561 0.000392703 0.687512219
1696503626.452000 1.663126707 0.068517491 0.240041852 -0.016269807 -0.725970089 -0.001350370 0.687532604
1696503626.549000 1.646647334 0.068965204 0.240207314 -0.017086994 -0.726179481 -0.001691965 0.687290788
1696503626.655000 1.628033996 0.069014326 0.239643216 -0.015743710 -0.726461172 -0.001192093 0.687026143
1696503626.754000 1.611528993 0.069199547 0.237651467 -0.010656577 -0.726251900 -0.000575841 0.687345982
1696503626.849000 1.594903946 0.069450580 0.237647891 -0.008013569 -0.726523638 0.001778022 0.687092543
1696503626.944000 1.578588486 0.070433311 0.235270739 -0.007690344 -0.726141512 0.003829341 0.687491655
1696503627.056000 1.559388280 0.070856050 0.234345436 -0.010687832 -0.726189911 0.002784548 0.687405527
1696503627.149000 1.544167519 0.071387388 0.234038711 -0.009537769 -0.726145864 0.001038250 0.687473714
1696503627.248000 1.528167486 0.071534850 0.232739687 -0.008046731 -0.726099610 0.000932298 0.687541842
1696503627.346000 1.511634707 0.071549214 0.231310487 -0.008038877 -0.725999534 0.001774697 0.687645972
1696503627.444000 1.495163560 0.071786091 0.230759144 -0.007916534 -0.726182878 0.003622472 0.687446475
1696503627.555000 1.476737618 0.072366670 0.229942679 -0.008801728 -0.726295948 0.002094401 0.687322676
1696503627.655000 1.460435271 0.073104039 0.228871226 -0.010955454 -0.726204693 0.002282815 0.687387466
1696503627.750000 1.444835782 0.073296532 0.227937341 -0.011978783 -0.726114511 0.003219319 0.687461972
1696503627.847000 1.429379582 0.073910952 0.226153731 -0.011471280 -0.725699186 0.003453175 0.687907875
