1696386783.214000 0.000000000 0.000000000 0.000000000 -0.000000000 -0.000000000 -0.000000000 1.000000000
1696386783.616000 -0.000920915 0.000960586 0.057073087 0.002946130 0.000105428 -0.000242214 0.999995649
1696386783.902000 -0.000937618 0.001962174 0.106965542 0.003049484 -0.000060938 -0.000177523 0.999995351
1696386784.113000 -0.000988832 0.002305730 0.147195384 0.002474909 -0.000385897 0.000048195 0.999996901
1696386784.313000 -0.001141685 0.002809243 0.188442379 0.000638457 -0.000359824 0.000380372 0.999999702
1696386784.506000 -0.001542420 0.003525938 0.226761580 0.000032078 -0.000394239 0.000732663 0.999999642
1696386784.711000 -0.001794568 0.004002274 0.267065883 0.000505662 -0.000451852 0.001318100 0.999998927
1696386784.906000 -0.002368642 0.004384387 0.304787397 0.000716347 -0.000439884 0.001611855 0.999998391
1696386785.119000 -0.004715187 0.005291117 0.347099632 0.000424598 -0.020888422 0.006474584 0.999760807
1696386785.318000 -0.007396075 0.005821156 0.385626405 0.000524278 -0.026845826 0.002664657 0.999635935
1696386785.515000 -0.009432757 0.006236211 0.423481613 -0.000694692 -0.026772512 0.000942873 0.999640882
1696386785.708000 -0.011881236 0.007124633 0.459499836 -0.001904729 -0.026775092 0.001687816 0.999638259
1696386786.005000 -0.019616943 0.008219381 0.516065776 -0.002115594 -0.061914869 0.008568948 0.998042405
1696386786.315000 -0.029412108 0.008715464 0.572885811 0.001307489 -0.080242828 0.000541128 0.996774316
1696386786.611000 -0.038228974 0.009695308 0.626914859 0.003040824 -0.080332540 0.002201952 0.996761084
1696386786.907000 -0.046801869 0.010141845 0.679727495 -0.000825033 -0.080871880 0.002911500 0.996719897
1696386787.207000 -0.056158733 0.011113410 0.732606530 0.000627206 -0.080849051 0.000978672 0.996725678
1696386787.609000 -0.069582842 0.012297186 0.811708868 0.002463952 -0.080728270 0.001176473 0.996732414
1696386788.013000 -0.083223633 0.013422313 0.894111097 -0.000206439 -0.081116669 0.001043279 0.996704042
1696386788.409000 -0.096999079 0.014866751 0.972837448 0.000600222 -0.080964215 0.001606525 0.996715546
1696386788.804000 -0.110332303 0.015749549 1.051320791 0.000689145 -0.081284501 0.002315944 0.996688008
1696386789.298000 -0.127486423 0.017343124 1.152328610 0.000100436 -0.081399433 0.002490194 0.996678472
1696386789.802000 -0.144682780 0.019233620 1.254864573 -0.000677207 -0.081888556 0.002582233 0.996637940
1696386790.310000 -0.163205579 0.020945610 1.361463070 0.000211921 -0.081776552 0.000962919 0.996650219
1696386790.797000 -0.182118982 0.022328127 1.460939288 -0.000795621 -0.094445482 0.002257467 0.995527148
1696386791.302000 -0.201683745 0.023857936 1.561786175 0.000217791 -0.094422698 0.000785710 0.995531857
1696386791.806000 -0.218139157 0.025291616 1.658025026 0.000432100 -0.084207229 0.001498248 0.996447027
1696386792.308000 -0.233959988 0.026468195 1.754163742 0.000683191 -0.073204562 0.000088914 0.997316718
1696386792.907000 -0.251237422 0.028412171 1.868817925 0.000757072 -0.073429465 0.002408310 0.997297227
1696386793.408000 -0.265952349 0.030382469 1.963698149 -0.000234476 -0.073479764 0.001899605 0.997294903
1696386793.930000 -0.283227950 0.032209732 2.082053185 0.003607598 -0.073754087 0.000754243 0.997269690
1696386794.400000 -0.300712913 0.032977369 2.196510315 -0.001929764 -0.074400939 0.002933074 0.997222245
1696386794.999000 -0.319867164 0.035752781 2.342410564 0.000474910 -0.059301648 -0.000387167 0.998239934
1696386795.598000 -0.338293433 0.038167685 2.483762980 0.000517847 -0.059266746 0.001307974 0.998241186
1696386796.200000 -0.355213195 0.040684603 2.622807741 0.000830249 -0.059704911 0.002313930 0.998213053
1696386796.706000 -0.371983260 0.043092053 2.738749027 -0.001787326 -0.059256814 0.001800994 0.998239577
1696386797.300000 -0.389565557 0.045588907 2.877466440 -0.000308775 -0.059379864 0.001777386 0.998233855
1696386797.999000 -0.408945441 0.047894828 3.050068855 0.000921663 -0.060353231 0.001839578 0.998174965
1696386798.493000 -0.427621335 0.049510840 3.183762550 -0.001551975 -0.060012288 0.001201588 0.998195708
1696386798.898000 -0.441384524 0.050848532 3.290262222 0.004054106 -0.059949085 0.001620745 0.998191893
1696386799.200000 -0.450381488 0.052613392 3.369306803 -0.004912632 -0.060326576 0.002122382 0.998164356
1696386799.599000 -0.463335872 0.054569148 3.474519730 0.001453559 -0.060771462 0.001166397 0.998149991
1696386799.902000 -0.473349571 0.055194553 3.552521229 0.003840876 -0.060662173 0.001458854 0.998149931
1696386800.302000 -0.487654120 0.056222331 3.652207851 0.003680957 -0.060341984 -0.000481540 0.998170912
1696386800.603000 -0.496372074 0.056615483 3.727006912 0.005543605 -0.060921729 -0.003352524 0.998121560
1696386800.901000 -0.506089628 0.057817526 3.799221754 -0.000806208 -0.060817044 -0.002489196 0.998145521
1696386801.205000 -0.515361845 0.058533382 3.872601748 -0.002550951 -0.060860153 -0.000093290 0.998143077
1696386801.505000 -0.524462044 0.060112525 3.943947315 -0.001321900 -0.060906965 0.002954359 0.998138189
1696386801.808000 -0.533856153 0.061743669 4.014205933 -0.007423447 -0.060962267 -0.001085088 0.998111904
1696386802.105000 -0.543091118 0.062926851 4.085199833 0.002419685 -0.060940888 0.000017030 0.998138487
1696386802.494000 -0.554927349 0.064001009 4.174791336 0.002805784 -0.060888045 0.002417826 0.998137772
1696386802.792000 -0.563684821 0.064769752 4.242802143 -0.003292583 -0.061057996 0.002262692 0.998126209
1696386803.091000 -0.572783649 0.065279849 4.312300205 0.005666776 -0.060940493 0.001777847 0.998123765
1696386803.398000 -0.581658542 0.066496477 4.383232594 -0.001050307 -0.061270840 0.001732957 0.998119116
1696386803.695000 -0.590211451 0.067861460 4.452028275 -0.000313902 -0.061484758 0.000807733 0.998107672
1696386804.001000 -0.599416912 0.068757623 4.522816658 0.000385563 -0.061503902 0.000962669 0.998106301
1696386804.300000 -0.607914269 0.069735132 4.589643002 0.000130217 -0.061630558 0.001044290 0.998098493
1696386804.691000 -0.620001435 0.071347877 4.683535099 0.001703865 -0.061894283 0.001345931 0.998080373
1696386805.092000 -0.632298052 0.073009625 4.780417919 0.000541160 -0.062069003 0.002163542 0.998069406
1696386805.491000 -0.645227849 0.074443527 4.875651360 -0.001407703 -0.062068712 0.002575673 0.998067558
1696386805.901000 -0.658917367 0.076033369 4.972639084 -0.001682232 -0.061814077 0.002384230 0.998083413
1696386806.295000 -0.669960856 0.077153325 5.064874172 0.003346423 -0.062068075 0.001961746 0.998064399
1696386806.702000 -0.684247613 0.078373902 5.157795429 -0.001137699 -0.080159850 0.004262336 0.996772230
1696386807.093000 -0.697692752 0.079141386 5.236206055 -0.000005577 -0.080281921 0.000824004 0.996771872
1696386807.393000 -0.709160805 0.080409072 5.303078651 0.000662499 -0.080243006 0.001559535 0.996773899
1696386807.796000 -0.725477040 0.082130201 5.397781849 0.000088068 -0.080328025 0.001727439 0.996766984
1696386808.197000 -0.740202844 0.083553158 5.491082668 0.001165871 -0.080892272 0.002726641 0.996718466
1696386808.602000 -0.758465886 0.085255191 5.587972164 -0.001145478 -0.080102108 0.002673456 0.996782422
1696386809.000000 -0.774759412 0.087240271 5.684831619 0.000411182 -0.080427393 0.002841600 0.996756315
1696386809.401000 -0.791870832 0.088732958 5.788826942 -0.000610498 -0.080990784 0.002316375 0.996712029
1696386809.891000 -0.813986421 0.091054857 5.913607121 0.000425527 -0.080687739 0.001105958 0.996738732
1696386810.302000 -0.831566870 0.092414051 6.016816616 0.000211896 -0.080732711 0.000980074 0.996735275
1696386810.794000 -0.851037920 0.094027720 6.138122082 0.000535387 -0.081431180 0.002128278 0.996676564
1696386811.396000 -0.875420511 0.096852407 6.281580925 0.000349600 -0.081886128 0.002734424 0.996637881
1696386811.800000 -0.891997337 0.097881213 6.376933575 -0.002054033 -0.081686318 0.002249308 0.996653438
1696386812.294000 -0.911446869 0.100011438 6.492269993 0.001160051 -0.081937008 0.001992038 0.996634841
1696386812.790000 -0.932244897 0.101621486 6.606909752 -0.000070360 -0.082042716 0.001556473 0.996627569
1696386813.301000 -0.952577233 0.103856742 6.723125458 0.000658321 -0.082077369 0.001204478 0.996625006
1696386813.793000 -0.971759737 0.105333284 6.832467079 0.000839864 -0.081870496 0.002389007 0.996639788
1696386814.202000 -0.986037493 0.106310934 6.920248985 0.000909394 -0.082478650 0.003150806 0.996587455
1696386814.900000 -1.011769772 0.108924262 7.067981720 -0.001969987 -0.082481548 0.002979706 0.996586204
1696386815.300000 -1.026302695 0.110094123 7.150510788 0.001302849 -0.082416080 0.001712988 0.996595681
1696386815.796000 -1.042051673 0.111587271 7.252027035 -0.000526062 -0.073294260 -0.001400010 0.997309268
1696386816.296000 -1.054409742 0.113096133 7.352333069 0.000431144 -0.060185276 0.001866900 0.998185396
1696386816.994000 -1.072576165 0.114762567 7.489016533 0.000445033 -0.060188867 0.001957328 0.998184979
1696386817.396000 -1.081365347 0.116080165 7.567551613 0.000648109 -0.060734376 0.002665828 0.998150229
1696386817.897000 -1.093815565 0.117667019 7.661619186 0.000847604 -0.060705289 0.002832498 0.998151362
1696386818.393000 -1.106285810 0.119325519 7.753128529 -0.001777973 -0.060640272 0.002660205 0.998154581
1696386818.798000 -1.115589499 0.120843828 7.824119091 -0.005229903 -0.060636822 0.002650779 0.998142660
1696386819.493000 -1.129145741 0.121501982 7.926293373 0.005783245 -0.060609270 0.003332162 0.998139262
1696386819.889000 -1.136030793 0.122205600 7.980834007 -0.000881338 -0.060775623 0.002691139 0.998147428
1696386820.290000 -1.143200874 0.123782307 8.035324097 -0.007698012 -0.060898803 0.001942214 0.998112381
1696386820.899000 -1.152131438 0.125315785 8.118659973 0.003419140 -0.045848724 -0.001026766 0.998942018
1696386821.295000 -1.154438376 0.126342282 8.170796394 -0.003320456 -0.028992251 0.003317805 0.999568641
1696386821.799000 -1.158013225 0.127121925 8.236297607 0.004236307 -0.029190810 0.002049157 0.999562800
1696386822.199000 -1.160516381 0.128148273 8.285916328 0.001659955 -0.015327814 -0.000225318 0.999881148
1696386822.598000 -1.154690981 0.129252747 8.334088326 -0.002113073 0.037287537 -0.002921682 0.999298096
1696386823.098000 -1.142034054 0.130525365 8.390639305 -0.002638452 0.101426817 -0.003824271 0.994832158
1696386823.490000 -1.127834439 0.131297186 8.433248520 0.002176137 0.151417285 -0.006254133 0.988447785
1696386823.995000 -1.106232643 0.131636217 8.487475395 0.000634234 0.181819916 -0.004399195 0.983321846
1696386824.695000 -1.072056293 0.132823944 8.557767868 0.001391873 0.235856518 -0.010436185 0.971730888
1696386825.207000 -1.045331717 0.133011296 8.606933594 0.006473408 0.246843502 -0.005962080 0.969015419
1696386825.675000 -1.017153144 0.133265167 8.646888733 0.008225948 0.298068166 -0.006868581 0.954484403
1696386826.083000 -0.990778923 0.133493304 8.677984238 0.010486415 0.340469211 -0.004314607 0.940187275
1696386826.502000 -0.962000489 0.133084387 8.704992294 0.010436242 0.380671769 -0.008173573 0.924615204
1696386826.937000 -0.936496019 0.132496133 8.725613594 0.008888082 0.412853330 -0.011354889 0.910683393
1696386827.359000 -0.906281948 0.132597029 8.746703148 0.008643667 0.449313432 -0.009644599 0.893280327
1696386827.777000 -0.877159119 0.132319465 8.763905525 0.003657405 0.483195662 -0.011850012 0.875424623
1696386828.162000 -0.850113869 0.131842002 8.777912140 0.003131950 0.511853933 -0.008030315 0.859029233
1696386828.621000 -0.818002701 0.131574690 8.791363716 0.003490761 0.544087291 -0.012999100 0.838920712
1696386829.162000 -0.782004356 0.131656826 8.803379059 0.002874204 0.579447746 -0.008864157 0.814956129
1696386829.699000 -0.747619629 0.131224960 8.811445236 0.001768724 0.611620009 -0.010438618 0.791080832
1696386830.525000 -0.698859215 0.131292969 8.818076134 0.005142187 0.654516876 -0.012298577 0.755929887
1696386831.262000 -0.657953739 0.130898595 8.822886467 0.004872973 0.661035419 -0.011056384 0.750257492
1696386832.160000 -0.606725216 0.130257905 8.830259323 0.007247606 0.661329269 -0.012044130 0.749963999
1696386832.648000 -0.562855244 0.130155623 8.835889816 0.006481953 0.661216080 -0.010754400 0.750090420
1696386833.125000 -0.516068935 0.129763171 8.842076302 0.005831397 0.661119521 -0.010029889 0.750190973
1696386833.719000 -0.445351124 0.129113406 8.851703644 0.007397782 0.660941958 -0.011469901 0.750312924
1696386834.461000 -0.359226227 0.128642440 8.863324165 0.005265105 0.660895646 -0.009452215 0.750399828
1696386834.978000 -0.282940388 0.127947271 8.873443604 0.008280886 0.660582364 -0.011526419 0.750619531
1696386835.451000 -0.200054169 0.127548546 8.885031700 0.005197749 0.660569489 -0.008938482 0.750693679
1696386836.044000 -0.096930504 0.126837134 8.899407387 0.003545664 0.660371602 -0.010915830 0.750851274
1696386836.663000 0.005435467 0.126117289 8.912739754 0.004974528 0.660255015 -0.012614009 0.750919163
1696386837.304000 0.113478661 0.126321584 8.926894188 0.004783519 0.660259068 -0.009292816 0.750965238
1696386837.909000 0.220078945 0.125976294 8.942272186 0.006373234 0.660422683 -0.009927136 0.750801384
1696386838.604000 0.346261978 0.124966204 8.961229324 0.006676123 0.660581589 -0.008906239 0.750671744
1696386839.415000 0.491911411 0.123462789 8.980964661 0.006958102 0.660415351 -0.008609760 0.750818908
1696386840.011000 0.596295834 0.123190515 8.995981216 0.006102210 0.660350740 -0.009668245 0.750870287
1696386840.599000 0.698801041 0.121712349 9.009323120 0.007519583 0.660322368 -0.012602900 0.750838876
1696386841.239000 0.800527096 0.121659815 9.023314476 0.003223818 0.660743177 -0.006809084 0.750574291
1696386842.138000 0.956902504 0.120653875 9.044961929 0.006393739 0.660517395 -0.007569638 0.750745356
1696386842.931000 1.089744568 0.119918980 9.061644554 0.003604215 0.660948098 -0.009680515 0.750360548
1696386843.749000 1.221783638 0.119044431 9.080509186 0.004627869 0.661061466 -0.010730579 0.750240684
1696386844.309000 1.318148136 0.119196311 9.094371796 0.006914366 0.660701454 -0.009213109 0.750560462
1696386844.859000 1.421408653 0.118862405 9.107273102 0.001302596 0.660120249 -0.008503574 0.751110673
1696386845.312000 1.502757072 0.118021026 9.118436813 0.007123758 0.659988046 -0.014222413 0.751107693
1696386845.821000 1.584321499 0.116791904 9.129909515 0.004697926 0.660275877 -0.013409272 0.750888765
1696386846.265000 1.663532734 0.116469890 9.140712738 0.004781629 0.660277069 -0.009839708 0.750942409
1696386846.698000 1.740123272 0.116087146 9.151175499 0.005252622 0.660150111 -0.007131842 0.751081467
1696386847.021000 1.798632622 0.115797013 9.159561157 0.009826694 0.660132408 -0.007280784 0.751049697
1696386847.351000 1.857077122 0.115808770 9.167616844 0.006847623 0.660346568 -0.004246128 0.750917792
1696386847.804000 1.933351994 0.115324944 9.178296089 0.011610736 0.659531593 -0.008488585 0.751539230
1696386848.140000 1.989851952 0.114384249 9.185945511 0.009830706 0.659335256 -0.008435837 0.751737475
1696386848.463000 2.044000149 0.114303693 9.192681313 0.003975257 0.659154177 -0.006291937 0.751971006
1696386848.890000 2.115858555 0.114143714 9.202947617 0.006470607 0.659122765 -0.008151866 0.751963258
1696386849.332000 2.187155247 0.113628544 9.212977409 0.006614282 0.658907652 -0.007690741 0.752155542
1696386849.759000 2.257041454 0.113335259 9.222702026 0.005202936 0.659127116 -0.009408777 0.751954615
1696386850.211000 2.325361729 0.112584837 9.231573105 0.004615720 0.658702195 -0.010370563 0.752318203
1696386850.638000 2.393644333 0.112511724 9.242278099 0.007173388 0.659425497 -0.009610265 0.751674294
1696386851.100000 2.461671829 0.111915134 9.251245499 0.006900249 0.658842504 -0.008758328 0.752198279
1696386851.535000 2.528581619 0.111284018 9.260261536 0.005654740 0.658184409 -0.013453709 0.752715230
1696386851.980000 2.593617439 0.111050986 9.270021439 0.004585992 0.658215463 -0.010087799 0.752748072
1696386852.502000 2.673383713 0.110755600 9.282859802 0.005336565 0.652573884 -0.008625620 0.757657290
1696386853.017000 2.750587463 0.109962180 9.295093536 0.007596889 0.652486384 -0.009603009 0.757701457
1696386853.488000 2.810848236 0.110291801 9.305912971 0.001581400 0.640086710 -0.005477736 0.768281519
1696386854.008000 2.883894444 0.109704621 9.320314407 0.003387991 0.639790058 -0.009560811 0.768482804
1696386854.588000 2.968379021 0.109246872 9.339528084 0.003398801 0.627711952 -0.010826942 0.778363049
1696386855.043000 3.030292511 0.109325781 9.353227615 0.003674375 0.627508581 -0.012308474 0.778503656
1696386855.646000 3.119916439 0.108241491 9.373299599 0.002670808 0.627768934 -0.011710378 0.778307080
1696386856.220000 3.201486111 0.107962735 9.392055511 0.003415305 0.627928793 -0.011946415 0.778171599
1696386856.697000 3.267936468 0.107529566 9.405007362 0.003340419 0.638147354 -0.011926399 0.769814610
1696386857.128000 3.328480005 0.107409395 9.417387962 0.003280731 0.638610065 -0.011966974 0.769430518
1696386857.599000 3.393012047 0.107150711 9.430532455 0.003968470 0.638819873 -0.012317970 0.769247472
1696386858.072000 3.456225634 0.106958903 9.442668915 0.004361504 0.638954163 -0.011559862 0.769145668
1696386858.552000 3.519245625 0.106672391 9.455442429 0.005656698 0.639323533 -0.011629313 0.768829107
1696386859.016000 3.579835415 0.106128350 9.466539383 0.004874840 0.638750017 -0.011836519 0.769307792
1696386859.622000 3.654272795 0.106056236 9.481796265 0.002736876 0.638239622 -0.011979501 0.769739687
1696386860.087000 3.715403080 0.105502896 9.494401932 0.002879511 0.638666153 -0.012575237 0.769375801
1696386860.557000 3.775598526 0.105254941 9.506364822 0.003072089 0.638689041 -0.012779990 0.769352674
1696386861.023000 3.835090876 0.105143800 9.518221855 0.003290937 0.638810277 -0.012726511 0.769252002
1696386861.593000 3.890915394 0.105248317 9.529438019 0.001750825 0.638702989 -0.011718185 0.769362152
1696386862.233000 3.939487934 0.104991205 9.538892746 0.000745521 0.638895631 -0.011402976 0.769208610
1696386863.471000 3.979037285 0.104854763 9.546794891 0.004944988 0.639619291 -0.014748882 0.768534422
1696386864.128000 4.012414932 0.104783773 9.553287506 0.003066717 0.639938056 -0.013355246 0.768304408
1696386865.061000 4.066389084 0.104624286 9.563941956 0.002627688 0.640493929 -0.013446092 0.767841101
1696386865.599000 4.096685410 0.104542047 9.569643021 0.002975391 0.640564263 -0.013966707 0.767771721
1696386866.061000 4.122305870 0.104437962 9.574363708 0.002805349 0.640714645 -0.014336389 0.767640114
1696386866.847000 4.162005424 0.104324192 9.582018852 0.002647229 0.641071320 -0.014701284 0.767335951
1696386867.516000 4.194383621 0.103697464 9.587920189 0.001910722 0.642610490 -0.016267031 0.766017973
1696386868.059000 4.217864990 0.103381723 9.589963913 0.003649032 0.661277413 -0.018413015 0.749906540
1696386868.566000 4.237893581 0.103243768 9.590652466 0.004211597 0.678436577 -0.017150458 0.734446704
1696386869.099000 4.257891178 0.103054240 9.590741158 0.004942378 0.694826126 -0.017324166 0.718952119
1696386869.810000 4.279229641 0.102420002 9.589794159 0.002781491 0.713346601 -0.016062126 0.700621903
1696386870.439000 4.294895649 0.102106847 9.588533401 0.001874859 0.726859033 -0.017557867 0.686559677
1696386871.181000 4.311506748 0.101898298 9.586341858 0.003431430 0.740294456 -0.017367853 0.672049642
1696386871.921000 4.328148842 0.101723522 9.583763123 0.005805895 0.753806770 -0.016314838 0.656867981
1696386872.754000 4.347778320 0.101370730 9.579348564 0.002571395 0.770907700 -0.015369237 0.636756241
1696386873.616000 4.365499496 0.101080596 9.574318886 0.000560888 0.785671651 -0.013926289 0.618486702
1696386874.530000 4.384107590 0.100889206 9.568095207 0.003257831 0.799835145 -0.012167576 0.600087583
1696386875.471000 4.408123970 0.100713693 9.558120728 0.006127908 0.817470968 -0.008460737 0.575875103
1696386876.498000 4.434883118 0.100782260 9.544822693 0.004641655 0.838462770 -0.010224351 0.544843078
1696386877.403000 4.455810547 0.100381397 9.533143997 0.005921697 0.853700340 -0.005634199 0.520700455
1696386878.518000 4.478662491 0.100632459 9.517995834 0.009340799 0.869925082 -0.004073607 0.493078709
1696386879.687000 4.501941681 0.100856200 9.499686241 0.007154774 0.885536849 -0.004016066 0.464496821
1696386880.839000 4.526229858 0.100620009 9.478638649 0.005389560 0.902122855 -0.006999313 0.431388885
1696386881.828000 4.555838585 0.100596800 9.447691917 0.004412528 0.923078477 -0.012783476 0.384373933
1696386882.892000 4.594998360 0.101149373 9.395982742 0.005197075 0.950852275 -0.011022984 0.309405029
1696386884.218000 4.642695427 0.100379646 9.307058334 0.006479977 0.980222106 -0.013902897 0.197305337
1696386884.910000 4.659309387 0.099818245 9.246435165 0.006777717 0.990905225 -0.012023794 0.133851781
1696386885.810000 4.674326897 0.098711282 9.164758682 0.010555062 0.995939374 -0.011776483 0.088626303
1696386886.908000 4.699013710 0.097153366 9.052345276 0.011777631 0.994462729 -0.018175051 0.102834113
1696386887.558000 4.715113640 0.095771223 8.974958420 0.011689095 0.994335294 -0.009884945 0.105180606
1696386888.423000 4.740525246 0.094364777 8.861356735 0.013479756 0.994199157 -0.014572325 0.105707034
1696386889.045000 4.762090683 0.093231544 8.761998177 0.014785269 0.994236290 -0.010317104 0.105684474
1696386889.611000 4.782281876 0.092757769 8.670902252 0.014305465 0.994286895 -0.008873682 0.105404779
1696386890.104000 4.799623489 0.091858387 8.591975212 0.015939483 0.994170487 -0.012244908 0.105929874
1696386890.850000 4.825488091 0.091059811 8.475112915 0.015797490 0.994088590 -0.011374284 0.106812738
1696386891.739000 4.855368614 0.089354873 8.341709137 0.015721967 0.993953705 -0.011493932 0.108059332
1696386892.420000 4.880420685 0.088015258 8.226011276 0.015338234 0.993804514 -0.010876998 0.109540053
1696386893.063000 4.902410507 0.086849019 8.132291794 0.014519651 0.993658483 -0.010494252 0.111004084
1696386893.555000 4.919597626 0.086280808 8.058262825 0.013289264 0.993594468 -0.010740452 0.111705489
1696386894.040000 4.936666489 0.084969416 7.985289097 0.011552657 0.993577898 -0.012400697 0.111873873
1696386894.658000 4.957180977 0.083857507 7.894330025 0.010772071 0.993529618 -0.013186158 0.112289868
1696386895.158000 4.974264145 0.082938433 7.821816444 0.009705276 0.993535936 -0.011012515 0.112565264
1696386895.549000 4.986205101 0.082338423 7.767870903 0.008930459 0.993819356 -0.011162537 0.110085137
1696386896.033000 5.002882481 0.081606753 7.696626186 0.007601705 0.993862391 -0.011355396 0.109776527
1696386896.505000 5.019195557 0.081133895 7.624585629 0.006548935 0.993836224 -0.013210561 0.109873474
1696386896.858000 5.031500816 0.080647059 7.569340706 0.004975538 0.994022965 -0.011204830 0.108480826
1696386897.260000 5.041350365 0.080157116 7.514528275 0.003899832 0.995843649 -0.011777898 0.090230308
1696386897.727000 5.055830002 0.080705181 7.442165375 0.005213312 0.995912135 -0.012319058 0.089331582
1696386898.065000 5.066498756 0.080432571 7.385612965 0.005891218 0.995791256 -0.014278696 0.090339370
1696386898.526000 5.080827236 0.078875653 7.309306145 0.006367861 0.995787203 -0.010841489 0.090828255
1696386898.981000 5.095640182 0.078509562 7.233144283 0.007059375 0.995770872 -0.013286233 0.090631373
1696386899.453000 5.110280037 0.077115074 7.158572674 0.006310385 0.995793819 -0.012554673 0.090538695
1696386900.033000 5.126762390 0.076255314 7.068226814 0.004075509 0.995745599 -0.012019093 0.091266751
1696386900.847000 5.152379036 0.074014626 6.932087421 0.004442451 0.995736182 -0.011197078 0.091457039
1696386901.303000 5.166120052 0.073553421 6.861324787 0.004687945 0.995746255 -0.011292548 0.091323294
1696386901.768000 5.180295467 0.073454149 6.790686131 0.005091400 0.995766938 -0.012426359 0.090927869
1696386902.217000 5.194193363 0.072393179 6.720466137 0.004887437 0.995813429 -0.011151294 0.090594836
1696386902.664000 5.207638741 0.071648553 6.650053978 0.005650383 0.995792150 -0.012706207 0.090579830
1696386903.109000 5.220787048 0.071097896 6.579692364 0.006327611 0.995796919 -0.010605101 0.090752430
1696386903.444000 5.231398582 0.070337340 6.527151585 0.007464750 0.995807707 -0.012784709 0.090265326
1696386903.906000 5.244330406 0.069589682 6.458310127 0.005839597 0.995803595 -0.012015066 0.090535969
1696386904.246000 5.253870010 0.068779856 6.406992912 0.004832186 0.995803475 -0.010397060 0.090796895
1696386904.574000 5.263697147 0.068235889 6.355824471 0.003521416 0.995797813 -0.010576456 0.090898350
1696386905.007000 5.276495457 0.067664593 6.288179874 0.003852863 0.995767593 -0.012985332 0.090903267
1696386905.455000 5.289694786 0.067018002 6.217021942 0.003772061 0.995796084 -0.010173154 0.090952829
1696386905.787000 5.300380230 0.066378608 6.163593292 0.004126122 0.995818496 -0.011123309 0.090580292
1696386906.144000 5.310082436 0.066419311 6.110389709 0.004490220 0.995811164 -0.011018793 0.090656362
1696386906.472000 5.320915699 0.065962344 6.057354927 0.004737007 0.995848238 -0.010756887 0.090267271
1696386906.903000 5.333685875 0.065567054 5.987645149 0.005031724 0.995822608 -0.011612830 0.090427667
1696386907.342000 5.347571373 0.065033332 5.917570114 0.005035092 0.995860875 -0.011438391 0.090028025
1696386907.883000 5.363070488 0.063666105 5.833064079 0.006628375 0.995838165 -0.012968991 0.089968085
1696386908.765000 5.389607906 0.062066689 5.695506096 0.004017950 0.995877624 -0.009705163 0.090096869
1696386909.330000 5.406234264 0.061403360 5.613326073 0.004336678 0.995906651 -0.011417695 0.089559168
1696386909.756000 5.419086456 0.061193336 5.548133850 0.004308518 0.995904148 -0.010731097 0.089673489
1696386910.418000 5.437623024 0.060993571 5.450420856 0.004614770 0.995901823 -0.011210001 0.089624912
1696386911.162000 5.457912445 0.059906758 5.338487625 0.004485543 0.995928943 -0.011181170 0.089333259
1696386911.691000 5.473134995 0.058863085 5.260344505 0.004453239 0.996168852 -0.011453038 0.086583406
1696386912.217000 5.487803459 0.058349073 5.183120728 0.003882273 0.996238470 -0.011662676 0.085778229
1696386912.667000 5.498422146 0.057975546 5.122676849 0.002112879 0.996285617 -0.009784340 0.085526973
1696386913.202000 5.510491848 0.057376742 5.048992157 0.001221885 0.996843636 -0.012418229 0.078403488
1696386913.609000 5.519814491 0.056254987 4.987568855 0.003101585 0.996835470 -0.011520328 0.078591965
1696386914.012000 5.530124664 0.055635557 4.927376747 0.000089714 0.996844172 -0.013213139 0.078276455
1696386914.428000 5.540004253 0.055829279 4.868477821 0.001507169 0.996859014 -0.012366815 0.078210339
1696386914.846000 5.550261974 0.055189557 4.809650421 0.001301422 0.996974826 -0.007478856 0.077353515
1696386915.253000 5.560155869 0.054872241 4.751426697 0.000862509 0.996984959 -0.013028715 0.076488741
1696386915.698000 5.570008755 0.054507777 4.687633038 0.001786683 0.996969104 -0.013719567 0.076559007
1696386916.100000 5.579805374 0.053374738 4.627956390 0.004422999 0.997049749 -0.013137299 0.075496428
1696386916.610000 5.591901302 0.052632309 4.554037094 0.005502267 0.997018516 -0.012041999 0.076018944
1696386917.140000 5.604212761 0.051656622 4.478474617 -0.001065550 0.996976256 -0.012218988 0.076732822
1696386917.782000 5.618453026 0.051224928 4.389697075 -0.000662814 0.997046888 -0.007619152 0.076413751
1696386918.235000 5.627860069 0.050654676 4.328207970 -0.000477559 0.997024238 -0.007041743 0.076765053
1696386918.851000 5.642251492 0.050246168 4.235378265 0.000644914 0.997082412 -0.010816966 0.075559951
1696386919.368000 5.654874802 0.049617909 4.156753540 0.001084795 0.997116566 -0.012953427 0.074763916
1696386919.898000 5.668715477 0.048915893 4.073959351 0.002735711 0.997083187 -0.016084963 0.074557908
1696386920.304000 5.679294109 0.047918439 4.001839638 0.001709042 0.997148514 -0.012848001 0.074343629
1696386920.815000 5.694128513 0.046840522 3.911812067 0.001584655 0.997218609 -0.012140185 0.073519833
1696386921.424000 5.709986687 0.044626463 3.806736708 0.002973174 0.997253954 -0.012042103 0.073011786
1696386922.127000 5.730435848 0.044082504 3.684594870 0.005755561 0.997315049 -0.014252624 0.071599558
1696386922.647000 5.744065762 0.043547284 3.600428104 0.005142423 0.997414231 -0.010145922 0.070961438
1696386923.293000 5.760235786 0.042853020 3.490348816 0.005291296 0.997416973 -0.011499239 0.070705228
1696386924.024000 5.781396389 0.042618390 3.361143589 0.005426134 0.997484148 -0.011518621 0.069737293
1696386924.577000 5.795149803 0.041489035 3.263945341 0.006303974 0.997475684 -0.011841040 0.069730841
1696386925.238000 5.812415123 0.039794710 3.153623581 0.006035492 0.997535288 -0.011915761 0.068883531
1696386925.674000 5.823803425 0.039212711 3.079435349 0.005749583 0.997567117 -0.011780269 0.068469696
1696386926.116000 5.835346699 0.038273450 3.001798153 0.005841152 0.997557521 -0.014448281 0.068089247
1696386926.558000 5.847840309 0.037459161 2.914884806 0.005815438 0.997629941 -0.009235986 0.067936301
1696386927.048000 5.859701157 0.037274368 2.832060814 0.006186030 0.997606695 -0.011592187 0.067883685
1696386927.511000 5.872978687 0.036131591 2.741586924 0.006441823 0.997628450 -0.011091235 0.067623861
1696386928.167000 5.891225815 0.035463959 2.618041992 0.006779401 0.997677386 -0.011482371 0.066798560
1696386928.613000 5.903062820 0.034690849 2.532834768 0.007017963 0.997683346 -0.011547520 0.066673487
1696386928.929000 5.912041187 0.034307089 2.472249985 0.007286466 0.997708261 -0.011794364 0.066226937
1696386929.290000 5.921921253 0.034000084 2.403680086 0.007057873 0.997720897 -0.012336141 0.065962635
1696386929.735000 5.933219910 0.033659387 2.320665836 0.007299702 0.997754574 -0.011221614 0.065624446
1696386930.182000 5.944731712 0.032460447 2.238586903 0.007120165 0.997778058 -0.011370569 0.065260909
1696386930.631000 5.956318855 0.032094318 2.156735897 0.006971553 0.997792721 -0.010860205 0.065139942
1696386931.077000 5.968022346 0.031210385 2.076156616 0.007313451 0.997812212 -0.011792058 0.064640090
1696386931.516000 5.978610992 0.030366041 1.998395920 0.007360683 0.997828186 -0.011537929 0.064433075
1696386931.964000 5.989883423 0.029368572 1.915348172 0.007524687 0.997815371 -0.013070621 0.064319998
1696386932.275000 5.998954773 0.029021010 1.854711056 0.007597391 0.997882068 -0.010487592 0.063747317
1696386932.622000 6.008995056 0.028771557 1.788797617 0.008382139 0.997902811 -0.011809852 0.063089453
1696386933.159000 6.021882057 0.027591258 1.689117074 0.008574669 0.997901678 -0.011917961 0.063061088
1696386933.588000 6.032789707 0.027359433 1.607802510 0.009263284 0.997955680 -0.008874705 0.062609129
1696386934.150000 6.046830654 0.026537769 1.503370643 0.008553612 0.997934580 -0.012518292 0.062423948
1696386934.455000 6.054119110 0.026251189 1.446220875 0.007656611 0.997981608 -0.010397179 0.062177334
1696386935.009000 6.067572117 0.025632031 1.345095754 0.008611630 0.997968674 -0.011972083 0.061976314
1696386935.438000 6.077756882 0.024869896 1.268762827 0.008708601 0.997977316 -0.011444166 0.061922882
1696386935.866000 6.088024616 0.024586543 1.193034410 0.009065446 0.997992873 -0.011660769 0.061579753
1696386936.384000 6.100227833 0.023253165 1.099369049 0.009570160 0.998007119 -0.011024813 0.061389539
1696386936.944000 6.113788605 0.022282019 1.000529766 0.009910531 0.998022377 -0.012050539 0.060893133
1696386937.598000 6.128043175 0.020924121 0.887548208 0.011906157 0.997985184 -0.013477970 0.060845554
1696386938.023000 6.137582302 0.019925117 0.814789355 0.011374807 0.998002470 -0.012419158 0.060889002
1696386938.443000 6.146337032 0.019317359 0.743246078 0.009705428 0.998019397 -0.010566472 0.061249264
1696386938.735000 6.152833939 0.018962368 0.694490671 0.009206790 0.998022735 -0.011032978 0.061189044
1696386939.153000 6.162553787 0.018465199 0.626574576 0.009444262 0.998049855 -0.011414533 0.060638119
1696386939.577000 6.171102047 0.018060222 0.558107734 0.009398955 0.998048604 -0.011269507 0.060692735
1696386939.994000 6.179562092 0.017599195 0.492771149 0.009807331 0.998058856 -0.011394056 0.060436428
1696386940.534000 6.185214520 0.017184168 0.414634943 0.010301811 0.999529958 -0.011007371 0.026693955
1696386941.051000 6.189452171 0.016601384 0.336246759 0.010124099 0.999533772 -0.011179094 0.026547726
1696386941.452000 6.194085598 0.016052127 0.276414841 0.011280466 0.999537289 -0.010912930 0.026055437
1696386941.879000 6.197696686 0.015761495 0.213735640 0.011770522 0.999537706 -0.010385066 0.026037052
1696386942.359000 6.201177597 0.015222594 0.156753212 0.011825273 0.999581873 -0.004275956 0.026038975
1696386944.143000 6.204266071 0.014812872 0.104327768 0.016648859 0.999489486 -0.008612614 0.025874412
1696386944.938000 6.206122398 0.013662979 0.058102727 0.015619215 0.999508619 -0.009907691 0.025307558
1696386945.725000 6.205603600 0.013909683 0.019402087 -0.016386950 -0.999825180 0.007563426 0.004890588
1696386946.231000 6.201963902 0.014477059 -0.005236328 -0.018728539 -0.999280989 0.006279766 0.032361761
1696386946.743000 6.198322296 0.014503568 -0.029295802 -0.019010754 -0.997987866 0.005683118 0.060221199
1696386947.140000 6.194303989 0.014603406 -0.047085285 -0.017467210 -0.996497631 0.005867945 0.081565551
1696386947.526000 6.189599037 0.014891237 -0.063988447 -0.017225057 -0.994645357 0.005539953 0.101750970
1696386947.935000 6.183906078 0.015425950 -0.082208395 -0.021132063 -0.992262185 0.007714286 0.122104980
1696386948.424000 6.176317215 0.015574381 -0.102044582 -0.018872328 -0.989018619 0.007207416 0.146403939
1696386948.916000 6.168293953 0.015887305 -0.121223450 -0.018706273 -0.985351741 0.006784401 0.169369385
1696386949.425000 6.159300327 0.016184360 -0.139855862 -0.016329724 -0.981187701 0.006697070 0.192247659
1696386949.903000 6.149796009 0.016881973 -0.156628132 -0.016816270 -0.977166474 0.006469604 0.211709872
1696386950.419000 6.140227318 0.017053075 -0.174436092 -0.014403682 -0.972214997 0.006094013 0.233566687
1696386951.006000 6.128868103 0.017702252 -0.191935062 -0.014543520 -0.966560900 0.007945765 0.255901068
1696386951.596000 6.117590904 0.017815165 -0.207820892 -0.013892972 -0.960649133 0.008732488 0.277279556
1696386952.106000 6.108102798 0.017802812 -0.220459938 -0.012401287 -0.955526054 0.009482046 0.294493228
1696386952.600000 6.098993301 0.018144693 -0.231048107 -0.009149330 -0.950770557 0.010578857 0.309580088
1696386953.215000 6.089180946 0.018077750 -0.242103100 -0.009275624 -0.945339978 0.010786858 0.325775981
1696386953.803000 6.080951214 0.018398166 -0.250779152 -0.009743263 -0.941003323 0.011477030 0.338062257
1696386954.395000 6.073061466 0.018485952 -0.258406162 -0.010368385 -0.936706126 0.014788267 0.349650472
1696386955.001000 6.063160419 0.018546039 -0.267994881 -0.011621269 -0.931124628 0.013613287 0.364261776
1696386955.681000 6.045026302 0.018666541 -0.283575535 -0.011933374 -0.920109272 0.013086545 0.391261160
1696386956.326000 6.027215004 0.018873435 -0.297837257 -0.010851656 -0.910021305 0.012582995 0.414228380
1696386957.040000 6.006815434 0.019441418 -0.311693192 -0.015428675 -0.898294330 0.011658747 0.438968599
1696386957.644000 5.990005493 0.019590560 -0.322433949 -0.013347096 -0.888490438 0.011073568 0.458567351
1696386958.339000 5.965933800 0.019939722 -0.335384369 -0.012578235 -0.873900712 0.008173598 0.485873073
1696386959.048000 5.933985710 0.020331996 -0.350518227 -0.010712110 -0.853835881 0.010843080 0.520319045
1696386959.744000 5.880647182 0.021623485 -0.369390488 -0.011639925 -0.820036232 0.003732932 0.572181046
1696386960.443000 5.828162670 0.023006214 -0.382494926 -0.009344961 -0.795884192 0.007293185 0.605332851
1696386961.145000 5.776127338 0.024107819 -0.395245552 -0.005600423 -0.785737038 0.003565668 0.618525028
1696386961.983000 5.709270477 0.025051441 -0.407882690 -0.004700147 -0.771334887 0.003229552 0.636403918
1696386962.693000 5.626034737 0.027098026 -0.425010681 -0.005190335 -0.771330237 0.004268539 0.636399627
1696386963.290000 5.533031940 0.028518999 -0.444937706 -0.007287123 -0.771012068 0.001921525 0.636775970
1696386963.794000 5.454050541 0.029910453 -0.459181309 -0.007536890 -0.762292385 0.002374472 0.647184551
1696386964.195000 5.392437458 0.031459898 -0.470321655 -0.007514262 -0.762115419 0.002114228 0.647394121
1696386964.685000 5.316473484 0.032969404 -0.483749390 -0.007609215 -0.764611661 0.002241793 0.644442439
1696386965.190000 5.240329742 0.035296708 -0.496959209 -0.007037476 -0.764769256 0.002848574 0.644259632
1696386965.685000 5.167403698 0.037306853 -0.509857655 -0.006002390 -0.764865994 0.002390718 0.644157052
1696386966.091000 5.109552383 0.037848607 -0.520285606 -0.005769980 -0.764934957 0.000261095 0.644081652
1696386966.592000 5.035282612 0.039647724 -0.533643723 -0.007584790 -0.764981270 -0.002341694 0.644003630
1696386967.332000 4.926426888 0.042811655 -0.553317547 -0.006419447 -0.764826179 0.001382034 0.644203246
1696386967.822000 4.852957726 0.044212125 -0.566287518 -0.006244709 -0.764815867 0.001840689 0.644216061
1696386968.709000 4.718244076 0.047495741 -0.591475964 -0.005852365 -0.764578044 0.001786799 0.644502163
1696386969.143000 4.655498028 0.048876144 -0.602560520 -0.005268221 -0.764646828 0.003717223 0.644417226
1696386969.738000 4.559955597 0.050848629 -0.620574474 -0.006677312 -0.764530003 0.002505215 0.644548714
1696386970.440000 4.450658798 0.052887324 -0.639664173 -0.005427231 -0.764658988 0.002010955 0.644409239
1696386971.146000 4.347013474 0.054647855 -0.658502579 -0.003164511 -0.764751852 0.005272749 0.644295573
1696386971.744000 4.258824348 0.056124274 -0.674638271 -0.003843968 -0.764617801 0.000664350 0.644472122
1696386972.240000 4.186058998 0.057640098 -0.687335014 -0.002402250 -0.764809310 0.000223060 0.644252181
1696386973.047000 4.068595886 0.060508505 -0.709531784 -0.006001470 -0.764452517 0.002521784 0.644647300
1696386973.646000 3.979169130 0.063066229 -0.724894047 -0.007365642 -0.764755070 0.000796855 0.644278586
1696386974.248000 3.887017250 0.065509140 -0.742022991 -0.004690420 -0.764574409 0.003338499 0.644509733
1696386975.047000 3.765859127 0.068355218 -0.762079239 -0.002427896 -0.764879823 0.004132882 0.644155085
1696386975.843000 3.641139984 0.068939991 -0.783156872 -0.003712242 -0.765166879 -0.000352674 0.643821299
1696386976.246000 3.576519966 0.071408674 -0.794408083 -0.006400550 -0.765463352 -0.002239968 0.643443763
1696386976.848000 3.480577707 0.073709190 -0.813329697 -0.000853640 -0.764979005 0.000479917 0.644054472
1696386977.339000 3.398583412 0.075076863 -0.826898098 0.004613173 -0.765315711 0.004810339 0.643620610
1696386977.748000 3.333555937 0.075602226 -0.838366747 -0.001271352 -0.765355110 -0.006719917 0.643571913
1696386978.276000 3.245547771 0.078346431 -0.854616880 0.000220574 -0.765233934 -0.000912927 0.643751621
1696386978.506000 3.208032608 0.078740060 -0.860681534 0.000185454 -0.765440702 0.001399421 0.643504918
1696386978.908000 3.140477657 0.079713486 -0.872877836 -0.001834307 -0.765397131 0.000079486 0.643555641
1696386979.308000 3.074727774 0.081107907 -0.884543419 -0.002071298 -0.765354872 0.001815766 0.643602550
1696386979.710000 3.005573273 0.082901917 -0.897074223 -0.005269284 -0.765350521 -0.000967880 0.643591404
1696386980.208000 2.920209885 0.084526472 -0.912219524 -0.002220635 -0.765412152 -0.000594864 0.643536389
1696386980.510000 2.868154287 0.085389815 -0.921726704 0.000521605 -0.765362382 0.001274483 0.643598139
1696386980.911000 2.798668385 0.086147696 -0.934325457 0.001899885 -0.765129864 -0.001271705 0.643872023
1696386981.309000 2.730555534 0.087567180 -0.946056843 -0.000749079 -0.765258729 -0.001988111 0.643719316
1696386981.812000 2.647341013 0.088800326 -0.961551189 -0.001399195 -0.765213549 0.000449878 0.643774867
1696386982.404000 2.551485538 0.091116309 -0.978153467 -0.001914142 -0.765359402 -0.003514527 0.643590808
1696386982.810000 2.486669064 0.092106812 -0.990243196 0.001184535 -0.765245676 -0.004930549 0.643718302
1696386983.311000 2.400212765 0.093878038 -1.006204605 0.003725278 -0.765103102 -0.000307856 0.643896937
1696386983.711000 2.327616692 0.094913311 -1.019432545 0.002644756 -0.765024364 -0.002649579 0.643990457
1696386984.107000 2.257737160 0.096119605 -1.032097101 -0.001578210 -0.764922142 -0.003457688 0.644111514
1696386984.513000 2.186187744 0.097192474 -1.045183659 -0.000681732 -0.764784515 -0.001603404 0.644283831
1696386984.912000 2.117814779 0.098721348 -1.057428837 -0.001662044 -0.764915943 -0.001065374 0.644127011
1696386985.312000 2.050460339 0.099820592 -1.070199490 -0.001210541 -0.764630735 -0.001512086 0.644465864
1696386985.709000 1.984303474 0.101234004 -1.081360340 -0.000739341 -0.764768362 -0.000926265 0.644304216
1696386986.111000 1.918537140 0.102666348 -1.093298197 -0.000549167 -0.764607012 -0.001134924 0.644495547
1696386986.504000 1.855395675 0.103580415 -1.104265094 -0.000675267 -0.764631450 -0.001152465 0.644466400
1696386986.994000 1.789582968 0.104863636 -1.116183162 -0.000621072 -0.764666915 -0.001378013 0.644423962
1696386987.512000 1.701469898 0.106707983 -1.131647348 -0.000573486 -0.764536917 -0.001278882 0.644578516
1696386988.012000 1.627664685 0.108374611 -1.145070553 -0.000313723 -0.764453828 -0.000686478 0.644678056
1696386988.603000 1.539710760 0.109579965 -1.161305428 -0.000465349 -0.764213264 -0.001274744 0.644962311
1696386989.113000 1.466735125 0.110521875 -1.173711419 0.002238743 -0.764252961 0.001540714 0.644910872
1696386989.691000 1.385375261 0.112155810 -1.188389182 -0.000786998 -0.764106512 -0.002558626 0.645084560
1696386990.293000 1.303407788 0.113763295 -1.202928305 -0.000262394 -0.764072537 -0.001736291 0.645127952
1696386990.785000 1.237731218 0.114966854 -1.213941216 -0.000062444 -0.764177382 -0.001512938 0.645004392
1696386991.293000 1.171562433 0.116247214 -1.225705266 -0.000020343 -0.764090955 -0.001542090 0.645106733
1696386991.785000 1.108147144 0.117294028 -1.237245440 0.000077206 -0.764058590 -0.001629427 0.645144820
1696386992.490000 1.021476626 0.119219542 -1.252259374 -0.000188707 -0.764049113 -0.001432301 0.645156562
