1696504078.087000 0.000000000 0.000000000 0.000000000 -0.000000000 -0.000000000 -0.000000000 1.000000000
1696504078.622000 0.000106094 0.000662638 0.026596686 0.000923604 -0.000295656 0.000181596 0.999999523
1696504079.163000 -0.000384933 0.001500534 0.079947226 -0.001789503 -0.000392430 0.000149512 0.999998331
1696504079.505000 -0.000810312 0.002488359 0.123810828 0.001800943 -0.000508166 0.000216754 0.999998271
1696504079.828000 -0.001122377 0.003166927 0.176930279 0.000838977 -0.000663400 0.000364065 0.999999404
1696504080.040000 -0.001389618 0.004361297 0.217582226 0.001037506 -0.000723947 0.000272521 0.999999166
1696504080.381000 -0.002119908 0.005811584 0.290370822 -0.001016470 -0.000803790 0.000176029 0.999999166
1696504080.716000 -0.002760854 0.006998544 0.369504422 -0.004491127 -0.000939454 0.000420609 0.999989390
1696504081.114000 -0.003014829 0.008925504 0.453652292 -0.002967912 -0.001218696 0.000601905 0.999994695
1696504081.455000 -0.003967865 0.010029632 0.535984397 0.006311330 -0.000967063 -0.000183494 0.999979615
1696504081.778000 -0.004382861 0.011933762 0.604952991 0.003103796 -0.001209209 0.000352226 0.999994397
1696504082.217000 -0.005488836 0.012708992 0.697779059 -0.004141286 -0.001098649 -0.000143057 0.999990821
1696504082.644000 -0.006287010 0.014828715 0.787225485 -0.001773370 -0.001247766 -0.000083133 0.999997675
1696504082.981000 -0.006371679 0.015819877 0.856238067 -0.001751415 -0.001400338 -0.000309963 0.999997437
1696504083.537000 -0.006309471 0.018029451 0.965038300 -0.001316462 -0.001768892 0.000440247 0.999997497
1696504084.081000 -0.008213234 0.019877857 1.074670672 -0.000317595 -0.001681176 0.000364986 0.999998510
1696504084.613000 -0.008403564 0.022120206 1.201360106 0.000735206 -0.002166846 0.000399135 0.999997318
1696504085.166000 -0.011375275 0.024978144 1.344291568 -0.003049123 -0.004783840 0.001178878 0.999983251
1696504085.704000 -0.019989440 0.028270619 1.481844544 -0.002790223 -0.028035011 0.000017897 0.999603033
1696504086.335000 -0.030169303 0.030631853 1.653228641 -0.002966886 -0.028168824 -0.001015560 0.999598265
1696504086.964000 -0.039827779 0.035092689 1.819600701 -0.001769930 -0.028400805 -0.000189618 0.999595046
1696504087.689000 -0.052503236 0.038471822 2.018623590 -0.001670726 -0.028579567 0.000821111 0.999589801
1696504088.306000 -0.060996708 0.042072006 2.187927008 -0.001262892 -0.028782582 0.000041673 0.999584913
1696504089.021000 -0.072456419 0.045382120 2.376132250 -0.003674302 -0.029352101 0.000284934 0.999562383
1696504089.738000 -0.081306569 0.049429376 2.561939955 -0.001510948 -0.021373821 0.000081040 0.999770403
1696504090.445000 -0.091932751 0.054140605 2.751765013 -0.003350804 -0.021483138 -0.000788826 0.999763310
1696504091.148000 -0.100333482 0.059319202 2.946984053 -0.000486507 -0.021831909 -0.000547086 0.999761403
1696504091.857000 -0.112505570 0.062089562 3.143347263 -0.001135744 -0.027970331 -0.000606317 0.999607921
1696504092.664000 -0.127406374 0.065991849 3.398688793 -0.001703211 -0.028586013 -0.000227825 0.999589860
1696504093.480000 -0.149732515 0.073317669 3.708326817 -0.003586835 -0.028902089 0.000618591 0.999575615
1696504094.274000 -0.169453576 0.080396034 4.001301289 -0.001549365 -0.029082565 -0.001191169 0.999575138
1696504095.096000 -0.187482134 0.084229611 4.295470715 -0.001939060 -0.029461576 -0.000590954 0.999563873
1696504096.198000 -0.212881640 0.093266323 4.689632416 -0.001009302 -0.030068481 -0.000385505 0.999547243
1696504097.315000 -0.239102960 0.100764610 5.082251549 0.002604592 -0.030645728 0.000536815 0.999526799
1696504097.922000 -0.253265738 0.104842544 5.298501968 -0.008554934 -0.031141849 0.000930399 0.999477923
1696504098.521000 -0.266994476 0.109152563 5.503217697 0.001134664 -0.031688813 0.001579223 0.999495924
1696504098.717000 -0.272750229 0.110159516 5.575002193 -0.002422158 -0.031428758 0.000792031 0.999502778
1696504099.131000 -0.281957030 0.113056183 5.713447094 -0.001584495 -0.031930674 -0.000591291 0.999488652
1696504099.535000 -0.291570812 0.114806868 5.842573166 0.001762039 -0.032016717 0.000707254 0.999485552
1696504099.836000 -0.299021512 0.116592444 5.940938473 -0.003573915 -0.032010816 0.000603683 0.999480963
1696504100.134000 -0.305877090 0.119204186 6.039908886 -0.007489503 -0.032145105 0.000201199 0.999455154
1696504100.531000 -0.315420777 0.122777238 6.165672302 -0.001060237 -0.032110304 0.000292936 0.999483764
1696504100.934000 -0.325233102 0.124796495 6.294544697 0.000417588 -0.032160752 0.001310199 0.999481738
1696504101.331000 -0.334392756 0.127284944 6.425895691 -0.002253474 -0.032430403 0.000481611 0.999471366
1696504101.732000 -0.343415707 0.129608765 6.552670002 -0.002849485 -0.032637268 0.000494116 0.999463081
1696504102.135000 -0.352231771 0.132654235 6.677668095 -0.002338549 -0.032884296 0.000582565 0.999456286
1696504102.531000 -0.361114085 0.134937257 6.798879623 -0.001204600 -0.033183537 0.000988417 0.999448061
1696504102.931000 -0.371090531 0.136705503 6.919199467 -0.001574105 -0.032715335 0.000992949 0.999462962
1696504103.330000 -0.379592091 0.139453396 7.037311554 -0.001175510 -0.033176359 0.001314227 0.999448001
1696504103.735000 -0.387382895 0.141452610 7.154882431 -0.001612816 -0.033583969 0.001437840 0.999433577
1696504104.228000 -0.398630649 0.142895907 7.296998501 -0.004042848 -0.033627849 0.001866188 0.999424517
1696504104.674000 -0.407359749 0.147098050 7.419255257 0.000364856 -0.033543836 0.000579168 0.999437034
1696504105.064000 -0.415198177 0.149258241 7.525377274 -0.003094065 -0.033908367 0.002795305 0.999416232
1696504105.568000 -0.425350100 0.151924819 7.668410778 -0.001083156 -0.034115739 0.002035595 0.999415219
1696504106.067000 -0.435694367 0.154459089 7.815942287 -0.000218579 -0.034502733 0.001720030 0.999403119
1696504106.569000 -0.446309566 0.156961039 7.968342781 -0.000309322 -0.034926057 0.001375420 0.999388933
1696504107.073000 -0.459089428 0.159846425 8.130188942 -0.002400698 -0.034770105 0.001460662 0.999391437
1696504107.766000 -0.473302960 0.165269256 8.346107483 -0.003802169 -0.035756435 0.002761286 0.999349535
1696504108.370000 -0.488783091 0.168761015 8.532479286 -0.002375426 -0.035684511 0.001705533 0.999358833
1696504109.067000 -0.502038300 0.172293097 8.739521980 -0.001814519 -0.022887493 -0.000712726 0.999736130
1696504109.672000 -0.511017740 0.176246464 8.919349670 -0.001203199 -0.022795502 0.001618597 0.999738157
1696504110.271000 -0.520370305 0.179001108 9.099001884 -0.002783456 -0.023045365 0.001862934 0.999728858
1696504110.873000 -0.530430555 0.182963163 9.278002739 -0.002201769 -0.023168730 0.002281139 0.999726534
1696504111.565000 -0.541619062 0.188536167 9.494845390 -0.002755021 -0.023471540 0.001349982 0.999719799
1696504112.167000 -0.551485479 0.192382976 9.686620712 -0.001558682 -0.023799838 0.002620755 0.999712110
1696504112.663000 -0.560700119 0.195455834 9.840808868 -0.001356340 -0.023645543 0.002354539 0.999716759
1696504113.262000 -0.570927441 0.198942021 10.026140213 -0.001657533 -0.023878897 0.001961852 0.999711573
1696504113.960000 -0.582069576 0.203434959 10.239146233 -0.003333509 -0.024027912 0.002455753 0.999702752
1696504114.661000 -0.593119442 0.208448425 10.443808556 -0.002970567 -0.024357678 0.001830337 0.999697208
1696504115.265000 -0.601999998 0.211612388 10.616164207 -0.001381619 -0.024632486 0.002303512 0.999692976
1696504115.870000 -0.611759484 0.215080500 10.779077530 -0.006509302 -0.024626750 0.002053528 0.999673426
1696504116.662000 -0.621951103 0.218624339 10.958537102 0.000428713 -0.024773201 0.002152441 0.999690711
1696504117.167000 -0.628371656 0.220689595 11.077953339 -0.003497978 -0.025112007 0.002378053 0.999675691
1696504117.769000 -0.635342836 0.224071115 11.216349602 -0.000643744 -0.025513595 0.002781298 0.999670386
1696504118.273000 -0.642226994 0.225977600 11.331644058 0.002287908 -0.025516730 0.002793155 0.999667883
1696504118.774000 -0.634739518 0.227700755 11.437097549 -0.004436458 0.046011008 -0.003647479 0.998924434
1696504119.373000 -0.620143175 0.231109604 11.557598114 -0.006319665 0.056189440 -0.000833638 0.998399794
1696504119.987000 -0.595642686 0.232844397 11.661833763 -0.004089293 0.126334533 -0.001003160 0.991978824
1696504120.586000 -0.555272222 0.235073209 11.754979134 0.001468427 0.209394246 -0.004509702 0.977819800
1696504121.201000 -0.502102613 0.236332729 11.837104797 -0.004435718 0.288028717 -0.006997292 0.957585931
1696504121.801000 -0.441508651 0.237952784 11.921256065 -0.003864890 0.303903461 -0.002915409 0.952690542
1696504122.423000 -0.370221853 0.239831939 12.007516861 -0.001607728 0.354374021 -0.011525732 0.935031414
1696504123.011000 -0.296548605 0.241427660 12.086259842 -0.000120444 0.364948988 -0.011823809 0.930952430
1696504123.557000 -0.221558809 0.242278248 12.153813362 -0.003967630 0.421970069 -0.016404204 0.906452656
1696504124.228000 -0.121925831 0.241606712 12.217618942 0.001075011 0.506550133 -0.016888481 0.862044454
1696504125.046000 0.008858681 0.239807993 12.266138077 0.002527538 0.602861464 -0.012487233 0.797744155
1696504125.895000 0.147431374 0.238227338 12.292304993 0.009555644 0.642073035 -0.010105619 0.766517341
1696504126.508000 0.289669991 0.237484634 12.318080902 0.009625236 0.641487956 -0.009333678 0.767015934
1696504127.125000 0.466384888 0.235934764 12.351626396 0.007784418 0.640595138 -0.008656836 0.767790616
1696504127.925000 0.705332756 0.234758556 12.396427155 0.003220305 0.649537921 -0.012801448 0.760214686
1696504128.563000 0.888978958 0.233944401 12.424228668 0.004289082 0.657505751 -0.012098460 0.753340244
1696504129.417000 1.132999420 0.231314674 12.456937790 0.001247738 0.664938927 -0.013700891 0.746771097
1696504130.307000 1.377720833 0.230034664 12.480987549 0.002041112 0.683463395 -0.014489938 0.729838192
1696504131.187000 1.620379448 0.226424277 12.498051643 0.002642150 0.682794273 -0.013510589 0.730480969
1696504132.058000 1.863624573 0.225293040 12.518809319 0.002345487 0.682883739 -0.013274293 0.730402708
1696504132.918000 2.101568222 0.223336518 12.538764954 0.000825970 0.682685137 -0.014270907 0.730572879
1696504134.012000 2.384369850 0.220702171 12.559964180 0.004107912 0.680660486 -0.010561942 0.732511342
1696504134.890000 2.602146149 0.218976587 12.578783035 0.002576473 0.681018710 -0.013066960 0.732144952
1696504135.935000 2.871579170 0.217961848 12.599676132 0.001014368 0.680497110 -0.016430760 0.732565820
1696504136.769000 3.085666656 0.218266040 12.618106842 -0.007291652 0.680539966 -0.011238633 0.732588470
1696504137.602000 3.298081398 0.216129467 12.635860443 0.002501680 0.679740429 -0.016398221 0.733265162
1696504138.437000 3.503730297 0.212801397 12.654966354 -0.000697449 0.680718243 -0.015925083 0.732371867
1696504139.261000 3.713685513 0.212709159 12.671425819 -0.002860879 0.680529535 -0.014062498 0.732580125
1696504139.887000 3.863897324 0.211483806 12.682756424 0.001802415 0.687265098 -0.023466272 0.726025343
1696504140.738000 4.065712452 0.210409418 12.693836212 -0.001781155 0.688889205 -0.016552730 0.724675536
1696504141.386000 4.217096806 0.209025875 12.702791214 0.000238499 0.689044714 -0.020072183 0.724440753
1696504142.004000 4.369805336 0.208200425 12.712175369 -0.001525081 0.689071357 -0.018878313 0.724446058
1696504142.820000 4.571334362 0.206325978 12.725388527 -0.000324704 0.689139426 -0.018034186 0.724404335
1696504143.429000 4.723521233 0.206299394 12.732437134 -0.000780981 0.687930882 -0.018430846 0.725541830
1696504144.444000 4.974594593 0.203998119 12.747167587 -0.000054350 0.688411713 -0.015983554 0.725144029
1696504145.240000 5.183340549 0.204015568 12.761897087 0.000019721 0.689060807 -0.016786214 0.724509120
1696504145.839000 5.343140125 0.203534395 12.773916245 -0.001337547 0.689684212 -0.017312329 0.723902047
1696504146.638000 5.547511101 0.201964825 12.783452988 -0.001325083 0.689606905 -0.017636511 0.723967910
1696504147.228000 5.695725441 0.201538056 12.792991638 -0.000714891 0.690177858 -0.017377056 0.723430753
1696504147.840000 5.843034267 0.200133383 12.799057007 -0.000120433 0.696215212 -0.017592639 0.717617571
1696504148.237000 5.943832397 0.199224755 12.803358078 0.000986033 0.696239471 -0.017345799 0.717599332
1696504149.007000 6.129937172 0.197370157 12.809816360 -0.000074303 0.695952535 -0.017379666 0.717877448
1696504149.607000 6.277096748 0.195324033 12.813219070 -0.002374226 0.695432484 -0.017648371 0.718370795
1696504150.404000 6.468852043 0.194507346 12.817983627 -0.001620353 0.695169210 -0.017814562 0.718623638
1696504150.995000 6.598484516 0.193445876 12.821530342 -0.005593986 0.694918096 -0.013353897 0.718943119
1696504151.585000 6.689494133 0.192636102 12.826093674 -0.004688929 0.695267677 -0.014019088 0.718598902
1696504153.331000 6.857191563 0.193210125 12.824466705 0.000198485 0.729005933 -0.018343117 0.684261560
1696504154.259000 6.923048973 0.192787498 12.813449860 0.000239138 0.766686141 -0.018286915 0.641761601
1696504155.023000 6.972259521 0.191532165 12.799080849 0.007558077 0.792343020 -0.019820252 0.609707057
1696504156.225000 7.035770416 0.190960392 12.773679733 0.006778362 0.826699317 -0.019924052 0.562250257
1696504157.048000 7.073242188 0.190234512 12.754182816 0.010310194 0.845217764 -0.012037634 0.534186959
1696504158.204000 7.127614975 0.189302072 12.718452454 0.006335159 0.876540959 -0.012553161 0.481121838
1696504159.111000 7.191129684 0.188388437 12.672670364 0.009338392 0.881270349 -0.013299624 0.472333074
1696504160.215000 7.324894905 0.187158674 12.591284752 0.004411048 0.868427873 -0.019745441 0.495402545
1696504161.085000 7.464282036 0.182540819 12.504701614 -0.002210638 0.878840625 -0.016573969 0.476822406
1696504162.051000 7.588766098 0.178521171 12.394701958 0.002566789 0.934277117 -0.024347823 0.355706215
1696504162.798000 7.658668518 0.174119473 12.301137924 0.010501781 0.950187802 -0.020444371 0.310829401
1696504163.525000 7.726266861 0.169481397 12.197875977 -0.000136640 0.967443407 -0.020708347 0.252238840
1696504163.981000 7.755889893 0.166599721 12.127604485 -0.001434299 0.980620980 -0.027617045 0.193952963
1696504164.655000 7.786081314 0.163786620 12.020461082 -0.005919817 0.994463146 -0.018123360 0.103341959
1696504166.365000 7.825998306 0.158631682 11.677700043 0.001239757 0.999500453 -0.013395362 0.028600197
1696504167.113000 7.837553978 0.154701263 11.486955643 0.002722175 0.999426901 -0.018957641 0.027912747
1696504168.183000 7.853463173 0.147237644 11.214377403 0.001816422 0.999437630 -0.018284883 0.028049350
1696504169.068000 7.868229866 0.143811703 10.980698586 0.002259198 0.999369144 -0.021852445 0.027904782
1696504169.838000 7.880951881 0.138642937 10.788664818 0.002425426 0.999430776 -0.019478546 0.027439110
1696504170.504000 7.892819405 0.134727195 10.601161003 0.003734960 0.999406934 -0.020885369 0.027122471
1696504171.179000 7.905148506 0.129441798 10.404832840 0.001481803 0.999492109 -0.016841039 0.027014663
1696504171.615000 7.912479401 0.126625031 10.275596619 0.001797667 0.999446034 -0.019331977 0.027031045
1696504172.279000 7.922166824 0.122285753 10.086129189 0.001739567 0.999449968 -0.018760426 0.027291745
1696504172.919000 7.937417030 0.118704602 9.877657890 0.002382465 0.999427497 -0.021149941 0.026299978
1696504173.571000 7.952056885 0.111607179 9.630614281 0.003443736 0.999475539 -0.018340558 0.026465287
1696504174.220000 7.965785980 0.105036005 9.381418228 0.000641466 0.999497890 -0.017504718 0.026402991
1696504174.872000 7.978342056 0.099519908 9.138671875 0.001157173 0.999471188 -0.018595394 0.026649991
1696504175.521000 7.991269112 0.094156280 8.906418800 0.001184720 0.999482214 -0.018391313 0.026377426
1696504176.162000 8.005047798 0.089725092 8.680541039 0.001960161 0.999481678 -0.019078081 0.025856171
1696504176.787000 8.017553329 0.084136814 8.464069366 0.001695892 0.999484360 -0.018964769 0.025856517
1696504177.403000 8.028363228 0.079004839 8.256761551 0.000369397 0.999474227 -0.018722085 0.026470136
1696504178.024000 8.040959358 0.073869288 8.057559967 0.000647703 0.999501526 -0.017694788 0.026138227
1696504178.632000 8.052236557 0.070190355 7.860360622 0.000749537 0.999499500 -0.018070742 0.025955187
1696504179.449000 8.068690300 0.064182907 7.606163979 0.002492527 0.999474347 -0.020532316 0.024964431
1696504179.865000 8.074902534 0.061478332 7.482105255 0.000352996 0.999533117 -0.017110055 0.025311857
1696504180.470000 8.086292267 0.058022022 7.300440788 -0.000203721 0.999508679 -0.018891944 0.025009651
1696504181.066000 8.094099998 0.056419566 7.123334408 0.000092107 0.999502838 -0.018843619 0.025278991
1696504182.069000 8.113549232 0.045145079 6.799616814 0.001691446 0.999479592 -0.020718144 0.024666293
1696504182.661000 8.125631332 0.037631527 6.563354969 0.000905717 0.999479175 -0.020087946 0.025239199
1696504183.060000 8.137031555 0.034615844 6.382670403 -0.000765942 0.999427378 -0.023271687 0.024550974
1696504183.458000 8.147101402 0.031746231 6.200372696 0.000230789 0.999601722 -0.013124223 0.024981469
1696504184.030000 8.161217690 0.025617510 5.933583736 0.002172691 0.999507010 -0.018826446 0.025032118
1696504184.427000 8.171504021 0.020915113 5.756353855 0.001977082 0.999572933 -0.016342688 0.024145378
1696504185.009000 8.187671661 0.013253793 5.498186588 0.001009302 0.999582708 -0.017012600 0.023322685
1696504185.578000 8.198779106 0.010718361 5.251712322 -0.000368609 0.999506176 -0.021274829 0.023122307
1696504185.962000 8.206330299 0.006330699 5.089090347 -0.002705926 0.999591649 -0.016467931 0.023195414
1696504186.527000 8.214223862 0.001224771 4.857624054 -0.000220975 0.999611795 -0.016012618 0.022799179
1696504187.089000 8.229522705 -0.003557086 4.631089211 -0.003562906 0.999627054 -0.016502943 0.021465512
1696504187.831000 8.245960236 -0.009286731 4.342036724 -0.002905982 0.999644995 -0.017164998 0.020169368
1696504188.198000 8.258825302 -0.010556536 4.199078083 0.005072287 0.997837067 -0.017425913 0.063181087
1696504188.810000 8.289752007 -0.016947165 3.978729486 -0.002970824 0.997442961 -0.017191241 0.069305420
1696504189.208000 8.308730125 -0.019942284 3.836646318 -0.002762018 0.997843504 -0.017600795 0.063174449
1696504189.593000 8.323959351 -0.022259459 3.697112083 -0.007560203 0.998894334 -0.017139491 0.043118276
1696504189.960000 8.336468697 -0.025621027 3.565739632 -0.004182962 0.999225557 -0.017648894 0.034919567
1696504190.329000 8.346519470 -0.028942451 3.435375452 -0.002958231 0.999262691 -0.016429057 0.034575496
1696504190.696000 8.355597496 -0.031664208 3.305726528 -0.002920230 0.999246836 -0.017000604 0.034758747
1696504191.072000 8.366016388 -0.034016579 3.172070265 -0.003314509 0.999247849 -0.016887812 0.034750566
1696504191.615000 8.379668236 -0.036735132 2.982523441 -0.004963482 0.999319196 -0.016731204 0.032504529
1696504192.155000 8.390947342 -0.040206283 2.795505524 -0.004761085 0.999527693 -0.018837264 0.023808548
1696504192.687000 8.401881218 -0.043674424 2.596102476 -0.004956788 0.999594271 -0.015818536 0.023164306
1696504193.400000 8.413774490 -0.048764020 2.336743116 -0.004391695 0.999628127 -0.013676492 0.023180041
1696504193.928000 8.423960686 -0.051457152 2.164938927 -0.004999068 0.999666750 -0.012952613 0.021762663
1696504194.448000 8.430785179 -0.054371610 1.989631772 -0.005939362 0.999559820 -0.018576074 0.022357708
1696504194.998000 8.442460060 -0.056305692 1.812632918 -0.005759594 0.999592006 -0.018062834 0.021365155
1696504195.336000 8.420635223 -0.065619230 1.762308598 -0.006481990 0.999575734 -0.015286268 0.023931177
1696504195.846000 8.455771446 -0.062281348 1.510670185 -0.004503744 0.999610960 -0.018123724 0.020716893
1696504196.359000 8.463654518 -0.065870598 1.322777987 -0.001549765 0.999590456 -0.018817121 0.021503910
1696504196.874000 8.473316193 -0.070043996 1.146956086 -0.004671760 0.999656320 -0.014157472 0.021564614
1696504197.378000 8.483017921 -0.074321024 0.959337473 -0.004866274 0.999551892 -0.020402247 0.021356363
1696504197.887000 8.491532326 -0.078015298 0.763612151 -0.004305638 0.999607861 -0.017148122 0.021713816
1696504198.562000 8.507135391 -0.083798788 0.507647336 -0.003326949 0.999620378 -0.017532809 0.020991158
1696504199.058000 8.516420364 -0.086966634 0.323605299 -0.004485553 0.999594450 -0.018704686 0.021000728
1696504199.719000 8.526775360 -0.090425536 0.113744199 -0.008146067 0.999723494 -0.007171494 0.020861447
1696504200.214000 8.531064987 -0.092933476 -0.010061097 0.011566930 -0.999779105 0.017547708 0.000135470
1696504200.952000 8.512767792 -0.095715508 -0.154644966 -0.000549652 -0.997158587 0.011389514 0.074463509
1696504202.195000 8.486585617 -0.097163133 -0.249796391 0.000237882 -0.989636064 0.018202228 0.142439678
1696504203.151000 8.457696915 -0.098485932 -0.313196659 -0.004185392 -0.978926063 0.016698528 0.203488052
1696504203.935000 8.432571411 -0.098338574 -0.356093407 -0.003618297 -0.969557285 0.014343727 0.244417429
1696504204.583000 8.408586502 -0.099175587 -0.390273571 -0.005269347 -0.960161924 0.012604492 0.279110044
1696504205.217000 8.386964798 -0.099412836 -0.422665596 -0.004375275 -0.957692921 0.013302660 0.287451237
1696504207.054000 8.376728058 -0.099644162 -0.438079834 -0.003369602 -0.957495093 0.014760097 0.288051933
1696504208.734000 8.421499252 -0.099062309 -0.369084358 -0.007214454 -0.946351886 0.011230160 0.322862178
1696504209.081000 8.447386742 -0.098611616 -0.335182190 -0.002214433 -0.946436226 0.015705325 0.322501034
1696504209.551000 8.481894493 -0.097505763 -0.291970253 -0.004167751 -0.953073740 0.020923523 0.301985741
1696504210.035000 8.513456345 -0.097211063 -0.246375084 -0.002291979 -0.955602229 0.017306890 0.294142216
1696504210.623000 8.548535347 -0.095881432 -0.189757347 -0.003966816 -0.938696802 0.020829640 0.344091296
1696504211.184000 8.581717491 -0.095028341 -0.149056435 0.003022697 -0.934229255 0.029029839 0.355476856
1696504212.291000 8.582346916 -0.094574064 -0.146436691 0.001821143 -0.929882109 0.024604553 0.367029488
1696504212.836000 8.549397469 -0.095529467 -0.173346519 0.000537816 -0.914059281 0.022636326 0.404948056
1696504213.384000 8.491038322 -0.096603706 -0.213434219 0.001358976 -0.885947049 0.014975653 0.463542581
1696504214.002000 8.390771866 -0.097773135 -0.277254105 0.001436703 -0.875785291 0.019515458 0.482304096
1696504214.603000 8.250894547 -0.099378332 -0.338863373 0.008615617 -0.823916078 0.014349390 0.566464603
1696504215.204000 8.069911957 -0.100636810 -0.395031929 0.017489765 -0.776689291 0.000350288 0.629640937
1696504215.703000 7.896854877 -0.100686654 -0.430234909 0.007507971 -0.771932006 0.011989604 0.635547698
1696504216.205000 7.685910225 -0.101935461 -0.451950550 0.014382249 -0.720017374 0.004054971 0.693795145
1696504216.636000 7.485209465 -0.102790006 -0.461402893 0.008051672 -0.719774544 0.010191960 0.694086373
1696504217.149000 7.227733135 -0.103213713 -0.471834660 0.008093242 -0.719687521 0.007750814 0.694207668
1696504217.537000 7.032283306 -0.104893863 -0.481054783 0.005587392 -0.719206631 0.008277167 0.694724560
1696504217.941000 6.829336643 -0.106026039 -0.489030838 0.005929239 -0.719002128 0.007799078 0.694938898
1696504218.344000 6.629576683 -0.106901929 -0.496455193 0.007740058 -0.718541622 0.008018616 0.695394695
1696504218.737000 6.437601566 -0.107496157 -0.504813194 0.006913822 -0.718284070 0.009003589 0.695657372
1696504219.149000 6.239932537 -0.109093912 -0.513282299 0.005534943 -0.718215287 0.009878784 0.695728898
1696504219.540000 6.054958344 -0.111128613 -0.523638725 0.006552861 -0.724010527 0.015217843 0.689589918
1696504220.050000 5.823651314 -0.113480270 -0.538496494 0.004707749 -0.723598242 0.010355299 0.690127671
1696504220.446000 5.644258499 -0.112462975 -0.547212124 0.005737584 -0.723639011 0.010503386 0.690074921
1696504221.241000 5.273618221 -0.115528606 -0.568067074 0.006610924 -0.723608673 0.009145579 0.690118313
1696504222.046000 4.910756588 -0.117831022 -0.584728241 0.011049931 -0.723651588 0.015478015 0.689903378
1696504222.344000 4.780372143 -0.119673394 -0.591149330 0.002773658 -0.723401487 0.004813195 0.690405309
1696504222.937000 4.521832466 -0.122378506 -0.605386734 0.002560501 -0.722819626 0.015660014 0.690854549
1696504223.243000 4.392811298 -0.123947710 -0.611130238 -0.000347106 -0.723422170 0.009169239 0.690344989
1696504223.738000 4.186164379 -0.125060543 -0.622307777 0.010354477 -0.722885370 0.009306766 0.690827787
1696504224.237000 3.987949610 -0.126608968 -0.631778240 0.004299305 -0.722725689 0.007921925 0.691076219
1696504224.840000 3.799636364 -0.127111703 -0.641212702 0.008150356 -0.722458959 0.009935502 0.691294372
1696504225.438000 3.608615398 -0.128912807 -0.652202845 0.010377931 -0.721845806 0.011914454 0.691873550
1696504225.838000 3.465375662 -0.130687311 -0.658608437 0.006911121 -0.721770227 0.010242058 0.692022443
1696504226.143000 3.343357086 -0.132303536 -0.665343046 0.005163731 -0.721732736 0.013170699 0.692027271
1696504226.541000 3.179352522 -0.133171916 -0.672639132 0.004438457 -0.721693337 0.011329268 0.692105949
1696504226.849000 3.053398609 -0.133688375 -0.677799463 0.004636562 -0.721641660 0.011374869 0.692157924
1696504227.345000 2.853341579 -0.134642154 -0.687664032 0.004315417 -0.721394420 0.011835730 0.692409873
1696504227.736000 2.695981026 -0.136814594 -0.695603371 0.004418903 -0.721123338 0.012042182 0.692688048
1696504228.141000 2.546089649 -0.138870925 -0.701054335 0.006104491 -0.720858157 0.011948078 0.692952812
