1696503500.457000 0.000000000 0.000000000 0.000000000 -0.000000000 -0.000000000 -0.000000000 1.000000000
1696503500.681000 -0.000384596 0.000702511 0.035388537 -0.000481612 -0.000018325 0.000150104 0.999999881
1696503501.111000 -0.000713529 0.001813822 0.114321351 0.001641526 -0.000258015 0.000223706 0.999998629
1696503501.425000 -0.001436446 0.001602472 0.174167022 0.004788094 -0.000233164 0.000532967 0.999988377
1696503501.637000 -0.001761115 0.001308448 0.214849591 0.009092184 -0.000357622 -0.000045394 0.999958634
1696503501.836000 -0.002062902 0.002486383 0.251582086 0.006133316 -0.000365278 -0.000089300 0.999981165
1696503502.049000 -0.002115550 0.003885975 0.290426493 -0.002137467 -0.000399833 -0.000866068 0.999997258
1696503502.393000 -0.002487674 0.004464933 0.352277786 0.000322306 -0.000549482 -0.000429923 0.999999702
1696503502.705000 -0.002993354 0.005313335 0.407492310 0.001377480 -0.000611560 -0.000430406 0.999998808
1696503503.028000 -0.003526830 0.005991916 0.464891225 0.001353552 -0.000587406 -0.000357416 0.999998868
1696503503.339000 -0.003775061 0.006149450 0.519148231 0.001464323 -0.000773354 0.000022031 0.999998629
1696503503.766000 -0.004615895 0.006800767 0.598822832 0.004540355 -0.000876762 0.000367372 0.999989271
1696503504.206000 -0.005512661 0.008214109 0.700605989 0.003832022 -0.001012669 0.000218823 0.999992132
1696503504.656000 -0.006385222 0.010200980 0.819552302 0.000971958 -0.001237967 0.000217124 0.999998748
1696503505.202000 -0.008462066 0.012842510 0.964025378 -0.000448527 -0.001144474 0.000363040 0.999999166
1696503505.776000 -0.009400749 0.014868342 1.112630129 0.001419483 -0.001117397 -0.001637632 0.999997020
1696503506.339000 -0.009912447 0.016847808 1.267602921 0.001777606 -0.001306768 -0.001077185 0.999997020
1696503506.882000 -0.009474913 0.019145653 1.423532844 0.002294196 -0.001958677 -0.000612655 0.999995291
1696503507.410000 -0.011473374 0.021680264 1.571908951 0.001783334 -0.002097363 -0.000634334 0.999996006
1696503507.987000 -0.011997691 0.023006225 1.731226206 0.001551512 -0.002483252 -0.000213972 0.999995708
1696503508.547000 -0.016961761 0.025962792 1.901222587 0.000773371 -0.002232207 0.000045037 0.999997199
1696503509.201000 -0.017637704 0.028719204 2.105201006 0.002838506 -0.003195735 -0.003891763 0.999983311
1696503509.815000 -0.018946717 0.031265907 2.306537867 0.001863674 -0.003522025 -0.002341152 0.999989331
1696503510.443000 -0.020507710 0.034174353 2.501782417 0.000896671 -0.003960027 -0.001989363 0.999989808
1696503511.261000 -0.027499054 0.036280014 2.750346661 0.004555082 -0.003676081 -0.002136277 0.999980569
1696503511.920000 -0.024373388 0.039616443 2.936500788 0.001827108 -0.004883742 -0.002474240 0.999983370
1696503512.515000 -0.039591305 0.041899014 3.106785297 0.001461048 -0.037808593 0.002264115 0.999281347
1696503513.130000 -0.056112546 0.043849885 3.274315119 0.001872930 -0.037427701 -0.000592101 0.999297440
1696503513.840000 -0.073418669 0.046839822 3.491084576 0.001158845 -0.037818864 -0.001611715 0.999282658
1696503514.566000 -0.093824148 0.050414264 3.728734016 -0.000293643 -0.038055025 -0.000186060 0.999275565
1696503515.201000 -0.112321720 0.051072542 3.944904327 0.007502606 -0.038339287 0.001426478 0.999235570
1696503515.492000 -0.121025063 0.053886477 4.046717167 -0.003468682 -0.038834479 -0.000285595 0.999239624
1696503515.890000 -0.133313596 0.056105468 4.186549664 0.002836186 -0.038617808 -0.000828159 0.999249756
1696503516.294000 -0.144466683 0.057984453 4.323624611 0.001504572 -0.039143916 -0.000984340 0.999231994
1696503516.627000 -0.155367270 0.058298592 4.433640480 0.003970208 -0.038807709 -0.004420659 0.999229074
1696503516.929000 -0.163305774 0.059597559 4.534136772 0.002059740 -0.038885057 -0.002797369 0.999237657
1696503517.223000 -0.170847923 0.061180640 4.630179882 -0.000188816 -0.039073240 0.000501207 0.999236226
1696503517.628000 -0.181804985 0.064431272 4.762583256 -0.004694580 -0.039459061 0.000711134 0.999209940
1696503518.031000 -0.192740962 0.064049840 4.888315201 0.005162198 -0.039676856 -0.000094897 0.999199212
1696503518.431000 -0.203268901 0.067262024 5.011603832 0.000340139 -0.039594796 -0.002037487 0.999213696
1696503518.842000 -0.213344797 0.069268554 5.137202740 -0.000859878 -0.039869737 -0.000156709 0.999204516
1696503519.337000 -0.226571575 0.070430428 5.285628796 0.001864711 -0.039911523 0.000115803 0.999201477
1696503519.759000 -0.238242194 0.072216898 5.404438972 0.001559383 -0.039844904 0.001030035 0.999204099
1696503520.160000 -0.249332294 0.074182041 5.525157452 0.001918938 -0.039787892 0.001226593 0.999205530
1696503520.559000 -0.258802861 0.076225013 5.638309479 -0.000054299 -0.040222928 0.001524077 0.999189556
1696503520.962000 -0.268343687 0.077351488 5.755051613 0.001755827 -0.040741064 0.000386116 0.999168158
1696503521.387000 -0.279735029 0.079415753 5.874752522 0.000440344 -0.040869296 0.002931933 0.999160111
1696503521.783000 -0.291265339 0.081483766 5.988646507 0.001534941 -0.040775713 0.001399357 0.999166191
1696503522.193000 -0.300605029 0.082448803 6.103170872 0.002222749 -0.041096572 0.001573310 0.999151468
1696503522.612000 -0.310497999 0.083503261 6.208280563 0.002153935 -0.041198649 0.001362715 0.999147773
1696503523.008000 -0.320614040 0.084589534 6.324090481 0.004934262 -0.041378565 0.001537261 0.999130189
1696503523.516000 -0.333618909 0.087697424 6.477116585 -0.000933404 -0.040733103 0.000964730 0.999169171
1696503524.013000 -0.342774868 0.090282865 6.622402668 -0.000142661 -0.030003441 0.001036404 0.999549270
1696503524.720000 -0.337519705 0.092752881 6.826515198 0.002349561 0.010679516 0.001562177 0.999939024
1696503525.225000 -0.334759951 0.093978107 6.982419014 0.004925249 0.010044291 0.000590506 0.999937236
1696503525.836000 -0.331907719 0.098482549 7.193507671 -0.001139948 0.009873955 0.001025258 0.999950111
1696503526.376000 -0.330864161 0.100164153 7.378680229 -0.000731770 0.008015374 0.002780722 0.999963760
1696503526.892000 -0.345065534 0.102888383 7.551545620 0.002152917 -0.026128128 0.000739497 0.999656022
1696503527.380000 -0.356959313 0.103636779 7.714905739 0.001355033 -0.025717750 0.001302900 0.999667525
1696503527.917000 -0.365851194 0.106967188 7.880247116 0.000497045 -0.026324477 0.001688823 0.999651909
1696503528.546000 -0.376637340 0.109273620 8.078678131 0.002352568 -0.026815400 0.001775089 0.999636054
1696503529.152000 -0.387974083 0.112345509 8.263395309 0.000754270 -0.026890848 0.001227461 0.999637365
1696503529.647000 -0.396128088 0.113978885 8.411687851 0.001524783 -0.027335901 0.001652537 0.999623775
1696503530.055000 -0.403762728 0.115539417 8.532717705 0.001467525 -0.027645683 0.001732561 0.999615252
1696503530.463000 -0.410728246 0.118263870 8.647748947 -0.000124390 -0.027906483 0.002046879 0.999608457
1696503530.867000 -0.418127239 0.119928449 8.766121864 -0.000651661 -0.028132861 0.002983828 0.999599576
1696503531.481000 -0.425747186 0.121334642 8.914175987 0.000556773 -0.019031756 -0.000224836 0.999818683
1696503531.878000 -0.404397935 0.124522172 9.002676010 -0.005661095 0.065823644 -0.007010944 0.997790575
1696503532.331000 -0.382482797 0.124036960 9.100711823 0.000267372 0.099925652 -0.005355905 0.994980454
1696503532.741000 -0.339378178 0.124542952 9.178912163 0.002985243 0.188557222 -0.009877292 0.982008040
1696503533.139000 -0.283466935 0.126607060 9.250663757 -0.002505106 0.267482519 -0.007490406 0.963530362
1696503533.561000 -0.235685170 0.127989337 9.330575943 0.000608483 0.267784357 -0.004262288 0.963469267
1696503534.072000 -0.170160532 0.129360288 9.442036629 0.000074193 0.267500460 -0.008793400 0.963517666
1696503534.508000 -0.098469615 0.130051047 9.520530701 0.002314090 0.340728998 -0.017549247 0.939994931
1696503535.042000 -0.005626678 0.126670465 9.581450462 0.007231596 0.442490041 -0.019213051 0.896538436
1696503535.576000 0.106656075 0.125700682 9.626346588 0.004895140 0.531663001 -0.012439987 0.846850514
1696503535.992000 0.195485592 0.126089945 9.668560028 0.004782530 0.532894075 -0.009174845 0.846118689
1696503536.514000 0.299817562 0.124634825 9.691259384 -0.000265188 0.606986642 -0.019294346 0.794477820
1696503537.337000 0.422005653 0.123492904 9.697500229 0.002869605 0.672987282 -0.013305065 0.739528775
1696503538.009000 0.553256035 0.122773290 9.710535049 0.002507313 0.675691366 -0.014324837 0.737041175
1696503538.774000 0.690530777 0.121750213 9.715207100 -0.000109792 0.697960198 -0.017501762 0.715922654
1696503539.345000 0.784541130 0.120332912 9.711162567 0.003647400 0.715195715 -0.014509773 0.698764086
1696503540.090000 0.927934647 0.119089410 9.708184242 0.003424943 0.715525329 -0.014787150 0.698421896
1696503540.662000 1.045966148 0.118052885 9.707578659 0.005323288 0.711430490 -0.012029671 0.702633440
1696503541.393000 1.199676514 0.116795555 9.708034515 0.006172595 0.706986666 -0.011601659 0.707104802
1696503541.940000 1.323780060 0.115581535 9.708700180 0.005809334 0.706441760 -0.011083299 0.707660556
1696503542.745000 1.515544415 0.113803536 9.716978073 0.007232771 0.697094619 -0.011762043 0.716846228
1696503543.375000 1.674337864 0.113010265 9.721728325 0.004018668 0.696374595 -0.011073411 0.717581809
1696503544.195000 1.883560181 0.111218594 9.744400024 0.002649183 0.677156925 -0.010406604 0.735760272
1696503545.041000 2.097833157 0.109523572 9.764789581 0.004777715 0.676496923 -0.015160909 0.736273885
1696503545.879000 2.327470303 0.106295355 9.786581039 0.002883571 0.676489949 -0.018426087 0.736215711
1696503546.708000 2.558475494 0.105325148 9.809288979 0.003957429 0.677349091 -0.018804343 0.735410750
1696503547.584000 2.782605171 0.102747537 9.817111969 0.000930743 0.700805545 -0.016615061 0.713158309
1696503548.676000 3.071909428 0.098088890 9.825088501 0.002851860 0.701424897 -0.019113364 0.712481380
1696503549.345000 3.247639656 0.099873513 9.828193665 -0.002306641 0.701717019 -0.015179862 0.712290287
1696503550.424000 3.528377056 0.095856585 9.836509705 0.003062057 0.702040195 -0.014253700 0.711988091
1696503551.278000 3.744633675 0.094088867 9.843112946 0.003771926 0.701883018 -0.014586990 0.712132871
1696503552.136000 3.963053226 0.092143193 9.845917702 0.000169284 0.702179134 -0.013382695 0.711874604
1696503553.093000 4.205914021 0.088653833 9.865734100 0.001354613 0.678242803 -0.014492445 0.734693706
1696503553.501000 4.308156967 0.088397004 9.877355576 0.001351660 0.679161727 -0.014109688 0.733851790
1696503554.085000 4.453413486 0.087208152 9.887855530 0.002072045 0.680592418 -0.014339993 0.732518971
1696503554.543000 4.550974846 0.086794384 9.888856888 0.001755709 0.697572768 -0.014576493 0.716363609
1696503555.142000 4.697036266 0.085963666 9.894287109 0.000677969 0.698318481 -0.014285448 0.715644300
1696503555.549000 4.793682098 0.084720716 9.897722244 0.001101387 0.698488057 -0.015083644 0.715461910
1696503555.966000 4.886436939 0.084474705 9.893485069 -0.001723173 0.725568891 -0.018221481 0.687906086
1696503556.369000 4.968440533 0.083397299 9.882196426 -0.003054073 0.750593543 -0.018925561 0.660486042
1696503556.899000 5.069622040 0.084737197 9.867717743 -0.001636880 0.757577717 -0.011132368 0.652647972
1696503557.613000 5.173044205 0.083090037 9.854046822 0.003686670 0.758543670 -0.014791866 0.651443899
1696503558.160000 5.248754025 0.080540031 9.838754654 0.009220810 0.765317738 -0.014680568 0.643419206
1696503558.769000 5.316035271 0.084282815 9.807064056 0.009700657 0.813239634 -0.010404288 0.581755161
1696503559.372000 5.385900497 0.081649721 9.778182030 0.011170038 0.816019714 -0.010244461 0.577825308
1696503560.011000 5.458467484 0.081375919 9.741726875 0.000679560 0.836639285 -0.012910358 0.547601700
1696503560.742000 5.525493622 0.078430504 9.700642586 0.000749930 0.858873248 -0.017570559 0.511886179
1696503561.781000 5.600936890 0.077332832 9.624424934 0.001648588 0.914387643 -0.015069534 0.404555917
1696503562.264000 5.628022194 0.076229289 9.581347466 0.008666107 0.936455250 -0.018374385 0.350198418
1696503562.762000 5.650677681 0.074809298 9.535750389 0.007032309 0.955149055 -0.019478239 0.295400590
1696503563.257000 5.668277740 0.073892862 9.487947464 0.010735722 0.970267773 -0.017956676 0.241128147
1696503563.961000 5.683483124 0.073305465 9.415731430 0.007435738 0.986896217 -0.014512214 0.160530359
1696503564.587000 5.687541008 0.070589393 9.343084335 0.005815996 0.996470332 -0.024740476 0.080005780
1696503565.364000 5.680384159 0.069684319 9.236830711 0.009973949 0.999799371 -0.015264063 0.008293791
1696503566.115000 5.691465855 0.066987187 9.104389191 0.017900201 0.998895705 -0.015371609 0.040628385
1696503566.732000 5.708174706 0.066491857 8.980636597 0.011753835 0.998591959 -0.012293672 0.050247978
1696503567.344000 5.722426891 0.064365193 8.845476151 0.006082550 0.998738408 -0.017314984 0.046741854
1696503567.896000 5.734206200 0.063352108 8.725919724 0.004577836 0.998777628 -0.014319848 0.047088221
1696503568.508000 5.749777317 0.060939118 8.582010269 0.004670330 0.998875618 -0.016365206 0.044248745
1696503569.098000 5.757252693 0.058231205 8.430938721 0.004902209 0.999347925 -0.014810571 0.032563519
1696503569.826000 5.770208836 0.056115806 8.267484665 0.008118239 0.999355555 -0.014350803 0.031885073
1696503570.463000 5.781291485 0.053027868 8.110066414 0.007551073 0.999343514 -0.014821743 0.032184482
1696503571.137000 5.794220924 0.050829709 7.941788673 0.005962867 0.999348998 -0.015164329 0.032187272
1696503571.758000 5.804056168 0.049403399 7.792984962 0.006460347 0.999343276 -0.014913098 0.032387793
1696503572.334000 5.813916206 0.046669044 7.659003735 0.006981684 0.999344349 -0.015082628 0.032166339
1696503573.015000 5.822941780 0.044307366 7.503018379 0.009731350 0.999294996 -0.014835618 0.033088308
1696503573.672000 5.833402634 0.040772013 7.352537155 0.008153251 0.999305069 -0.013934832 0.033596795
1696503574.292000 5.842548847 0.039351009 7.218232155 0.007626657 0.999266267 -0.014916576 0.034442246
1696503574.911000 5.852594852 0.037408661 7.086858273 0.008282592 0.999269962 -0.014408431 0.034399960
1696503575.549000 5.866638184 0.035806976 6.947762489 0.008677336 0.999314129 -0.014967721 0.032741189
1696503576.196000 5.876388550 0.033755850 6.813927174 0.010700962 0.999293506 -0.014690445 0.032896593
1696503576.824000 5.885756969 0.031401657 6.693924427 0.010252178 0.999293029 -0.015077873 0.032878187
1696503577.473000 5.897347450 0.029958613 6.567600250 0.008765426 0.999325454 -0.015150914 0.032283805
1696503578.106000 5.907138348 0.026946962 6.439585209 0.009463468 0.999308705 -0.016492108 0.031946901
1696503578.765000 5.917324543 0.025339758 6.308555126 0.010086419 0.999348521 -0.014531268 0.031459626
1696503579.552000 5.927862644 0.022898814 6.145994186 0.011500771 0.999331355 -0.013912665 0.031796012
1696503580.187000 5.938830853 0.021224890 6.016102314 0.011763956 0.999328315 -0.015811862 0.030896094
1696503580.807000 5.946801186 0.017703278 5.885403156 0.010408111 0.999331117 -0.015182219 0.031599190
1696503581.429000 5.955965519 0.016565703 5.759199619 0.010960711 0.999313533 -0.016699912 0.031200448
1696503582.704000 5.973364353 0.010852313 5.498752594 0.013309171 0.999318719 -0.014642004 0.031154532
1696503583.328000 5.982481480 0.008883771 5.366721630 0.012232581 0.999309301 -0.014286972 0.032049447
1696503583.730000 5.989611149 0.006803845 5.274790287 0.010877162 0.999311328 -0.015681233 0.031822298
1696503584.139000 5.996604919 0.004740365 5.181621552 0.008387207 0.999298573 -0.018227037 0.031620752
1696503584.551000 6.002923012 0.005073324 5.088166237 0.009957404 0.999399841 -0.009307530 0.031847257
1696503584.948000 6.009468079 0.002537653 4.996895313 0.012855042 0.999261439 -0.018428968 0.031173803
1696503585.546000 6.018343925 -0.000046956 4.865649223 0.014925277 0.999308884 -0.019262210 0.028071573
1696503586.146000 6.025227547 -0.002608400 4.738240242 0.015155398 0.999355733 -0.015061108 0.028838569
1696503586.737000 6.033660412 -0.002822705 4.612604141 0.012705179 0.999467671 -0.012074066 0.027516602
1696503587.344000 6.039927483 -0.005015932 4.490238190 0.016948938 0.999344826 -0.014510819 0.028498406
1696503588.109000 6.049984455 -0.008347906 4.332926750 0.012803313 0.999436438 -0.014858472 0.027243204
1696503588.879000 6.059909344 -0.011915766 4.183503151 0.013709193 0.999422550 -0.016241340 0.026510859
1696503589.655000 6.068697929 -0.013328433 4.031269073 0.015860021 0.999349415 -0.016066641 0.028125955
1696503590.422000 6.079106331 -0.014892504 3.868954897 0.013352184 0.999407351 -0.015178360 0.027862450
1696503590.981000 6.087025642 -0.017672611 3.740636110 0.013290952 0.999356091 -0.018361766 0.027815262
1696503591.739000 6.098734379 -0.020781733 3.559692621 0.014740628 0.999341130 -0.018854417 0.027285771
1696503592.109000 6.102599621 -0.021228150 3.465593100 0.016713070 0.999346793 -0.014918188 0.028357046
1696503592.487000 6.108870029 -0.022994272 3.373625755 0.014962825 0.999357641 -0.016546059 0.028048361
1696503593.079000 6.118995667 -0.025625806 3.236582756 0.013819187 0.999408662 -0.016369041 0.026897743
1696503593.630000 6.126758099 -0.028586835 3.102334738 0.014466500 0.999407232 -0.015557660 0.027091201
1696503594.199000 6.135163784 -0.031063683 2.963852406 0.015256422 0.999402761 -0.015442687 0.026887486
1696503594.756000 6.141310215 -0.033601344 2.828731060 0.017011942 0.999379516 -0.014566419 0.027186330
1696503595.318000 6.149874210 -0.035586551 2.698378086 0.014610968 0.999393523 -0.015585558 0.027500629
1696503595.872000 6.156302929 -0.037860297 2.570987701 0.014800622 0.999369264 -0.016264249 0.027884305
1696503596.233000 6.162082195 -0.039884798 2.485199928 0.014526985 0.999352455 -0.017988540 0.027570197
1696503596.783000 6.169867039 -0.041852713 2.353663445 0.015023096 0.999392807 -0.015410605 0.027401641
1696503597.142000 6.175786972 -0.043648228 2.270553112 0.015569557 0.999391973 -0.015914481 0.026834790
1696503597.493000 6.180819511 -0.043565780 2.187712908 0.017467706 0.999424756 -0.011189982 0.026829462
1696503598.024000 6.187474251 -0.046969652 2.055439711 0.013952563 0.999406338 -0.015503088 0.027422402
1696503598.375000 6.192281723 -0.047608748 1.968649745 0.013937946 0.999404848 -0.015937407 0.027232971
1696503598.905000 6.200641632 -0.050144166 1.841011643 0.014544259 0.999415994 -0.015317961 0.026859695
1696503599.430000 6.207865238 -0.052451201 1.716716170 0.014663024 0.999412119 -0.015856834 0.026627621
1696503599.948000 6.215063095 -0.054461621 1.595508575 0.016411914 0.999375224 -0.016931457 0.026327403
1696503600.475000 6.222611904 -0.056371301 1.476230025 0.014657501 0.999447942 -0.014487536 0.026060715
1696503600.989000 6.229365826 -0.057780765 1.361993074 0.014043207 0.999419630 -0.016615022 0.026213506
1696503601.501000 6.235790730 -0.060073085 1.250157595 0.014621281 0.999420941 -0.015841385 0.026326824
1696503602.347000 6.246835709 -0.063738167 1.069321990 0.015693029 0.999412358 -0.016149715 0.025843153
1696503602.879000 6.252392769 -0.065640226 0.975148320 0.015231865 0.999362826 -0.019244758 0.025915669
1696503603.364000 6.249108791 -0.066580035 0.893838286 -0.010340270 -0.999733984 0.015022299 0.014121693
1696503603.801000 6.224889755 -0.065664977 0.822987795 -0.015448403 -0.993680596 0.010332425 0.110695340
1696503604.185000 6.193073750 -0.064572908 0.766411781 -0.020080358 -0.980489612 0.011773816 0.195187792
1696503604.563000 6.155952454 -0.063303478 0.716197491 -0.021257913 -0.965248823 0.008592185 0.260324955
1696503605.103000 6.109025478 -0.063231878 0.642690659 -0.015624265 -0.960421205 0.017416768 0.277567357
1696503605.351000 6.078861237 -0.063035466 0.614066124 -0.009638691 -0.944723547 0.016176127 0.327326804
1696503605.692000 6.035137177 -0.062421698 0.581695557 -0.011730537 -0.920337856 0.015166915 0.390654117
1696503605.999000 5.991612911 -0.060851324 0.556931019 -0.007451812 -0.895022988 0.007023382 0.445902437
1696503606.212000 5.961605072 -0.059437711 0.544744492 -0.011522317 -0.876691103 0.001353254 0.480913848
1696503606.514000 5.917545795 -0.057925139 0.530575752 -0.005651566 -0.848119497 -0.003164570 0.529765368
1696503606.807000 5.874957085 -0.057034336 0.522180080 -0.004472627 -0.817995250 -0.001440002 0.575205803
1696503607.109000 5.829743385 -0.055646587 0.518198490 -0.003288984 -0.784500480 -0.005486465 0.620095193
1696503607.532000 5.770310879 -0.053933635 0.520242691 -0.004339765 -0.741074860 -0.004133555 0.671395659
1696503608.128000 5.682120323 -0.052069493 0.510759354 -0.005528256 -0.740560889 -0.001042280 0.671965837
1696503608.525000 5.614009857 -0.050070763 0.504174232 -0.005302436 -0.740747392 -0.001473003 0.671761155
1696503608.841000 5.554165840 -0.048471764 0.497937202 -0.004903022 -0.740796864 -0.001970487 0.671708345
1696503609.150000 5.484681606 -0.046430968 0.490581989 -0.003989143 -0.740776420 -0.002420930 0.671735466
1696503609.461000 5.413264275 -0.044305563 0.483074665 -0.003920041 -0.740984082 -0.002816214 0.671505332
1696503609.763000 5.331973553 -0.041598745 0.474427700 -0.004097091 -0.740923524 -0.002617757 0.671571791
1696503610.065000 5.248352528 -0.038267694 0.465811729 -0.007344514 -0.740908027 -0.004038929 0.671554208
1696503610.374000 5.165073395 -0.035520755 0.460986614 -0.006385455 -0.725213230 -0.009578710 0.688428104
1696503610.774000 5.057304859 -0.032344505 0.458808899 -0.005303136 -0.715920806 -0.002766024 0.698155880
1696503611.068000 4.978868008 -0.029758332 0.455981731 -0.005882243 -0.715549529 -0.004177926 0.698524833
1696503611.382000 4.897080421 -0.027328946 0.455233097 -0.005867192 -0.715832651 -0.004797538 0.698230743
1696503611.781000 4.793615341 -0.024847934 0.450622559 -0.006776326 -0.718227386 -0.003675237 0.695765734
1696503612.283000 4.667087078 -0.020401727 0.445187569 -0.008750914 -0.718249440 -0.002458757 0.695726335
1696503612.940000 4.509482384 -0.016643086 0.437975883 -0.007812751 -0.717721820 0.000656787 0.696285903
1696503613.444000 4.387742996 -0.013066497 0.433471203 -0.008110481 -0.717571974 0.000585028 0.696436882
1696503614.236000 4.201552868 -0.005806335 0.425631285 -0.011293218 -0.723876655 -0.000374422 0.689836860
1696503615.238000 3.975110531 -0.000424581 0.410982609 -0.009645971 -0.723471403 -0.003578880 0.690277696
1696503615.845000 3.835489750 0.003560709 0.403700113 -0.006293518 -0.723342121 0.000530996 0.690460920
1696503616.244000 3.746333599 0.006305482 0.399322510 -0.008848059 -0.723503113 -0.003688221 0.690254569
1696503616.745000 3.635259628 0.009170220 0.393550158 -0.007659699 -0.723241031 0.003873728 0.690542340
1696503617.045000 3.565968037 0.011526912 0.390234947 -0.011929553 -0.723647118 0.002914475 0.690060914
1696503617.534000 3.451795101 0.015706416 0.383228064 -0.015595187 -0.722753048 0.001722437 0.690928280
1696503617.940000 3.359015226 0.017820148 0.377339840 -0.009374996 -0.722440839 0.000828651 0.691368699
1696503618.441000 3.250022173 0.021564053 0.372187614 -0.010189078 -0.722296119 -0.000654613 0.691508532
1696503619.151000 3.100092411 0.026341274 0.359526396 -0.015515046 -0.735035956 0.001198193 0.677849531
1696503619.542000 3.016822577 0.028942227 0.351733923 -0.010431108 -0.734973729 0.001284404 0.678014159
1696503620.143000 2.890687704 0.031751599 0.340759516 -0.009710620 -0.734828472 0.002609509 0.678178430
1696503620.442000 2.827917576 0.033721514 0.335480213 -0.012190761 -0.734754801 -0.000021625 0.678223252
1696503620.943000 2.722766638 0.036599964 0.326488495 -0.012458104 -0.734616399 0.003020068 0.678361595
1696503621.349000 2.637053251 0.039097182 0.318880320 -0.013017859 -0.734574556 0.002671795 0.678397834
1696503621.947000 2.512637615 0.042906828 0.307272434 -0.012945299 -0.734226644 0.002835243 0.678775072
1696503622.438000 2.412578583 0.046269502 0.299199581 -0.013596480 -0.734463513 0.003819028 0.678501248
1696503622.848000 2.330317259 0.048334010 0.292253971 -0.013706154 -0.734605789 0.004596021 0.678340256
1696503623.443000 2.213840723 0.050582595 0.282070875 -0.011503094 -0.734585345 0.006583401 0.678386867
1696503623.944000 2.118336439 0.054210518 0.273124695 -0.013633782 -0.734475672 0.002473152 0.678493619
1696503624.445000 2.023320436 0.057066243 0.265384436 -0.012919040 -0.734492540 0.003557677 0.678484559
1696503624.856000 1.947333097 0.059621766 0.259428859 -0.012667948 -0.734598875 0.003558154 0.678374052
1696503625.549000 1.821743369 0.062832966 0.252059221 -0.013376611 -0.726574957 0.003741351 0.686946809
1696503626.046000 1.734013319 0.065125383 0.246137381 -0.012952170 -0.726392567 0.003956498 0.687146664
1696503626.549000 1.646647930 0.068965197 0.240207314 -0.017086994 -0.726179481 -0.001691964 0.687290788
1696503627.149000 1.544167757 0.071387380 0.234038711 -0.009537769 -0.726145864 0.001038250 0.687473714
1696503627.655000 1.460435510 0.073104031 0.228870869 -0.010955454 -0.726204693 0.002282815 0.687387466
