1696504078.196000 0.000000000 0.000000000 0.000000000 -0.000000000 -0.000000000 -0.000000000 1.000000000
1696504078.741000 -0.002298825 0.000139856 0.027026737 0.000016078 0.000491969 0.000195196 0.999999881
1696504079.279000 0.000226741 0.001204365 0.075133584 -0.002512505 -0.000595569 0.000131789 0.999996662
1696504079.615000 -0.000172207 0.001620455 0.112955227 0.001026222 -0.000634691 0.000142065 0.999999285
1696504079.828000 -0.001778253 0.002465042 0.142380312 0.000499115 -0.000267009 -0.000015778 0.999999881
1696504080.040000 -0.000604448 0.003011490 0.176412284 0.000132269 -0.000888197 0.000109149 0.999999642
1696504080.267000 -0.001176398 0.004125853 0.218686774 0.000233773 -0.000899730 0.000090567 0.999999583
1696504080.590000 -0.002009625 0.006156572 0.283930987 -0.004340450 -0.000759012 -0.000104849 0.999990284
1696504080.980000 -0.002268301 0.007813226 0.356563687 -0.004263117 -0.000968698 0.000312017 0.999990404
1696504081.353000 -0.002474506 0.008812012 0.432496905 -0.000744879 -0.001147140 -0.000232362 0.999999046
1696504081.663000 -0.003428808 0.008838210 0.493264228 0.005275690 -0.001031774 -0.000266948 0.999985516
1696504082.000000 -0.003657878 0.011486571 0.556693852 -0.003789461 -0.001153808 -0.000995204 0.999991655
1696504082.327000 -0.004218413 0.012300413 0.617760122 -0.004426441 -0.001203264 -0.000528818 0.999989390
1696504082.755000 -0.004867913 0.014000716 0.695129335 -0.002459457 -0.001396911 -0.000659223 0.999995768
1696504083.204000 -0.005609999 0.015859777 0.775214553 -0.001888343 -0.001473909 -0.000303005 0.999997139
1696504083.636000 -0.006289269 0.017105090 0.849849045 -0.001925729 -0.001635266 0.000138933 0.999996781
1696504084.081000 -0.006606730 0.018349890 0.926157832 -0.001555750 -0.001869201 0.000140057 0.999997020
1696504084.613000 -0.007602366 0.019988049 1.032403469 0.000700007 -0.002005423 0.000075641 0.999997795
1696504085.166000 -0.009064142 0.023126317 1.157741427 -0.003397880 -0.002433870 0.000219069 0.999991238
1696504085.812000 -0.022566732 0.026193902 1.301569343 -0.003100073 -0.027989548 0.000036499 0.999603391
1696504086.335000 -0.029725838 0.028768742 1.426514268 -0.002116050 -0.028275002 -0.000088307 0.999597967
1696504086.857000 -0.036483992 0.031849440 1.548206806 -0.002988187 -0.028530978 -0.000120236 0.999588430
1696504087.483000 -0.045875411 0.034716111 1.694447756 -0.000126370 -0.028780445 0.000560532 0.999585569
1696504088.103000 -0.054574180 0.037489560 1.841834188 -0.001889617 -0.028734263 0.001055040 0.999584734
1696504088.707000 -0.063023694 0.039769817 1.983760238 -0.001853588 -0.029063437 0.001011678 0.999575377
1696504089.333000 -0.068638667 0.043157369 2.122476816 -0.004635373 -0.021524061 -0.000072489 0.999757588
1696504089.941000 -0.074428365 0.046365332 2.260098457 -0.001827615 -0.021802912 0.001227652 0.999759912
1696504090.646000 -0.083264217 0.049828976 2.428032398 -0.002901441 -0.021824876 0.000196779 0.999757588
1696504091.349000 -0.091191687 0.053126991 2.595909834 -0.002341941 -0.022324912 0.000949372 0.999747574
1696504092.048000 -0.103245236 0.055972420 2.763672829 -0.001298029 -0.028258685 0.000421196 0.999599755
1696504092.762000 -0.116686568 0.060427438 2.966109991 -0.002341308 -0.028611708 0.001085260 0.999587297
1696504093.480000 -0.129873842 0.066872850 3.205570936 -0.003023366 -0.029330237 0.002379191 0.999562383
1696504094.181000 -0.145630002 0.069851235 3.429941416 -0.002183461 -0.029682841 0.000709451 0.999556780
1696504094.900000 -0.162232041 0.075389706 3.654101610 -0.002266077 -0.029680282 0.001187662 0.999556184
1696504095.703000 -0.178333953 0.081546694 3.899743319 -0.003336989 -0.029911619 0.001327080 0.999546111
1696504096.815000 -0.202355281 0.089073479 4.246068001 -0.001082667 -0.030414715 0.001790242 0.999535203
1696504097.509000 -0.216279700 0.091409504 4.456871510 0.000985667 -0.031026103 0.003139182 0.999513149
1696504098.025000 -0.227829903 0.095989868 4.614094257 -0.009142009 -0.031263448 0.002611598 0.999465942
1696504098.627000 -0.241113424 0.097985707 4.794884205 -0.000370285 -0.031519309 0.003225481 0.999497890
1696504099.131000 -0.251641184 0.102276720 4.942711353 -0.004527756 -0.031989619 0.000007925 0.999477923
1696504099.732000 -0.264518708 0.105058439 5.116256237 -0.001720317 -0.032082837 0.003130565 0.999478817
1696504100.134000 -0.274201810 0.108124331 5.228226662 -0.005338256 -0.031803142 0.002543201 0.999476671
1696504100.531000 -0.282146364 0.111158557 5.338018894 -0.006855205 -0.031956702 0.002378169 0.999462962
1696504101.039000 -0.291889757 0.113066129 5.481443882 -0.001575396 -0.032428537 0.003899690 0.999465227
1696504101.331000 -0.298368931 0.116235957 5.564166069 -0.005150662 -0.032484528 0.003473654 0.999452949
1696504101.732000 -0.306932032 0.117641240 5.676732063 -0.001394486 -0.032512635 0.003136732 0.999465406
1696504102.135000 -0.314262211 0.120097116 5.786644459 -0.004066780 -0.032752529 0.002710050 0.999451578
1696504102.531000 -0.322157532 0.122367740 5.893281937 -0.001801405 -0.033043418 0.003442864 0.999446392
1696504102.931000 -0.330549926 0.124197029 5.998623371 -0.002326983 -0.033109292 0.003428321 0.999443173
1696504103.330000 -0.339395225 0.126391321 6.103106022 -0.002114941 -0.032992601 0.003695245 0.999446571
1696504103.735000 -0.347048670 0.128401175 6.206003666 -0.002160535 -0.033162925 0.004081530 0.999439299
1696504104.132000 -0.355038047 0.130840912 6.306270599 -0.004575402 -0.033228181 0.004852037 0.999425530
1696504104.573000 -0.361905336 0.132346675 6.404739380 -0.003740006 -0.033518199 0.004266979 0.999422014
1696504104.967000 -0.368781328 0.133879229 6.509527683 -0.002140606 -0.034017093 0.005389852 0.999404430
1696504105.361000 -0.377409607 0.136367857 6.607267857 -0.004099316 -0.033759717 0.004667622 0.999410689
1696504105.765000 -0.384148479 0.137843147 6.704779625 -0.001100437 -0.033927888 0.005200071 0.999410152
1696504106.263000 -0.394391298 0.140638217 6.837270260 -0.002593437 -0.034210999 0.004970610 0.999398947
1696504106.770000 -0.404604584 0.142913774 6.973106861 -0.000306979 -0.034411602 0.004819035 0.999396086
1696504107.272000 -0.415287763 0.147183582 7.115153790 -0.003888979 -0.034738451 0.005379451 0.999374390
1696504107.868000 -0.428359985 0.151132703 7.279034615 -0.005035229 -0.034766261 0.006219371 0.999363482
1696504108.370000 -0.438633561 0.154401332 7.414783001 -0.003314933 -0.035448831 0.005190779 0.999352515
1696504108.873000 -0.450938761 0.156927004 7.546317577 -0.002340396 -0.035083290 0.005419983 0.999366939
1696504109.370000 -0.455600560 0.159607679 7.675059795 -0.002403208 -0.021778034 0.005209580 0.999746382
1696504109.866000 -0.463089406 0.162507549 7.804224014 -0.000896451 -0.021596821 0.005095259 0.999753416
1696504110.461000 -0.469973207 0.166098744 7.961637974 -0.004243815 -0.022261387 0.004960617 0.999730885
1696504111.065000 -0.478567839 0.170052931 8.121301651 -0.002003338 -0.022451419 0.005733527 0.999729514
1696504111.660000 -0.486554712 0.173665956 8.284563065 -0.003381480 -0.022938628 0.005321122 0.999716997
1696504112.263000 -0.495596528 0.177835658 8.453800201 -0.002418892 -0.023064567 0.006041352 0.999712825
1696504112.969000 -0.505576849 0.181269467 8.649884224 -0.002161416 -0.023351062 0.006036647 0.999706805
1696504113.570000 -0.514404178 0.184395388 8.810133934 -0.004073753 -0.023555730 0.006410931 0.999693692
1696504114.271000 -0.523728073 0.188341230 8.994139671 -0.001139158 -0.024051329 0.006376582 0.999689758
1696504114.859000 -0.532715619 0.191780746 9.144653320 -0.003709514 -0.024222165 0.006506022 0.999678552
1696504115.459000 -0.541466355 0.195019469 9.296019554 -0.002227009 -0.024386814 0.007028943 0.999675393
1696504116.166000 -0.550993562 0.198165819 9.451013565 -0.002698919 -0.024396233 0.006618110 0.999676824
1696504116.863000 -0.557984769 0.201244101 9.591497421 -0.002012098 -0.024889583 0.006967817 0.999663949
1696504117.476000 -0.565792978 0.204064608 9.719435692 -0.004295910 -0.024915056 0.007107872 0.999655068
1696504117.970000 -0.571432948 0.205466717 9.820102692 0.001363288 -0.025111027 0.007641924 0.999654531
1696504118.474000 -0.574640572 0.208079591 9.918823242 -0.001629301 -0.016668815 0.005071171 0.999846876
1696504118.874000 -0.555770636 0.210346222 9.991729736 -0.006075943 0.050508760 0.000158467 0.998705149
1696504119.373000 -0.543356776 0.213694394 10.082997322 -0.009475413 0.056628156 0.006738562 0.998327672
1696504119.987000 -0.513671279 0.215488479 10.173913956 -0.006153283 0.117091365 0.001962981 0.993100166
1696504120.586000 -0.466630280 0.216439635 10.251480103 -0.000732125 0.200181171 -0.001852936 0.979756892
1696504121.096000 -0.419075608 0.218633249 10.308914185 -0.005891956 0.267015368 -0.001075601 0.963673711
1696504121.500000 -0.378134608 0.220592216 10.351991653 -0.006744190 0.304645628 -0.001204006 0.952441156
1696504121.901000 -0.341872692 0.222591534 10.402828217 -0.006365072 0.304285645 0.000866149 0.952559233
1696504122.313000 -0.299289346 0.223629430 10.452064514 -0.006415154 0.329778314 -0.006899717 0.944011390
1696504122.778000 -0.244491339 0.223978907 10.501473427 -0.002786019 0.366180658 -0.005942495 0.930520654
1696504123.228000 -0.192868233 0.225348234 10.556949615 -0.005136455 0.370382667 -0.008740161 0.928823948
1696504123.813000 -0.110954762 0.226572469 10.606414795 -0.005801426 0.447286457 -0.011409075 0.894299209
1696504124.367000 -0.029763222 0.225658327 10.636651993 -0.001948409 0.515905917 -0.014828411 0.856514692
1696504125.046000 0.069055080 0.225772038 10.655164719 -0.000279458 0.593038142 -0.011055868 0.805098414
1696504125.692000 0.156058311 0.225837111 10.661709785 0.003962860 0.642471254 -0.005743633 0.766278088
1696504126.508000 0.306620598 0.225677744 10.688944817 0.006069208 0.642800629 -0.006667483 0.765980482
1696504127.325000 0.506964684 0.226868793 10.725603104 0.002833296 0.641548932 -0.005994122 0.767053485
1696504128.137000 0.716710091 0.227869466 10.760023117 -0.000585071 0.655932426 -0.010305737 0.754749000
1696504128.984000 0.932232857 0.228437021 10.790184975 0.000908264 0.658225060 -0.011189478 0.752737582
1696504129.850000 1.143745422 0.228584602 10.815097809 -0.003661891 0.670342684 -0.011700757 0.741950393
1696504130.756000 1.355619431 0.228024855 10.825703621 -0.000738472 0.684088051 -0.010841291 0.729318559
1696504131.620000 1.566473961 0.229401678 10.841396332 -0.000003153 0.683462203 -0.011083919 0.729901791
1696504132.488000 1.778217316 0.229036391 10.858233452 0.000219046 0.683560133 -0.010842919 0.729813635
1696504133.365000 1.982244492 0.228501707 10.874612808 0.002428440 0.683483124 -0.015761193 0.729792118
1696504134.429000 2.225983143 0.229357764 10.894742012 -0.000796718 0.681262016 -0.010190185 0.731968284
1696504135.517000 2.464196682 0.229728207 10.913117409 -0.003182362 0.681506872 -0.010350525 0.731731594
1696504136.143000 2.602550030 0.230080813 10.923694611 -0.000869186 0.681486785 -0.013171314 0.731711447
1696504136.769000 2.742599487 0.232868567 10.935552597 -0.010333762 0.681517601 -0.009175075 0.731671214
1696504137.602000 2.928748131 0.231580555 10.949302673 -0.001302798 0.680494666 -0.014242248 0.732613444
1696504138.227000 3.064231396 0.230795681 10.960992813 -0.001839625 0.680557728 -0.015281249 0.732532859
1696504138.852000 3.200714588 0.231425375 10.972940445 -0.002939554 0.681575298 -0.011862045 0.731645942
1696504139.468000 3.337460041 0.232421577 10.982950211 -0.007434766 0.681427836 -0.012033875 0.731748581
1696504140.313000 3.514742851 0.231578737 10.991030693 -0.003137577 0.689390719 -0.012827937 0.724269331
1696504140.951000 3.648402214 0.232470661 10.998843193 -0.006167594 0.689322770 -0.011207385 0.724341452
1696504141.595000 3.781782150 0.232538134 11.007276535 -0.004325121 0.689600766 -0.016309090 0.723993242
1696504142.208000 3.916006565 0.232867986 11.016065598 -0.004483515 0.689580739 -0.017618772 0.723980665
1696504142.820000 4.047884464 0.232651800 11.024261475 -0.003173486 0.689693511 -0.013845745 0.723962188
1696504143.429000 4.178748608 0.232622430 11.032440186 -0.003933210 0.689137161 -0.014680041 0.724471629
1696504144.044000 4.310605526 0.233771592 11.040143013 -0.002528892 0.689542472 -0.013101025 0.724122345
1696504144.644000 4.440572739 0.233601198 11.049297333 -0.003478566 0.689876378 -0.011558100 0.723826587
1696504145.240000 4.574443340 0.233875483 11.057699203 -0.003322317 0.690251470 -0.013838378 0.723429620
1696504145.839000 4.708845139 0.234371483 11.064409256 -0.004657041 0.689966023 -0.013557591 0.723699808
1696504146.433000 4.841175079 0.235062212 11.073157310 -0.004054482 0.690533042 -0.014197423 0.723150134
1696504147.031000 4.969587803 0.235165432 11.080121994 -0.003880470 0.690563619 -0.013650054 0.723132432
1696504147.636000 5.096348763 0.235611603 11.085241318 -0.003802715 0.696410537 -0.014011619 0.717496753
1696504148.237000 5.226146221 0.234514266 11.090801239 -0.001713541 0.697111785 -0.014289206 0.716818094
1696504148.811000 5.343870640 0.234646335 11.093480110 -0.001058933 0.696312368 -0.012889341 0.717622340
1696504149.406000 5.470884800 0.235073537 11.098793030 -0.004303530 0.696506977 -0.012725205 0.717424273
1696504150.007000 5.596379757 0.235275134 11.102701187 -0.003531926 0.696390331 -0.013609085 0.717525482
1696504150.598000 5.718286514 0.235576347 11.107316971 -0.003548956 0.696499825 -0.013313735 0.717424691
1696504151.389000 5.851536274 0.236246943 11.112850189 -0.003275458 0.696854949 -0.013011341 0.717086673
1696504152.560000 5.964390755 0.236409709 11.117023468 -0.003187210 0.697425961 -0.012392706 0.716542602
1696504153.897000 6.063169956 0.235792398 11.093923569 -0.002882645 0.751443923 -0.013778915 0.659646809
1696504155.223000 6.133415222 0.233631060 11.062173843 0.002355474 0.798048437 -0.016931908 0.602350771
1696504156.636000 6.193410873 0.234558761 11.023102760 0.005876845 0.835516155 -0.009661089 0.549349546
1696504157.754000 6.229310036 0.234154075 10.993028641 0.000612770 0.860763371 -0.010689746 0.508892596
1696504158.660000 6.270559311 0.235010117 10.952363014 0.002583477 0.886364162 -0.006100361 0.462941319
1696504159.543000 6.345858574 0.237351000 10.912897110 0.000954594 0.872277498 -0.011590581 0.488872945
1696504160.435000 6.445313454 0.234145954 10.852115631 -0.000648944 0.870205522 -0.017335068 0.492383391
1696504161.310000 6.565032005 0.234199971 10.766832352 -0.007231458 0.890333652 -0.014068965 0.455033898
1696504162.051000 6.634030342 0.229279593 10.680399895 -0.002046102 0.931926310 -0.020332253 0.362071514
1696504162.798000 6.690869331 0.227276161 10.589949608 0.006842526 0.951954901 -0.017996334 0.305632651
1696504163.279000 6.723884583 0.226454660 10.532047272 0.001333451 0.958126664 -0.016795248 0.285848677
1696504163.981000 6.756418228 0.222610325 10.434158325 -0.003674942 0.979647398 -0.026188686 0.198976398
1696504164.655000 6.768743515 0.221505493 10.335230827 -0.008762658 0.993946910 -0.015925474 0.108347364
1696504166.194000 6.783020020 0.216145098 10.069972038 -0.002902933 0.999551713 -0.015122198 0.025677117
1696504167.571000 6.798063755 0.210968241 9.789553642 -0.001669879 0.999620080 -0.014281143 0.023516040
1696504168.408000 6.811560154 0.208022416 9.608158112 -0.001270636 0.999630630 -0.015708867 0.022141684
1696504169.286000 6.823380947 0.206029922 9.404261589 -0.000580557 0.999608517 -0.018244060 0.021204995
1696504170.054000 6.832926750 0.203063309 9.243893623 -0.000888602 0.999642789 -0.017346062 0.020314984
1696504170.949000 6.842030048 0.198051915 9.028718948 0.000170616 0.999628663 -0.017830713 0.020605193
1696504171.615000 6.851284981 0.194915742 8.864432335 -0.001380978 0.999656737 -0.016696423 0.020143356
1696504172.049000 6.855422497 0.193322331 8.757507324 -0.001313396 0.999659419 -0.016002627 0.020575142
1696504172.489000 6.860105515 0.192029297 8.650381088 -0.001022773 0.999641716 -0.017213175 0.020472499
1696504173.145000 6.869264603 0.189239010 8.472226143 -0.000712195 0.999614477 -0.018809142 0.020412883
1696504173.789000 6.877370834 0.185309902 8.265106201 0.000854830 0.999644876 -0.016110087 0.021210236
1696504174.451000 6.890003204 0.182155043 8.062016487 -0.001673945 0.999673486 -0.015527609 0.020225976
1696504174.872000 6.897240639 0.179564089 7.929576874 -0.001880186 0.999659479 -0.017089223 0.019632047
1696504175.521000 6.906081200 0.176120669 7.739904881 -0.001198492 0.999667585 -0.016403221 0.019857313
1696504176.162000 6.915973663 0.173230261 7.553051949 -0.000687448 0.999662757 -0.017563220 0.019118199
1696504176.787000 6.924536705 0.168539554 7.374816418 0.000232646 0.999662340 -0.017846180 0.018888043
1696504177.403000 6.933772087 0.164869711 7.202247620 -0.001917983 0.999692917 -0.016057145 0.018778907
1696504178.024000 6.942614079 0.163190246 7.035619259 -0.001267706 0.999705911 -0.016313013 0.017898848
1696504178.632000 6.950135708 0.160785675 6.871603966 -0.000858225 0.999713659 -0.016435115 0.017371641
1696504179.246000 6.956646919 0.157645792 6.711390018 -0.000277719 0.999715328 -0.016528778 0.017203916
1696504179.865000 6.964464664 0.154177532 6.554519176 -0.000774444 0.999716759 -0.017050793 0.016587701
1696504180.470000 6.970687866 0.150652796 6.403684616 -0.002468803 0.999723494 -0.016625458 0.016446970
1696504181.269000 6.975878716 0.148239747 6.207745075 -0.001806524 0.999715269 -0.016676661 0.016971787
1696504182.266000 6.986211777 0.141639620 5.933737278 0.000083615 0.999680400 -0.019108038 0.016551632
1696504182.661000 6.991576672 0.139408395 5.802810669 -0.001089973 0.999687374 -0.018369753 0.016929083
1696504183.255000 7.000168324 0.133860618 5.583658695 -0.003765263 0.999619186 -0.021407565 0.017001074
1696504183.644000 7.006229877 0.132711500 5.433347225 0.000639941 0.999736845 -0.014723554 0.017580157
1696504184.030000 7.011980057 0.128632963 5.287759781 0.003974055 0.999717832 -0.015327453 0.017707890
1696504184.427000 7.018985271 0.124822907 5.139602661 0.002310755 0.999723673 -0.015985461 0.017080314
1696504185.009000 7.027427197 0.119349129 4.923270226 0.004521456 0.999734282 -0.014398334 0.017426293
1696504185.578000 7.037260056 0.116739936 4.720166206 0.003384293 0.999685347 -0.018334340 0.016780322
1696504186.151000 7.040549755 0.113400802 4.514973640 0.000342534 0.999700367 -0.016486105 0.018090410
1696504186.718000 7.046477795 0.108532935 4.322643757 0.002752805 0.999736965 -0.015798708 0.016397405
1696504187.275000 7.053317070 0.106665283 4.142299652 -0.001409120 0.999745071 -0.014959464 0.016852368
1696504187.831000 7.059870243 0.103697851 3.964397907 0.000023048 0.999726951 -0.016375216 0.016671447
1696504188.198000 7.069436073 0.101722874 3.850005865 0.005297837 0.999127209 -0.015801229 0.038301818
1696504188.603000 7.090529442 0.099249132 3.732806921 0.002931369 0.997276008 -0.016629653 0.071801245
1696504189.011000 7.105241299 0.096920773 3.613438845 -0.000505167 0.997973323 -0.016168866 0.061543670
1696504189.400000 7.120326519 0.095847003 3.499803066 -0.000525604 0.998123169 -0.016378092 0.059005931
1696504189.781000 7.128545761 0.093839347 3.391166925 -0.004617350 0.999284685 -0.016922986 0.033503134
1696504190.142000 7.135368824 0.091768123 3.289542675 -0.001040460 0.999393523 -0.016838199 0.030462654
1696504190.511000 7.142290115 0.089463949 3.187672138 -0.000774730 0.999408662 -0.016187625 0.030326076
1696504190.881000 7.149791241 0.087088093 3.086784601 -0.000578000 0.999391377 -0.017834086 0.029976046
1696504191.436000 7.160598278 0.085141718 2.931742907 -0.000637929 0.999429464 -0.015632957 0.029933823
1696504191.980000 7.165251255 0.082375117 2.785849333 -0.002776246 0.999665022 -0.015556490 0.020497192
1696504192.869000 7.179843426 0.075930633 2.534129143 -0.000280200 0.999710739 -0.015351538 0.018514413
1696504193.222000 7.183813572 0.074729517 2.434359074 -0.000081616 0.999693155 -0.016488055 0.018487057
1696504193.769000 7.189743996 0.072554797 2.296845436 0.000314141 0.999711990 -0.015535863 0.018290082
1696504194.273000 7.196000576 0.069953121 2.168712378 0.000442779 0.999669433 -0.018894717 0.017429512
1696504194.827000 7.200960636 0.068797886 2.038855791 -0.000309522 0.999742091 -0.014172416 0.017745944
1696504195.336000 7.206614971 0.066171907 1.910381436 -0.000096405 0.999721289 -0.016552858 0.016834294
1696504195.846000 7.210332394 0.063361228 1.781047821 0.000661977 0.999692261 -0.018416870 0.016605740
1696504196.187000 7.214626312 0.062042832 1.692561507 0.000681451 0.999741375 -0.015907150 0.016239865
1696504196.697000 7.219871521 0.058108393 1.563287497 0.002650317 0.999646127 -0.019623302 0.017763942
1696504197.209000 7.225691795 0.056299977 1.434895277 -0.000653670 0.999692678 -0.018108785 0.016918043
1696504197.718000 7.231521606 0.054364223 1.297708511 -0.000302933 0.999744415 -0.014964168 0.016945226
1696504198.391000 7.238831997 0.050311547 1.113826036 0.001081687 0.999735415 -0.015779110 0.016702462
1696504198.897000 7.246032238 0.047843795 0.981064856 0.000798447 0.999732733 -0.016875444 0.015782423
1696504199.552000 7.253118038 0.045792710 0.813946426 -0.002307794 0.999843717 -0.008340298 0.015418825
1696504200.048000 7.257121086 0.043173946 0.723185837 -0.003700391 0.999685764 -0.018844116 0.016113462
1696504200.812000 7.234117985 0.041996427 0.598388433 -0.002277470 -0.996810615 0.011382611 0.078954838
1696504202.195000 7.205270290 0.039683454 0.514886379 -0.005243804 -0.989480853 0.016574400 0.143615663
1696504202.999000 7.181334496 0.039668366 0.478539467 -0.008899275 -0.980861306 0.017632365 0.193703383
1696504204.071000 7.149442673 0.039815821 0.438851357 -0.010452311 -0.967110932 0.011483190 0.253880739
1696504204.848000 7.124449253 0.040344875 0.413215160 -0.011158323 -0.956217170 0.009694682 0.292284489
1696504205.831000 7.106647491 0.040658563 0.386772156 -0.010936783 -0.955975652 0.006116800 0.293178320
1696504209.197000 7.156135082 0.040013932 0.464534760 -0.007558639 -0.944487453 0.013055607 0.328201056
1696504210.035000 7.201416016 0.039624617 0.517684460 -0.008747465 -0.954337358 0.014465817 0.298252314
1696504210.623000 7.221826077 0.040036067 0.562314987 -0.009710452 -0.939226687 0.016469827 0.342764795
1696504211.518000 7.251821518 0.039545745 0.601839066 -0.004253663 -0.932452321 0.020770893 0.360670358
1696504213.158000 7.201478004 0.040083639 0.575465202 -0.004488675 -0.900957882 0.015198312 0.433617145
1696504213.489000 7.168505192 0.040600248 0.561251640 -0.004187052 -0.881252229 0.011177737 0.472495526
1696504213.899000 7.120984077 0.040285975 0.534123421 -0.003813949 -0.874338210 0.015669189 0.485049218
1696504214.205000 7.077919006 0.040854834 0.512228966 -0.001046928 -0.864163458 0.011239554 0.503084600
1696504214.603000 7.007810116 0.040951636 0.495024681 0.006105070 -0.821930230 0.007381621 0.569507718
1696504214.895000 6.949321747 0.041359935 0.472587585 0.002275810 -0.821193695 0.008202774 0.570586026
1696504215.204000 6.881230831 0.042617854 0.460879803 0.011757362 -0.786419272 -0.003616797 0.617570579
1696504215.499000 6.808392525 0.043009855 0.451051712 0.004575974 -0.769004166 0.005401125 0.639204681
1696504215.807000 6.725034714 0.043698750 0.434626579 0.003745198 -0.768532932 0.005894532 0.639772117
1696504216.106000 6.637533665 0.044448599 0.433419704 0.013738199 -0.724603057 -0.006155937 0.689002037
1696504216.445000 6.542906761 0.044561841 0.430315018 0.006435007 -0.716575027 0.002488508 0.697475910
1696504216.737000 6.432506084 0.045701616 0.425101280 0.003431895 -0.716405928 0.004693890 0.697659492
1696504217.149000 6.280447006 0.047992438 0.420483112 0.004445589 -0.716151953 0.002536988 0.697925627
1696504217.440000 6.172909260 0.049179208 0.417129517 0.002561322 -0.716081679 0.002004047 0.698009014
1696504217.842000 6.027193069 0.050802775 0.412730217 0.000080352 -0.715769768 0.001288296 0.698335171
1696504218.244000 5.883487701 0.052183889 0.407901287 0.004098323 -0.715224504 0.003403801 0.698874474
1696504218.646000 5.743596554 0.053130381 0.402724743 0.002949195 -0.714982748 0.003004486 0.699129403
1696504219.046000 5.603870869 0.053893056 0.398701668 0.002521438 -0.714661121 0.003827637 0.699455917
1696504219.540000 5.438754559 0.055638831 0.391625881 0.000315480 -0.720160365 0.007341839 0.693768740
1696504220.050000 5.270906925 0.055980179 0.385340214 0.000265331 -0.720728934 0.004057948 0.693205118
1696504220.540000 5.113423824 0.057038464 0.378256798 0.001128139 -0.720646203 0.004918382 0.693284631
1696504221.047000 4.944623470 0.059040077 0.370934486 0.002765362 -0.720688343 0.003949729 0.693242431
1696504221.841000 4.684158325 0.060967244 0.359672546 0.002898289 -0.720519364 0.005315195 0.693408370
1696504222.241000 4.556805134 0.061103284 0.353656769 0.003961290 -0.720253944 0.004453568 0.693684876
1696504222.648000 4.428349018 0.062204510 0.348545551 0.001922931 -0.719972968 0.005023246 0.693981349
1696504223.144000 4.276764870 0.064552382 0.342817783 -0.007410833 -0.720046759 0.008580332 0.693832934
1696504223.446000 4.184067249 0.064311527 0.337878704 0.000615331 -0.720179617 0.005656776 0.693764329
1696504224.044000 4.007066727 0.065343991 0.330241919 0.002898772 -0.719984055 0.005071377 0.693966031
1696504224.439000 3.900305271 0.066767648 0.326118946 -0.003063866 -0.719771981 0.001663227 0.694201767
1696504225.143000 3.749459267 0.066508204 0.319883347 0.003423389 -0.719671130 0.008219439 0.694258094
1696504225.637000 3.634779215 0.066244498 0.315379620 0.002439665 -0.719406784 0.008779507 0.694529235
1696504226.341000 3.439532995 0.067896098 0.307524681 -0.000278478 -0.719055355 0.010015494 0.694880664
1696504226.639000 3.352511644 0.068200521 0.304607868 -0.001639265 -0.718850493 0.008695488 0.695108414
1696504227.139000 3.206979275 0.068905503 0.299922228 -0.001441410 -0.718927205 0.008509614 0.695031762
1696504227.535000 3.093893051 0.069965377 0.295606852 -0.001098212 -0.718788505 0.008942967 0.695170403
1696504227.940000 2.981075048 0.069643028 0.291722775 0.000488346 -0.718654931 0.009449427 0.695302486
1696504228.345000 2.867763519 0.070023336 0.286259174 -0.001888185 -0.718098462 0.006715440 0.695906579
