1698058067.255000 0.000000000 0.000000000 0.000000000 -0.000000000 -0.000000000 -0.000000000 1.000000000
1698058067.555000 -0.000408670 0.000910259 0.029834114 -0.002556802 -0.000004578 -0.000044158 0.999996722
1698058067.955000 -0.000650926 0.001272325 0.073009111 0.001288333 -0.000298005 -0.000010161 0.999999166
1698058068.255000 -0.005399550 0.002306314 0.119965531 0.000399442 -0.012940891 0.000820485 0.999915838
1698058068.455000 -0.007381328 0.003454180 0.155333281 -0.001753346 -0.012761046 -0.000372830 0.999916971
1698058068.655000 -0.007782727 0.004255179 0.187395826 -0.002464378 -0.013012508 0.000217842 0.999912262
1698058068.955000 -0.009447454 0.005189649 0.238588870 -0.001061660 -0.013234522 0.000148978 0.999911845
1698058069.255000 -0.017126894 0.006781220 0.290719837 -0.003904002 -0.028669076 0.001677297 0.999579966
1698058069.555000 -0.020766703 0.008297822 0.347312421 -0.004424637 -0.029264638 -0.000107284 0.999561906
1698058069.855000 -0.029993894 0.009590355 0.400458217 -0.004078114 -0.047027830 0.004340861 0.998875856
1698058070.255000 -0.042952508 0.010865198 0.460170269 -0.003359214 -0.063167885 0.000162271 0.997997284
1698058070.655000 -0.051156878 0.009548991 0.524568558 0.005721105 -0.063388616 0.001813792 0.997970879
1698058071.055000 -0.060948391 0.012405870 0.596328616 0.000913237 -0.063475922 0.001350788 0.997982025
1698058071.455000 -0.072707705 0.014036452 0.666763067 -0.004858923 -0.070081159 0.002128233 0.997527182
1698058071.855000 -0.086183712 0.015430941 0.736241460 -0.002446770 -0.077428475 -0.000048271 0.996994913
1698058072.355000 -0.101374343 0.016384317 0.829358637 0.000796439 -0.077450879 0.001141018 0.996995270
1698058072.755000 -0.116247497 0.018564856 0.924512804 0.000472220 -0.077861905 0.001388198 0.996963084
1698058073.255000 -0.136640206 0.021435965 1.054742813 -0.001443866 -0.078249827 0.001612841 0.996931434
1698058073.755000 -0.160909995 0.023806002 1.199850321 -0.001828789 -0.078163095 0.001608597 0.996937633
1698058074.355000 -0.189179167 0.027541256 1.373210192 -0.002385247 -0.078409366 0.001344803 0.996917486
1698058074.955000 -0.220165849 0.031229721 1.559605956 -0.001366848 -0.078476369 0.001567598 0.996913791
1698058075.655000 -0.254983246 0.036888484 1.776670456 -0.003437208 -0.078947082 0.000629343 0.996872723
1698058076.355000 -0.292341620 0.040963817 1.997539997 -0.001813628 -0.078969650 0.001161183 0.996874690
1698058077.055000 -0.327568173 0.045388229 2.214267254 -0.001794845 -0.079271719 0.001415817 0.996850431
1698058077.655000 -0.350312412 0.048733294 2.392179012 -0.003184787 -0.070910841 0.001130710 0.997476935
1698058078.355000 -0.381929636 0.052230150 2.600118160 -0.001865471 -0.071175367 0.001508277 0.997460961
1698058079.055000 -0.416285217 0.058564074 2.811586142 -0.003873719 -0.080680035 0.003183332 0.996727467
1698058079.755000 -0.453432322 0.061855555 3.024690390 -0.001460445 -0.082776375 0.001549403 0.996565878
1698058080.555000 -0.496464998 0.066194348 3.272049189 -0.002189657 -0.083158068 0.001328474 0.996533096
1698058081.355000 -0.539674163 0.071920484 3.515189171 -0.004639065 -0.083269313 0.001243642 0.996515512
1698058082.155000 -0.583284855 0.077091701 3.765279770 -0.002203131 -0.083443746 -0.000259318 0.996510029
1698058082.855000 -0.618811488 0.081961118 3.974254847 -0.001796045 -0.083698511 0.001579531 0.996488273
1698058083.555000 -0.657930434 0.087150328 4.189712524 -0.001138065 -0.083804332 0.001327922 0.996480703
1698058084.355000 -0.700493991 0.091750607 4.432752132 -0.002244521 -0.084058337 0.001194719 0.996457577
1698058085.055000 -0.737683535 0.096985497 4.646892071 -0.003556086 -0.084447019 0.001601084 0.996420383
1698058085.855000 -0.778291166 0.103263147 4.891145706 -0.002964529 -0.078712910 0.001545548 0.996891737
1698058086.755000 -0.818897069 0.106859684 5.158382416 -0.000411225 -0.072983541 0.001741053 0.997331560
1698058087.355000 -0.848530173 0.111450873 5.353443146 -0.004807599 -0.073446676 0.001076304 0.997287035
1698058087.955000 -0.880335927 0.115626730 5.551470280 -0.003292504 -0.072912507 0.002147937 0.997330606
1698058088.455000 -0.902074099 0.117931187 5.711719513 -0.001115933 -0.067524694 0.002171151 0.997714639
1698058088.955000 -0.926179647 0.122566499 5.879747391 -0.004476157 -0.067768872 0.001047514 0.997690499
1698058089.355000 -0.945971310 0.122517772 6.009212017 0.004212978 -0.067510284 0.001955543 0.997707784
1698058089.755000 -0.963342547 0.126080543 6.131889343 -0.003239551 -0.067829974 0.001836320 0.997689962
1698058090.255000 -0.985606372 0.131990671 6.292981625 -0.011578841 -0.068167068 0.001952433 0.997604847
1698058090.755000 -1.009005785 0.132818848 6.452395916 0.002784799 -0.068247862 0.002031976 0.997662485
1698058091.055000 -1.021111250 0.134962589 6.544404984 -0.002045554 -0.064584114 0.001762074 0.997908652
1698058091.355000 -1.033772588 0.137534052 6.635077477 -0.004495281 -0.064576402 0.002202135 0.997900248
1698058091.655000 -1.046936631 0.138083473 6.731711864 0.001621712 -0.064721130 0.002171631 0.997899711
1698058092.055000 -1.063536048 0.141569585 6.855998516 -0.004204269 -0.063685864 0.001268669 0.997960329
1698058092.455000 -1.077446342 0.143623307 6.980271339 -0.001932789 -0.054827534 0.002165757 0.998491645
1698058092.755000 -1.088634968 0.145245954 7.075433254 -0.000552081 -0.055122621 0.002452486 0.998476446
1698058093.055000 -1.099882841 0.147345617 7.167994022 -0.002329438 -0.055016838 0.002053398 0.998480618
1698058093.455000 -1.114838839 0.150374234 7.295180321 -0.001745444 -0.055278704 0.002200655 0.998467028
1698058093.955000 -1.133328557 0.153419301 7.448031425 -0.002438089 -0.055339236 0.002192676 0.998462260
1698058094.455000 -1.151469111 0.157126397 7.603296757 -0.004285472 -0.055497646 0.002304525 0.998447001
1698058094.955000 -1.169767380 0.160017297 7.759539604 -0.000051747 -0.055498812 0.001770586 0.998457193
1698058095.555000 -1.195074797 0.164885283 7.947231770 -0.002942360 -0.061575577 0.003409791 0.998092294
1698058096.155000 -1.219454885 0.168107659 8.132543564 -0.001734282 -0.063510299 0.002369906 0.997976840
1698058096.755000 -1.245114088 0.172113195 8.319338799 -0.001886003 -0.063469954 0.002353983 0.997979164
1698058097.355000 -1.268532991 0.175724640 8.504395485 -0.003277329 -0.064120084 0.002497497 0.997933686
1698058098.055000 -1.298277497 0.180935681 8.720410347 -0.004137697 -0.064107731 0.003353402 0.997928798
1698058098.755000 -1.327145576 0.185153246 8.937086105 -0.003184244 -0.064446196 0.002108593 0.997913897
1698058099.455000 -1.355952501 0.189371869 9.150174141 -0.001972795 -0.064670205 0.002842205 0.997900724
1698058100.155000 -1.383180499 0.193387583 9.349564552 -0.001953035 -0.064879894 0.002698953 0.997887552
1698058100.855000 -1.410645366 0.199019209 9.556756020 -0.004587219 -0.065151818 0.002244869 0.997862279
1698058101.655000 -1.443688631 0.204747498 9.795769691 -0.002216757 -0.065456286 0.002240305 0.997850478
1698058102.155000 -1.463993311 0.207510814 9.943655014 -0.003369138 -0.065561354 0.001561591 0.997841656
1698058102.755000 -1.487787127 0.210831925 10.121983528 -0.001699961 -0.065938935 0.002432071 0.997819245
1698058103.355000 -1.519188285 0.214251712 10.300823212 -0.002381342 -0.082419224 0.006655072 0.996572733
1698058103.955000 -1.550738811 0.217635438 10.472063065 -0.002126547 -0.086903214 0.002719562 0.996210814
1698058104.355000 -1.574259639 0.220130369 10.598132133 -0.002776922 -0.086892702 0.003077976 0.996209085
1698058104.955000 -1.610544324 0.224044681 10.790610313 -0.001177920 -0.087011598 0.003253941 0.996201277
1698058105.355000 -1.633155346 0.228048190 10.915141106 -0.004018475 -0.087566249 0.002475600 0.996147513
1698058105.855000 -1.661759019 0.230699465 11.070863724 -0.001744934 -0.087728783 0.002835452 0.996138871
1698058106.355000 -1.689422369 0.233580276 11.218729973 -0.001931370 -0.087740667 0.002865783 0.996137381
1698058106.855000 -1.715852857 0.236467525 11.365427971 -0.001944153 -0.087995216 0.003051665 0.996114314
1698058107.255000 -1.738240123 0.239274740 11.482533455 -0.002831442 -0.088003829 0.002979672 0.996111691
1698058107.755000 -1.764889479 0.242665514 11.625044823 -0.003921040 -0.088216506 0.003381457 0.996087849
1698058108.255000 -1.790594816 0.242943421 11.763854027 0.003738624 -0.088477507 0.003720489 0.996064186
1698058108.855000 -1.801702976 0.248952702 11.928155899 -0.007447673 -0.041757807 -0.001151876 0.999099314
1698058109.355000 -1.806238055 0.251009256 12.063153267 -0.000747028 -0.019177325 -0.003164393 0.999810815
1698058109.855000 -1.798567295 0.253619671 12.193127632 -0.001209654 0.007767112 0.001820910 0.999967456
1698058110.255000 -1.772485495 0.256500453 12.293298721 -0.001446981 0.074929491 -0.006124588 0.997169018
1698058110.655000 -1.754697680 0.260337859 12.394798279 -0.005966472 0.081162125 -0.000241229 0.996683061
1698058111.155000 -1.700014472 0.262623578 12.505407333 -0.005274796 0.169612885 -0.008728901 0.985458016
1698058111.655000 -1.623494148 0.264525294 12.606077194 -0.003330101 0.262003571 -0.010164243 0.965007663
1698058112.155000 -1.534239292 0.265441716 12.689022064 -0.000013926 0.349171579 -0.013348795 0.936963737
1698058112.555000 -1.456485987 0.264972895 12.740457535 0.003611509 0.414324790 -0.011973628 0.910043180
1698058112.955000 -1.366839409 0.264070749 12.782033920 0.004838478 0.481723040 -0.011092641 0.876240015
1698058113.355000 -1.281394482 0.262169838 12.808721542 0.006178990 0.541336596 -0.016911278 0.840613246
1698058113.755000 -1.195613861 0.261323541 12.821625710 0.007397218 0.597257614 -0.012975531 0.801910460
1698058114.155000 -1.118858337 0.261097550 12.828649521 0.004488431 0.632367074 -0.008542418 0.774608850
1698058114.755000 -1.001564026 0.259501547 12.853067398 0.006932761 0.633221209 -0.010384294 0.773870170
1698058115.155000 -0.912170410 0.259511679 12.871576309 0.006057331 0.633007884 -0.009966725 0.774057567
1698058115.656000 -0.810546875 0.258836448 12.889060974 0.005934221 0.638583004 -0.011168698 0.769448996
1698058116.056000 -0.710894585 0.258164674 12.908560753 0.005539144 0.638483167 -0.011653714 0.769527555
1698058116.557000 -0.591134071 0.256832361 12.932310104 0.006957931 0.638172865 -0.012895666 0.769753635
1698058116.957000 -0.494168282 0.256924748 12.945208549 0.002406256 0.650696456 -0.013268274 0.759218216
1698058117.357000 -0.397723198 0.255900741 12.958950043 0.005776623 0.654848397 -0.012466073 0.755635381
1698058117.757000 -0.297583580 0.255651861 12.973565102 0.004564519 0.656097829 -0.012169140 0.754563928
1698058118.157000 -0.197981834 0.254455686 12.984906197 0.006138494 0.662068605 -0.012671684 0.749310970
1698058118.557000 -0.092455864 0.253163099 12.998261452 0.006292210 0.661855936 -0.011880583 0.749510586
1698058119.058000 0.048063278 0.252839178 13.016446114 0.004780798 0.661401570 -0.010198081 0.749947369
1698058119.558000 0.194251060 0.251950264 13.035562515 0.006251371 0.661064923 -0.011256020 0.750218332
1698058120.058000 0.339828491 0.250830501 13.054687500 0.005988296 0.660668731 -0.010974820 0.750573456
1698058120.558000 0.483446121 0.249620631 13.073517799 0.006237152 0.660357714 -0.011103646 0.750843227
1698058121.058000 0.625618935 0.248507097 13.095166206 0.006988641 0.655725598 -0.009571772 0.754906297
1698058121.558000 0.765859604 0.247113496 13.117801666 0.006851012 0.651211917 -0.011141257 0.758783221
1698058122.158000 0.953577995 0.245485827 13.148048401 0.006883524 0.650766492 -0.010727312 0.759170949
1698058122.658000 1.094675064 0.242963910 13.170671463 0.011361401 0.650268197 -0.012254010 0.759520948
1698058123.358000 1.298292160 0.243024960 13.203725815 0.005432495 0.649484873 -0.007614954 0.760316968
1698058123.958000 1.488063812 0.241161585 13.235232353 0.005779056 0.648825347 -0.007107431 0.760882199
1698058124.558000 1.672232628 0.239213690 13.270988464 0.007787410 0.640542626 -0.007493366 0.767846584
1698058125.058000 1.826461792 0.237578049 13.300201416 0.009307960 0.639934242 -0.010226464 0.768305242
1698058125.658000 2.007739067 0.239093736 13.333884239 0.001535697 0.639491379 -0.005814705 0.768774807
1698058126.258000 2.186284065 0.234643772 13.369228363 0.005984811 0.638598025 -0.017839046 0.769310415
1698058126.758000 2.333619118 0.233569130 13.397676468 0.001843605 0.638051510 -0.016539693 0.769813895
1698058127.158000 2.453130245 0.233125463 13.422185898 0.004070413 0.639373779 -0.010622018 0.768812001
1698058127.558000 2.571307659 0.232666984 13.445245743 0.006322375 0.639290750 -0.010711628 0.768864512
1698058127.958000 2.703163147 0.231834725 13.470451355 0.005426646 0.638989449 -0.007446527 0.769160390
1698058128.658000 2.906091213 0.229650363 13.509065628 0.003014805 0.639780283 -0.011773732 0.768461764
1698058128.958000 2.989098072 0.229278788 13.524330139 0.004690036 0.639868081 -0.010170961 0.768403172
1698058129.358000 3.113128185 0.228943288 13.547832489 0.001311586 0.639319241 -0.011752434 0.768850505
1698058129.658000 3.195259571 0.227853298 13.563903809 0.003407183 0.639515877 -0.016164402 0.768600404
1698058130.058000 3.290039062 0.227444023 13.579450607 0.001144927 0.645896971 -0.013998432 0.763295412
1698058130.460000 3.400312901 0.225795880 13.598310471 0.003726095 0.646373868 -0.015877420 0.762846589
1698058130.860000 3.511416435 0.225571856 13.617774963 0.002758570 0.646605372 -0.014173435 0.762688041
1698058131.160000 3.611096859 0.224352539 13.634204865 0.002933673 0.646485388 -0.017895164 0.762710810
1698058131.561000 3.727998257 0.223715499 13.654623032 0.001086830 0.646725178 -0.015977409 0.762555003
1698058131.961000 3.844999790 0.223045245 13.674451828 0.002769468 0.647100627 -0.013557294 0.762279034
1698058132.361000 3.972641468 0.221734658 13.696153641 0.003289137 0.646880090 -0.015240251 0.762432337
1698058132.761000 4.085928440 0.222975016 13.715841293 -0.003032151 0.647030771 -0.011050191 0.762377858
1698058133.161000 4.196349144 0.220514521 13.735466003 0.004344763 0.647014797 -0.017550632 0.762263060
1698058133.561000 4.327564716 0.220595449 13.757600784 -0.001175558 0.646777451 -0.015607133 0.762518167
1698058133.961000 4.440734386 0.219751984 13.778154373 0.001023536 0.647130489 -0.017185181 0.762184858
1698058134.461000 4.595016479 0.218408003 13.804136276 0.000747941 0.647184253 -0.016926218 0.762145340
1698058134.861000 4.720443726 0.217990473 13.825448990 0.000570603 0.647289574 -0.016125439 0.762073398
1698058135.261000 4.832653999 0.217304498 13.844911575 0.001209473 0.647306442 -0.016550379 0.762049198
1698058135.761000 4.981310844 0.216425836 13.870332718 0.001584327 0.647622705 -0.015500492 0.761801839
1698058136.261000 5.114853859 0.214768365 13.893015862 0.002633445 0.648592353 -0.016052129 0.760962188
1698058136.661000 5.231952667 0.214140952 13.911787033 -0.000472968 0.648164034 -0.016119950 0.761329889
1698058137.161000 5.371662140 0.213881269 13.935413361 0.000578333 0.648258448 -0.017085517 0.761228383
1698058137.562000 5.471596718 0.214087069 13.952110291 0.000714365 0.648352683 -0.016916798 0.761151850
1698058137.962000 5.581298828 0.213808432 13.970949173 0.001090693 0.648442030 -0.016774405 0.761078417
1698058138.462000 5.715990543 0.213427603 13.973248482 -0.002023669 0.695075214 -0.021798465 0.718603611
1698058138.862000 5.803881645 0.211904198 13.959267616 0.000896557 0.732260227 -0.019151872 0.680755079
1698058139.362000 5.906590462 0.211239755 13.951450348 0.003305352 0.734323382 -0.017713103 0.678560615
1698058139.762000 5.995039940 0.209975660 13.944178581 0.004276820 0.734280288 -0.016123567 0.678641438
1698058140.162000 6.079778671 0.208786041 13.928033829 0.006143241 0.751982629 -0.022162257 0.658781648
1698058140.562000 6.158614159 0.207763597 13.897172928 0.005789185 0.793309689 -0.012021906 0.608672082
1698058141.062000 6.236219406 0.208147526 13.863961220 0.008555181 0.811853230 -0.010347296 0.583707213
1698058141.462000 6.305759430 0.209550723 13.839365005 0.008600419 0.811747491 -0.011197623 0.583837867
1698058141.862000 6.384429932 0.206008181 13.812700272 0.007722332 0.810963750 -0.013163921 0.584897280
1698058142.263000 6.476799965 0.205264449 13.774729729 0.003179006 0.822339594 -0.019113310 0.568667114
1698058142.663000 6.536262512 0.204911605 13.735174179 0.001972766 0.850784779 -0.022220220 0.525040627
1698058143.064000 6.589063644 0.203401387 13.688993454 0.004502098 0.877988756 -0.018039733 0.478320032
1698058143.466000 6.637639999 0.202028096 13.638336182 0.007063399 0.902596295 -0.019643798 0.429981589
1698058143.866000 6.678915024 0.198657155 13.584030151 0.011236906 0.923943937 -0.023450391 0.381643087
1698058144.266000 6.712392807 0.197138071 13.526429176 0.009778832 0.942389786 -0.022226129 0.333634377
1698058144.666000 6.739646912 0.195575580 13.466475487 0.011655790 0.958024859 -0.020103263 0.285741836
1698058144.966000 6.758129120 0.194021285 13.416344643 0.007165732 0.968818843 -0.022170736 0.246672302
1698058145.366000 6.777089119 0.193272412 13.340030670 0.008676376 0.981860042 -0.016165039 0.188717499
1698058145.766000 6.787718773 0.188552350 13.263489723 0.006674920 0.991073787 -0.026507869 0.130482242
1698058146.266000 6.790816307 0.187839434 13.148818016 0.011129654 0.997876585 -0.015805654 0.062198717
1698058146.766000 6.805128098 0.184741274 13.033816338 0.011815504 0.997988939 -0.018630780 0.059425421
1698058147.166000 6.817914963 0.182871044 12.934388161 0.011916954 0.998006046 -0.017565032 0.059441909
1698058147.566000 6.838727951 0.180842012 12.821249962 0.012931115 0.996739089 -0.015762901 0.078074351
1698058147.966000 6.855634689 0.180951834 12.722447395 0.011478767 0.996499121 -0.010764764 0.082108729
1698058148.366000 6.874714851 0.176554471 12.613237381 0.011209363 0.996197820 -0.020958051 0.083815373
1698058148.767000 6.895421982 0.175799787 12.499928474 0.007810010 0.996295631 -0.015867509 0.084156394
1698058149.168000 6.919131279 0.172627449 12.365636826 0.007110859 0.996284068 -0.016910717 0.084151678
1698058149.668000 6.945960045 0.169822067 12.216100693 0.007445854 0.996315420 -0.016532363 0.083826244
1698058150.168000 6.972299576 0.166685894 12.063046455 0.007838610 0.996289194 -0.017159963 0.083976328
1698058150.568000 6.992970467 0.164755285 11.944376945 0.007858932 0.996293366 -0.016433259 0.084069617
1698058151.068000 7.019954681 0.161467552 11.792812347 0.009316395 0.996295035 -0.016441818 0.083899535
1698058151.568000 7.045751572 0.158167571 11.644438744 0.010958248 0.996118188 -0.018467210 0.085366353
1698058152.168000 7.080369949 0.154090881 11.451128006 0.008057770 0.996139228 -0.016060127 0.085928768
1698058152.668000 7.106386185 0.151638195 11.309160233 0.007072080 0.996139288 -0.016930804 0.085848369
1698058153.068000 7.128489494 0.149371833 11.184666634 0.007642869 0.996128201 -0.016827205 0.085947990
1698058153.569000 7.154001236 0.147099391 11.047564507 0.008092615 0.996157169 -0.016938459 0.085548684
1698058153.969000 7.173659325 0.144467533 10.939661980 0.008253198 0.996169448 -0.016984507 0.085380375
1698058154.469000 7.201164246 0.141496167 10.786842346 0.009069335 0.996168077 -0.017697856 0.085169084
1698058154.869000 7.219473839 0.139069870 10.680166245 0.009908002 0.996169090 -0.016351292 0.085332200
1698058155.369000 7.245709419 0.135649517 10.529886246 0.009987202 0.996116340 -0.018132124 0.085579015
1698058155.869000 7.270924568 0.133210927 10.396221161 0.007473378 0.996189654 -0.015983850 0.085410193
1698058156.469000 7.303104401 0.128659248 10.219581604 0.007545815 0.996192396 -0.017695332 0.085033156
1698058156.869000 7.320477486 0.127343178 10.115135193 0.007725598 0.996186674 -0.016336879 0.085355364
1698058157.469000 7.352778435 0.124272533 9.938577652 0.008276731 0.996188104 -0.017562864 0.085042998
1698058157.869000 7.374461174 0.122339301 9.819204330 0.008235338 0.996213555 -0.017323874 0.084797807
1698058158.270000 7.392181396 0.119555578 9.716405869 0.009014170 0.996204317 -0.017254600 0.084841058
1698058158.770000 7.419352531 0.116392642 9.564722061 0.010287393 0.996197462 -0.018353963 0.084545270
1698058159.171000 7.440746307 0.113879152 9.443244934 0.008594624 0.996195197 -0.017603947 0.084919505
1698058159.671000 7.467089653 0.110831335 9.289407730 0.007324833 0.996188641 -0.016855147 0.085267298
1698058160.171000 7.488137245 0.107781067 9.169811249 0.007312963 0.996192038 -0.017001472 0.085199416
1698058160.671000 7.515077591 0.104776710 9.023353577 0.007594572 0.996247888 -0.016775837 0.084564164
1698058161.171000 7.537648201 0.102362379 8.878614426 0.007510495 0.997060239 -0.016806001 0.074378155
1698058161.671000 7.560441971 0.098857850 8.735228539 0.008212026 0.997098148 -0.018400040 0.073411658
1698058162.071000 7.578406334 0.096812040 8.618562698 0.009892377 0.996984601 -0.016837679 0.075102702
1698058162.472000 7.600662231 0.093490317 8.502494812 0.009508515 0.996275127 -0.020287653 0.083269969
1698058162.872000 7.621289253 0.092100300 8.385028839 0.007224269 0.996348739 -0.015274417 0.083688274
1698058163.272000 7.638843536 0.089473426 8.268148422 0.005801770 0.996937275 -0.017261496 0.076055996
1698058163.672000 7.655789375 0.087839022 8.156501770 0.007488722 0.997143626 -0.017192293 0.073164143
1698058164.172000 7.676577568 0.085103914 8.016027451 0.007786831 0.997140884 -0.016813926 0.073258072
1698058164.772000 7.706056595 0.081113458 7.834149837 0.008755767 0.997176349 -0.016830565 0.072659194
1698058165.272000 7.729095459 0.076843001 7.692797184 0.009334763 0.997190893 -0.017569216 0.072211877
1698058165.772000 7.753149986 0.073755138 7.535732746 0.008372662 0.997204423 -0.017330527 0.072200842
1698058166.272000 7.776439667 0.071068704 7.391737461 0.007956237 0.997168958 -0.019158116 0.072275661
1698058166.772000 7.800444603 0.067363106 7.240398884 0.005385050 0.997157633 -0.020838968 0.072204165
1698058167.372000 7.825940132 0.065366566 7.071871281 0.006618389 0.997301519 -0.016977202 0.071117252
1698058167.872000 7.847908020 0.062193379 6.915035248 0.009165286 0.997278869 -0.017131884 0.071115844
1698058168.272000 7.866656303 0.057605304 6.790692806 0.009370403 0.997256994 -0.020887056 0.070387930
1698058168.772000 7.887395859 0.056040183 6.653886795 0.010728846 0.997302115 -0.014572669 0.071141466
1698058169.172000 7.907149315 0.052728940 6.533326149 0.011819834 0.997274578 -0.016177142 0.071007460
1698058169.772000 7.933419228 0.049412299 6.360068798 0.012458428 0.997278690 -0.016562100 0.070751563
1698058170.272000 7.952789307 0.046715893 6.225293159 0.012635745 0.997279465 -0.015428194 0.070964858
1698058170.672000 7.971178055 0.042737346 6.104656219 0.010834351 0.997235179 -0.021599930 0.070271470
1698058171.072000 7.988542557 0.041812852 5.987905502 0.009438615 0.997375131 -0.016072774 0.069967426
1698058171.472000 8.005244255 0.038146153 5.871418953 0.010122893 0.997325540 -0.019360851 0.069745451
1698058171.872000 8.022008896 0.035803694 5.754518032 0.010225886 0.997378707 -0.017443681 0.069475949
1698058172.272000 8.037499428 0.033806130 5.648828983 0.011899030 0.997381985 -0.016587643 0.069371581
1698058172.672000 8.054998398 0.031305507 5.529857635 0.013158876 0.997282863 -0.017825322 0.070256971
1698058173.072000 8.072009087 0.028668666 5.410870552 0.010354170 0.997245371 -0.018797316 0.071001142
1698058173.572000 8.095363617 0.025941648 5.259291649 0.010017782 0.997305572 -0.016828742 0.070696853
1698058174.072000 8.124404907 0.022533715 5.112586975 0.011333594 0.995904863 -0.016954750 0.088077314
1698058174.472000 8.147595406 0.019873165 4.989805698 0.011414994 0.995896995 -0.017863439 0.087976366
1698058174.972000 8.175896645 0.016872384 4.839949131 0.011327793 0.995933175 -0.017133120 0.087722480
1698058175.372000 8.198555946 0.013142817 4.714093208 0.012576985 0.995919049 -0.017156798 0.087708645
1698058175.772000 8.221078873 0.011002451 4.592903137 0.013163710 0.995922446 -0.017251754 0.087564759
1698058176.172000 8.243874550 0.008734576 4.472822666 0.011157515 0.995938778 -0.017408229 0.087626398
1698058176.572000 8.266407013 0.006222300 4.350426674 0.009978243 0.995965838 -0.016246853 0.087684512
1698058176.872000 8.281549454 0.004651837 4.268281937 0.010025183 0.995958328 -0.017457923 0.087531552
1698058177.272000 8.304056168 0.002265021 4.149491310 0.009998957 0.996021926 -0.016924586 0.086913250
1698058177.672000 8.325631142 -0.000616983 4.032488346 0.010435722 0.996020257 -0.017516568 0.086763307
1698058178.072000 8.348330498 -0.002847873 3.902597904 0.010648470 0.996013343 -0.016837664 0.086950973
1698058178.472000 8.363976479 -0.005828053 3.785382748 0.009940292 0.997338116 -0.017450707 0.070095733
1698058178.872000 8.380732536 -0.007115901 3.673212051 0.014499560 0.997397363 -0.014239670 0.069177307
1698058179.272000 8.396594048 -0.010149188 3.562443733 0.011360253 0.997360110 -0.018174699 0.069379225
1698058179.672000 8.415065765 -0.011952534 3.436363697 0.009563312 0.997410178 -0.015515629 0.069575481
1698058180.172000 8.435317039 -0.014897183 3.297382116 0.010176925 0.997375190 -0.017396890 0.069545232
1698058180.572000 8.455018997 -0.017451189 3.173509598 0.010331953 0.997429490 -0.016728874 0.068904631
1698058181.172000 8.478515625 -0.020964958 3.002619028 0.010666824 0.997417152 -0.016746620 0.069027916
1698058181.672000 8.499609947 -0.023832627 2.859592199 0.010801701 0.997417271 -0.017546766 0.068805799
1698058182.072000 8.509979248 -0.025274511 2.742877245 0.007856997 0.998565793 -0.016885530 0.050194845
1698058182.372000 8.516540527 -0.025067493 2.665628910 0.013129402 0.998878360 -0.010360323 0.044298030
1698058182.772000 8.527669907 -0.028947763 2.552232265 0.010386517 0.998804808 -0.020048177 0.043349218
1698058183.172000 8.538740158 -0.031136714 2.436952591 0.009771420 0.998869419 -0.016287321 0.043579090
1698058183.572000 8.549767494 -0.033402175 2.322810411 0.009673049 0.998860061 -0.017401902 0.043384295
1698058183.972000 8.561156273 -0.036097400 2.208330393 0.010587224 0.998887837 -0.016170515 0.043005709
1698058184.372000 8.574023247 -0.038018003 2.093594074 0.013032848 0.998411179 -0.016687797 0.052218929
1698058184.872000 8.593691826 -0.040377900 1.948512197 0.011638480 0.998059094 -0.016997308 0.058768444
1698058185.272000 8.607682228 -0.043073907 1.835800171 0.012025801 0.997965991 -0.016799780 0.060308389
1698058185.672000 8.621828079 -0.045981526 1.724154234 0.013571512 0.997902215 -0.019887865 0.060095772
1698058186.172000 8.639769554 -0.048904032 1.584985495 0.014427613 0.997858107 -0.016563527 0.061617870
1698058186.572000 8.656461716 -0.051428005 1.476022959 0.012194173 0.997592211 -0.016971046 0.066129319
1698058186.972000 8.672370911 -0.053586587 1.362824082 0.011977758 0.997560024 -0.018649632 0.066202171
1698058187.572000 8.695737839 -0.057493389 1.188222528 0.013120046 0.997525632 -0.016566858 0.067052662
1698058188.072000 8.717123032 -0.060196564 1.041895270 0.013432368 0.997510850 -0.016182097 0.067304187
1698058188.772000 8.744230270 -0.063702330 0.851894915 0.015158790 0.997459233 -0.015787356 0.067794457
1698058189.272000 8.764761925 -0.066645414 0.711125314 0.017275104 0.997358084 -0.018975604 0.067958787
1698058189.873000 8.782732010 -0.068830788 0.550434232 0.015487937 0.998571038 -0.013480515 0.049338877
1698058190.373000 8.764425278 -0.068666577 0.425557613 -0.020097744 -0.999349952 0.013553452 0.026685344
1698058190.873000 8.758019447 -0.070372492 0.301165819 -0.022321241 -0.999315560 0.012506679 0.026717581
1698058191.373000 8.739044189 -0.073820911 0.192890882 -0.012375224 -0.997301400 0.019115482 0.069795199
1698058191.873000 8.695853233 -0.073868699 0.099958420 -0.010988593 -0.988213778 0.017654957 0.151661173
1698058192.173000 8.674068451 -0.074233823 0.040869236 -0.013206768 -0.987070262 0.013969150 0.159131110
1698058192.473000 8.656000137 -0.072323836 -0.017042637 -0.011859245 -0.987206519 0.007701032 0.158818409
1698058192.773000 8.643225670 -0.070771813 -0.056485653 -0.011055071 -0.987296104 -0.001858457 0.158495471
1698058193.373000 8.634571075 -0.072553627 -0.084036350 -0.011225169 -0.987152934 0.007587608 0.159202904
1698058196.073000 8.716591835 -0.073894531 0.168503761 -0.016115570 -0.986884356 0.023346653 0.158916637
1698058197.974000 8.685810089 -0.073280305 0.146691322 -0.013736336 -0.975811899 0.020906784 0.217176020
1698058198.374000 8.648150444 -0.072688259 0.103372574 -0.010433094 -0.964164078 0.017488889 0.264523834
1698058198.774000 8.592017174 -0.073007084 0.049006462 -0.002175685 -0.945369661 0.013382280 0.325718313
1698058199.174000 8.519171715 -0.069976300 -0.004302025 -0.001770019 -0.920581102 0.004881003 0.390517026
1698058199.574000 8.446725845 -0.067941174 -0.070377350 -0.007365944 -0.917872965 0.003135665 0.396793634
1698058199.874000 8.381673813 -0.066511743 -0.107323647 -0.000697410 -0.895732582 -0.000272834 0.444592655
1698058200.174000 8.312425613 -0.065120563 -0.134865761 -0.002971643 -0.868678331 0.003529275 0.495355129
1698058200.474000 8.243716240 -0.063907184 -0.153658867 -0.004335626 -0.840228200 0.002893637 0.542207897
1698058200.774000 8.176136017 -0.063156798 -0.165058136 -0.004187897 -0.810473919 0.003270593 0.585750639
1698058201.074000 8.104127884 -0.061684199 -0.169368744 -0.005095077 -0.776732206 0.002136975 0.629806757
1698058201.474000 8.011552811 -0.058719568 -0.168023109 -0.007880660 -0.742543936 0.003281345 0.669742942
1698058202.174000 7.857278347 -0.056574292 -0.164020538 -0.004302095 -0.707514703 -0.000559333 0.706685305
1698058202.674000 7.730879784 -0.053385518 -0.165740490 -0.004147660 -0.707260907 -0.000532265 0.706940353
1698058203.174000 7.597289085 -0.050811287 -0.167545795 -0.000853056 -0.707298875 0.000170194 0.706914127
1698058203.674000 7.460666180 -0.048126411 -0.168903828 -0.001581025 -0.707077146 -0.001173331 0.707133770
1698058203.974000 7.368185997 -0.046336900 -0.170136929 -0.001788619 -0.707810938 -0.000092907 0.706399679
1698058204.374000 7.250950336 -0.042756584 -0.179682732 -0.005123883 -0.720855176 -0.000754891 0.693066359
1698058204.674000 7.162412643 -0.040030740 -0.184149265 -0.008323339 -0.721128345 -0.002352238 0.692747593
1698058205.074000 7.047871590 -0.037775230 -0.202679157 -0.005336793 -0.740465224 0.001682975 0.672071397
1698058205.474000 6.932168484 -0.035557512 -0.213802814 -0.004107748 -0.740633905 0.004540007 0.671880901
1698058205.874000 6.798736572 -0.032092743 -0.229461193 -0.007210982 -0.740262032 0.003568855 0.672270358
1698058206.274000 6.672213554 -0.030216444 -0.250816822 -0.009219700 -0.753312111 0.005507674 0.657575488
1698058206.674000 6.540545464 -0.027880680 -0.270010471 -0.006754517 -0.753279567 0.005642395 0.657641590
1698058207.074000 6.407963753 -0.025220579 -0.288951397 -0.008829069 -0.753229141 0.004618330 0.657682717
1698058207.474000 6.276125908 -0.021900641 -0.308204651 -0.009229960 -0.753254592 0.004118688 0.657651424
1698058207.874000 6.149997711 -0.021028139 -0.327632427 -0.003964768 -0.752902210 0.010908544 0.658030033
1698058208.374000 5.985479355 -0.016911566 -0.351200104 -0.008532105 -0.753087640 0.004618348 0.657848597
1698058208.774000 5.852434158 -0.014020998 -0.369803429 -0.008421466 -0.753040195 0.006468391 0.657888830
1698058209.274000 5.689728260 -0.009555622 -0.391792297 -0.011209443 -0.753200173 0.003681263 0.657685578
1698058209.874000 5.498907089 -0.005665300 -0.422828674 -0.007353585 -0.759381175 0.004909372 0.650585949
1698058210.674000 5.254362106 -0.002466731 -0.462940693 -0.006577590 -0.758954346 0.004456783 0.651095390
1698058211.074000 5.128181458 0.001551360 -0.482694149 -0.009339972 -0.759058893 0.000265495 0.650954902
1698058211.574000 4.971540928 0.002666336 -0.507788658 -0.001802332 -0.758969069 0.006710551 0.651089609
1698058211.974000 4.843860626 0.005035856 -0.528023243 -0.004088837 -0.759015799 0.000741300 0.651058912
1698058212.274000 4.746315479 0.008225815 -0.544064045 -0.009633200 -0.758610129 -0.000271200 0.651473582
1698058212.674000 4.625024796 0.009364041 -0.563287735 -0.005452074 -0.758648694 0.006950762 0.651440084
1698058213.074000 4.500133038 0.011909544 -0.583267689 -0.013050676 -0.760167718 0.008158401 0.649544597
1698058213.474000 4.380826950 0.014769641 -0.603231907 -0.013462637 -0.758484960 0.005993139 0.651524007
1698058213.774000 4.288988113 0.016299877 -0.618146896 -0.008322853 -0.758301616 0.004670604 0.651834011
1698058214.174000 4.172567844 0.017394347 -0.636086941 -0.005802924 -0.758388281 0.007394583 0.651735306
1698058214.574000 4.054081440 0.019871099 -0.655156136 -0.005645114 -0.758110464 0.003134260 0.652094305
1698058214.974000 3.935548306 0.021910362 -0.673509598 -0.007830082 -0.758231342 0.005366182 0.651916504
1698058215.274000 3.846982956 0.023485810 -0.687467098 -0.008075311 -0.758193195 0.004913827 0.651961446
1698058215.674000 3.725400448 0.026947349 -0.706500530 -0.010153279 -0.758294821 0.002528919 0.651827812
1698058216.074000 3.605485439 0.027408883 -0.726110220 -0.004924937 -0.758079588 0.006187566 0.652114034
1698058216.374000 3.513111830 0.029367708 -0.740741968 -0.005830849 -0.758038878 0.005299239 0.652161777
1698058216.774000 3.390457153 0.032193702 -0.759649277 -0.009946235 -0.758071363 0.003780735 0.652084827
1698058217.174000 3.266794682 0.033942711 -0.779537678 -0.008523789 -0.758937716 0.006113804 0.651078761
1698058217.674000 3.107145309 0.036967497 -0.811666727 -0.008067898 -0.765783727 0.005420954 0.643024743
1698058218.074000 2.973205566 0.039786406 -0.836579084 -0.008463909 -0.765727699 0.006033477 0.643080950
1698058218.574000 2.808865309 0.042741902 -0.866547108 -0.008881744 -0.765661418 0.005676088 0.643157423
1698058219.074000 2.644190073 0.046140507 -0.895859480 -0.009685068 -0.765743911 0.006499850 0.643039823
1698058219.574000 2.484269142 0.047964744 -0.924046755 -0.009706793 -0.765789270 0.007124155 0.642978847
1698058220.274000 2.297522068 0.050362144 -0.958467484 -0.008851271 -0.765852034 0.007749728 0.642909229
1698058220.774000 2.166359663 0.054320119 -0.982493877 -0.008707493 -0.765875697 0.006454497 0.642897189
1698058221.274000 2.034677744 0.056848247 -1.007344007 -0.009081848 -0.765770912 0.006206677 0.643019378
1698058221.874000 1.867455959 0.059809502 -1.036735654 -0.008724632 -0.765839875 0.006278469 0.642941594
1698058222.374000 1.720260859 0.062294848 -1.063907623 -0.009075069 -0.765710652 0.006330464 0.643090010
1698058222.774000 1.602514148 0.064198419 -1.067800760 -0.003361299 -0.733084679 0.000186300 0.680129051
1698058223.374000 1.430082202 0.068628892 -1.043096066 -0.011010942 -0.684635818 0.001974340 0.728799462
1698058223.974000 1.298392296 0.072575480 -1.023457170 -0.007754543 -0.657896042 0.001357958 0.753067613
1698058224.574000 1.188976884 0.076973841 -0.969623148 -0.015663620 -0.583067417 0.005042496 0.812257111
1698058225.074000 1.107268691 0.080778271 -0.912234604 -0.012842125 -0.518934906 0.001673546 0.854715645
1698058225.474000 1.047511339 0.083960868 -0.856760800 -0.010055711 -0.464881271 -0.002596355 0.885312140
1698058225.874000 0.997700930 0.086425185 -0.797093272 -0.006682751 -0.411023468 -0.005648443 0.911582768
1698058226.274000 0.955526233 0.088675015 -0.732497275 -0.007103055 -0.356702924 -0.006605858 0.934167504
1698058226.574000 0.929828882 0.090682596 -0.681327105 -0.006447692 -0.315664828 -0.006547595 0.948826313
1698058226.974000 0.903856158 0.093744770 -0.614307284 -0.010588630 -0.261603445 -0.012524739 0.965036094
1698058227.474000 0.878802896 0.096442848 -0.526174009 -0.008118475 -0.202178225 -0.006040236 0.979296505
1698058227.974000 0.848909855 0.099008240 -0.442661464 -0.005771758 -0.181896403 -0.010802235 0.983241439
1698058228.374000 0.842559278 0.101612926 -0.375202179 -0.008631207 -0.130949184 -0.011981914 0.991279125
1698058228.874000 0.829707742 0.103508942 -0.291931778 -0.006485738 -0.107274190 -0.009132239 0.994166374
1698058229.374000 0.811299622 0.106094353 -0.208584979 -0.006104474 -0.107438356 -0.007855582 0.994161963
