1696408946.511000 0.000000000 0.000000000 0.000000000 -0.000000000 -0.000000000 -0.000000000 1.000000000
1696408950.033000 0.000347951 0.000300117 0.034632906 0.003351350 -0.000609140 0.000721717 0.999993980
1696408950.559000 -0.000637323 0.001309724 0.097496010 0.004124226 -0.000826432 0.000476284 0.999991059
1696408950.971000 -0.001684441 0.001892487 0.169518083 0.004064887 -0.000774434 0.000288952 0.999991417
1696408951.193000 -0.001764086 0.002221600 0.216946930 0.004005939 -0.001089239 0.000367181 0.999991357
1696408951.397000 -0.002024414 0.002973400 0.264405429 0.004045493 -0.001178567 0.000264444 0.999991119
1696408951.733000 -0.003155604 0.004244690 0.352412641 0.002013545 -0.001162862 0.000569733 0.999997139
1696408952.059000 -0.004115358 0.005433541 0.436581224 0.002421240 -0.001208910 0.001188364 0.999995649
1696408952.399000 -0.005318473 0.005725359 0.534221351 0.005032206 -0.001342877 0.001865017 0.999984741
1696408952.721000 -0.006175179 0.007661331 0.632436931 0.001160941 -0.001389112 0.002168299 0.999996066
1696408953.037000 -0.007000757 0.009473316 0.726926863 0.000017295 -0.001480099 0.001715919 0.999997437
1696408953.351000 -0.007863814 0.010600360 0.819303513 -0.000535784 -0.001798606 0.001946995 0.999996364
1696408953.664000 -0.008955693 0.009046556 0.912010074 0.010285316 -0.001604943 0.000817866 0.999945521
1696408954.105000 -0.017341984 0.012601380 1.035538077 -0.002120890 -0.016140390 0.001610499 0.999866188
1696408954.544000 -0.022037484 0.013428419 1.160971761 0.002970152 -0.016276311 0.000530707 0.999862969
1696408954.986000 -0.026113387 0.014883158 1.283199906 0.001233595 -0.016715953 0.000495101 0.999859393
1696408955.542000 -0.042574391 0.016493112 1.432438493 0.001845364 -0.039292008 0.001156617 0.999225378
1696408955.987000 -0.053917930 0.017147515 1.563208818 0.004982548 -0.039298721 0.002480982 0.999212027
1696408956.527000 -0.067653373 0.019923367 1.732210517 -0.000294774 -0.039624203 0.002141181 0.999212325
1696408957.075000 -0.081611365 0.021786643 1.900088906 0.002383795 -0.039737303 0.001105381 0.999206722
1696408957.615000 -0.096023269 0.023741543 2.062183380 -0.000044143 -0.040266532 0.002588948 0.999185681
1696408958.189000 -0.111241646 0.025388479 2.229383230 0.001237803 -0.040625405 0.001582585 0.999172449
1696408958.817000 -0.127536803 0.028795250 2.414364338 0.002092643 -0.040560551 0.002607038 0.999171495
1696408959.463000 -0.144249871 0.030468581 2.601586342 0.003069432 -0.040862035 0.003533328 0.999153852
1696408960.079000 -0.159316912 0.033296343 2.782950640 -0.000670928 -0.040980496 0.002906572 0.999155521
1696408960.700000 -0.174199536 0.035777256 2.960775614 0.001525008 -0.041097015 0.003106059 0.999149203
1696408961.309000 -0.189384565 0.038003441 3.139699459 0.001344726 -0.041688547 0.002200452 0.999127328
1696408962.016000 -0.209759742 0.040396947 3.370435476 0.003501167 -0.041906957 0.003703074 0.999108553
1696408962.626000 -0.230226129 0.043170433 3.583437920 0.002471194 -0.042103719 0.003918007 0.999102533
1696408963.339000 -0.252822131 0.048089325 3.852553606 -0.000075053 -0.042833362 0.004023284 0.999074161
1696408963.941000 -0.274594992 0.050663296 4.085548878 -0.000224309 -0.043674327 0.003946352 0.999037981
1696408964.543000 -0.296907425 0.052306641 4.313488483 0.002451675 -0.043425798 0.003933568 0.999045968
1696408965.170000 -0.319642484 0.054707404 4.548542023 0.001815647 -0.043760307 0.004192621 0.999031603
1696408965.783000 -0.342735767 0.058579430 4.774535179 -0.000251006 -0.043892063 0.005011037 0.999023676
1696408966.486000 -0.365399390 0.059576891 5.039645672 0.001338471 -0.044519026 0.004820515 0.998996019
1696408967.099000 -0.387833506 0.063689642 5.267132759 0.001335618 -0.044693507 0.005157676 0.998986542
1696408967.611000 -0.405064166 0.064692788 5.452158928 0.002991692 -0.045256011 0.006597084 0.998949170
1696408967.907000 -0.414657712 0.066984437 5.558582306 -0.004114470 -0.045606464 0.005313489 0.998936892
1696408968.312000 -0.428221434 0.068612874 5.704384327 0.003362140 -0.045834675 0.007057881 0.998918474
1696408968.619000 -0.439490914 0.069701515 5.812982559 0.002833535 -0.045727231 0.005234229 0.998936236
1696408968.932000 -0.449863702 0.071728997 5.919372082 -0.000216103 -0.045988016 0.004979752 0.998929560
1696408969.242000 -0.459818751 0.071338400 6.030815125 0.008188753 -0.046538841 0.004823594 0.998871326
1696408969.646000 -0.477188826 0.073395908 6.199467659 0.000634513 -0.046629030 0.005379627 0.998897612
1696408970.054000 -0.493575454 0.078484349 6.362088680 -0.006768782 -0.046737887 0.006212931 0.998864949
1696408970.452000 -0.508806825 0.077491015 6.519274712 0.006451725 -0.046977125 0.006155990 0.998856187
1696408970.757000 -0.521541357 0.080492087 6.639235973 0.000270302 -0.047194429 0.006498177 0.998864532
1696408971.060000 -0.533790469 0.081064515 6.754312038 0.003816318 -0.047221389 0.005919950 0.998859644
1696408971.355000 -0.545009792 0.083648123 6.865236282 0.001173407 -0.047548644 0.006049789 0.998849928
1696408971.768000 -0.560890317 0.085416012 7.017369747 0.002194064 -0.047753591 0.006912177 0.998832822
1696408972.155000 -0.576264977 0.086852759 7.161592960 0.001921717 -0.047821123 0.006790360 0.998830974
1696408972.558000 -0.591648340 0.088657752 7.305446148 0.002089002 -0.048073161 0.007038615 0.998816848
1696408972.970000 -0.607840717 0.090162739 7.452810287 0.001064580 -0.048108004 0.007282057 0.998815000
1696408973.460000 -0.626148999 0.092026047 7.624377728 0.000022984 -0.048255835 0.007520692 0.998806715
1696408973.878000 -0.640983105 0.093917958 7.768297672 0.000784447 -0.048721351 0.008829041 0.998773098
1696408974.376000 -0.658275366 0.096222505 7.939584732 0.002146489 -0.048998386 0.007197266 0.998770654
1696408974.977000 -0.679353416 0.099199995 8.136675835 0.002100042 -0.049111664 0.007513989 0.998762846
1696408975.480000 -0.697133720 0.100845218 8.301028252 0.002161228 -0.049314868 0.007761836 0.998750806
1696408976.181000 -0.696771026 0.104396261 8.522954941 -0.000180636 -0.002515991 0.007722907 0.999967039
1696408976.774000 -0.699217856 0.107135557 8.709465027 -0.001095528 -0.002834366 0.007445194 0.999967694
1696408977.372000 -0.700932384 0.109475598 8.900734901 0.001144700 -0.003327738 0.007329998 0.999966979
1696408977.989000 -0.704745948 0.112468317 9.099406242 0.001692114 -0.003139421 0.007271612 0.999967217
1696408978.482000 -0.706962109 0.114273645 9.259320259 0.002091441 -0.003230049 0.006963225 0.999968350
1696408979.087000 -0.709126294 0.116829172 9.454976082 -0.000706226 -0.003588725 0.006662569 0.999971151
1696408979.700000 -0.712990463 0.120239660 9.649892807 -0.000215603 -0.003734483 0.006736843 0.999970317
1696408980.204000 -0.716065705 0.122210428 9.808977127 0.001249146 -0.003573485 0.006549146 0.999971390
1696408980.722000 -0.717631936 0.124643505 9.968815804 0.002624812 -0.003922489 0.006813299 0.999965668
1696408981.217000 -0.719568074 0.125525177 10.121261597 0.001359687 -0.004099508 0.006925513 0.999966681
1696408981.719000 -0.720709026 0.127772287 10.274458885 0.001492163 -0.004566548 0.006632417 0.999966502
1696408982.218000 -0.724786520 0.130621627 10.423861504 -0.000534573 -0.004382393 0.007115006 0.999964952
1696408982.824000 -0.726287365 0.132676437 10.601243019 0.003123987 -0.005081429 0.006473123 0.999961257
1696408983.321000 -0.728948951 0.135212019 10.763895035 0.000936974 -0.005110774 0.006894398 0.999962747
1696408983.926000 -0.732189238 0.138107911 10.968389511 0.001860935 -0.005214806 0.006470323 0.999963760
1696408984.422000 -0.735660732 0.140241116 11.138674736 0.001592857 -0.005315014 0.006241809 0.999965131
1696408984.928000 -0.737055838 0.143958434 11.303523064 -0.000248850 -0.005997228 0.006763581 0.999959111
1696408985.533000 -0.742083609 0.145531744 11.499909401 0.006404991 -0.005928291 0.007860982 0.999931037
1696408986.035000 -0.744671404 0.148972511 11.661438942 -0.001662464 -0.006291930 0.006953078 0.999954700
1696408986.637000 -0.749219298 0.151135385 11.846049309 0.003835491 -0.006394992 0.006065613 0.999953806
1696408987.136000 -0.725413382 0.153482854 11.996131897 0.004442882 0.064160898 -0.004384207 0.997920036
1696408987.645000 -0.661317587 0.156740129 12.126044273 -0.005404184 0.181604803 -0.003479577 0.983350575
1696408988.263000 -0.551445246 0.160658002 12.254131317 -0.004512961 0.313628793 -0.008134219 0.949500084
1696408988.724000 -0.448171139 0.161340222 12.330026627 -0.003025432 0.409705013 -0.011669661 0.912138462
1696408989.152000 -0.341693401 0.161702499 12.382481575 0.001229252 0.493811220 -0.009009318 0.869521618
1696408989.639000 -0.214951038 0.159871817 12.420134544 0.004527344 0.567391813 -0.004822954 0.823421359
1696408990.216000 -0.072701454 0.159368590 12.454660416 0.004912125 0.604516447 -0.002827303 0.796572506
1696408990.846000 0.075307846 0.160009533 12.473089218 0.002106623 0.657226980 -0.009282896 0.753632605
1696408991.990000 0.300692558 0.161086097 12.465135574 0.004310312 0.706572115 -0.004790746 0.707611740
1696408992.720000 0.447007179 0.161917478 12.475584984 0.004682448 0.690910995 -0.004914166 0.722907960
1696408993.582000 0.612457275 0.162482589 12.484693527 0.004483400 0.690320432 -0.005042181 0.723472297
1696408994.356000 0.780650139 0.162728637 12.498704910 0.005154331 0.683140695 -0.004748783 0.730253220
1696408994.981000 0.930331230 0.162352592 12.509443283 0.007398574 0.682198822 -0.006783370 0.731097817
1696408995.573000 1.093444824 0.163191855 12.521999359 0.007331935 0.681499064 -0.003963731 0.731771529
1696408996.198000 1.304022789 0.163672268 12.538327217 0.004847783 0.680462122 -0.007405089 0.732729852
1696408996.800000 1.529318810 0.165122330 12.558576584 0.003522346 0.680410326 -0.005784187 0.732800126
1696408997.415000 1.757285118 0.165065750 12.576698303 0.004664110 0.679927289 -0.006666465 0.733234465
1696408998.298000 2.096329689 0.165351510 12.604737282 0.005335349 0.679390669 -0.005533926 0.733736515
1696408999.152000 2.435047150 0.165587544 12.633871078 0.002966379 0.679020166 -0.004923871 0.734097123
1696408999.746000 2.662318230 0.165123716 12.654494286 0.004765657 0.678970814 -0.006807589 0.734118223
1696409000.379000 2.904502869 0.167126790 12.677192688 -0.000834018 0.678863406 -0.010108653 0.734194517
1696409000.996000 3.157534599 0.165362775 12.706029892 -0.001909061 0.679217577 -0.006804112 0.733902931
1696409001.627000 3.403120041 0.164552331 12.727985382 0.003774743 0.678930163 -0.003973193 0.734182417
1696409002.456000 3.720395088 0.167067155 12.754215240 -0.000132837 0.679352701 -0.005292581 0.733792901
1696409002.871000 3.877184868 0.167359114 12.768093109 0.002569093 0.678700745 -0.011545849 0.734319687
1696409003.290000 4.039336681 0.167307869 12.782952309 -0.001756085 0.678699374 -0.008958742 0.734359443
1696409003.696000 4.198907852 0.167684883 12.796615601 0.000228877 0.678960919 -0.009670732 0.734110713
1696409004.298000 4.430997372 0.167949021 12.816389084 0.000495945 0.678046763 -0.010410189 0.734944940
1696409004.893000 4.656516075 0.169556499 12.837013245 -0.004061554 0.678160310 -0.003772109 0.734893203
1696409005.288000 4.804296017 0.169018030 12.852207184 -0.000388406 0.678576708 -0.011910745 0.734432876
1696409005.872000 5.017806530 0.170348421 12.871764183 -0.001070261 0.678630352 -0.010598092 0.734402776
1696409006.456000 5.224439144 0.169959798 12.889739990 -0.001798261 0.679027617 -0.010435469 0.734036386
1696409007.040000 5.420426369 0.170991093 12.909666061 -0.001513439 0.679994643 -0.011757774 0.733121276
1696409007.441000 5.548872471 0.170923904 12.921369553 -0.001026222 0.680228531 -0.012630624 0.732890546
1696409007.869000 5.675510883 0.171680063 12.921164513 -0.006754276 0.709263861 -0.014213401 0.704767466
1696409008.282000 5.807424068 0.171532035 12.920644760 -0.001453558 0.712814927 -0.011942651 0.701249003
1696409008.907000 6.003540993 0.170698702 12.921306610 -0.001853508 0.713970959 -0.010559542 0.700093329
1696409009.544000 6.182999611 0.164543256 12.898628235 -0.007964601 0.738078594 -0.012765752 0.674546957
1696409010.540000 6.403510094 0.166872233 12.826675415 0.005495116 0.807057917 -0.007866724 0.590394318
1696409011.202000 6.523356438 0.171674237 12.760260582 -0.005175761 0.857423604 -0.007116370 0.514536023
1696409011.936000 6.616867065 0.173433334 12.666138649 -0.007905745 0.913499355 -0.010614165 0.406624943
1696409012.441000 6.664714813 0.174603313 12.593258858 -0.005061526 0.943012655 -0.016268471 0.332320422
1696409012.950000 6.698497772 0.176218241 12.513257980 -0.008617130 0.966565549 -0.009682450 0.256091774
1696409013.428000 6.720978737 0.174662083 12.433176994 -0.008131485 0.984074771 -0.012602465 0.177121088
1696409014.063000 6.732927322 0.174027711 12.307274818 -0.000393872 0.996490300 -0.012561669 0.082759678
1696409014.644000 6.753804207 0.170107141 12.184148788 0.004593049 0.996779203 -0.020777971 0.077320516
1696409015.025000 6.768100739 0.169923112 12.090739250 0.005709777 0.997022152 -0.012078342 0.075949281
1696409015.585000 6.788054466 0.168848306 11.955167770 0.010197481 0.996917605 -0.013770129 0.076562054
1696409016.166000 6.809814453 0.167525753 11.818924904 0.010918551 0.996962130 -0.010082498 0.076456711
1696409016.740000 6.832077026 0.166325361 11.686147690 0.010660633 0.996947706 -0.010838017 0.076578379
1696409017.308000 6.855898857 0.165092409 11.537971497 0.012216674 0.996845007 -0.013863601 0.077192247
1696409017.876000 6.883069038 0.163249284 11.371228218 0.011258423 0.996774673 -0.011133397 0.078674093
1696409018.486000 6.911273956 0.162731916 11.204755783 0.007567621 0.996785581 -0.011195289 0.078967877
1696409019.065000 6.931358337 0.161347881 11.042625427 0.003599635 0.997843325 -0.011240947 0.064570911
1696409019.706000 6.955900192 0.158977032 10.860528946 0.002968480 0.997830272 -0.012905397 0.064493991
1696409020.248000 6.977771759 0.157238066 10.699445724 0.000676636 0.997783542 -0.010980745 0.065627314
1696409020.794000 7.001286507 0.156309783 10.542005539 -0.001080563 0.997795880 -0.010918212 0.065444611
1696409021.344000 7.022150993 0.155278176 10.385845184 -0.000543349 0.997755945 -0.011437408 0.065969430
1696409021.965000 7.046512604 0.155248255 10.206713676 -0.000376410 0.997791588 -0.010446774 0.065594979
1696409022.562000 7.071235657 0.153121725 10.031063080 0.001340509 0.997821808 -0.011289690 0.064980164
1696409023.176000 7.095102310 0.151699379 9.859883308 -0.000630694 0.997808278 -0.009948597 0.065416612
1696409023.756000 7.118474960 0.149847195 9.692243576 -0.000458214 0.997771442 -0.010835274 0.065837242
1696409024.399000 7.143003464 0.149351597 9.514335632 -0.001921804 0.997789919 -0.010658150 0.065559603
1696409025.022000 7.153274059 0.148692399 9.340797424 -0.007296138 0.999661446 -0.011332816 0.022255681
1696409025.653000 7.160078049 0.145511031 9.155797958 -0.003270114 0.999765515 -0.012101797 0.017658837
1696409026.292000 7.167917252 0.145553723 8.975062370 -0.002914772 0.999838293 -0.009865528 0.014752601
1696409026.934000 7.172173977 0.143402636 8.801669121 -0.002233059 0.999867618 -0.010101403 0.012559086
1696409027.546000 7.177331924 0.143304050 8.630424500 -0.001056605 0.999874115 -0.010486633 0.011860239
1696409028.164000 7.181001663 0.142644674 8.463515282 -0.000468948 0.999866486 -0.011605607 0.011497752
1696409028.763000 7.186686039 0.140619680 8.291294098 0.000171867 0.999851942 -0.012518227 0.011803662
1696409029.373000 7.194168568 0.140283540 8.121213913 0.001361734 0.999727964 -0.010722939 0.020670179
1696409030.179000 7.204941273 0.137855664 7.887033463 0.000684125 0.999655902 -0.013660857 0.022382956
1696409031.008000 7.220307827 0.132872224 7.599258900 0.002984204 0.999693573 -0.011041303 0.021952443
1696409031.406000 7.226330757 0.131870210 7.453023434 0.001136549 0.999711812 -0.007654135 0.022724288
1696409032.010000 7.239123821 0.129868984 7.218596935 -0.003443404 0.999661744 -0.013023314 0.022247756
1696409032.409000 7.247322559 0.129735649 7.059661865 0.000481490 0.999735892 -0.009203591 0.021053065
1696409032.803000 7.252720833 0.127671063 6.905212402 0.000989017 0.999732971 -0.010889413 0.020358201
1696409033.197000 7.258650303 0.126405090 6.753465652 0.002853413 0.999721944 -0.009651771 0.021324934
1696409033.598000 7.266245365 0.127312481 6.605403900 0.000270514 0.999777496 -0.005049514 0.020480704
1696409033.974000 7.272088051 0.125832200 6.461553097 0.003038534 0.999718726 -0.011335776 0.020609451
1696409034.369000 7.278519630 0.125251323 6.312231064 0.002539295 0.999709070 -0.012340653 0.020568538
1696409034.752000 7.285492897 0.124544129 6.171167850 0.000688126 0.999752283 -0.011202248 0.019219788
1696409035.319000 7.292301655 0.122565635 5.968833923 0.003190415 0.999739647 -0.010435195 0.020041050
1696409035.896000 7.300009251 0.121646650 5.772730827 0.003952167 0.999741018 -0.010495723 0.019804001
1696409036.460000 7.308608532 0.121193871 5.585509777 0.002809061 0.999735057 -0.011690806 0.019629134
1696409036.832000 7.313743114 0.119586185 5.457890987 0.004076098 0.999735713 -0.011021534 0.019760186
1696409037.204000 7.317737103 0.119475521 5.333834648 0.004300904 0.999719024 -0.010950295 0.020578988
1696409037.577000 7.325460434 0.117427357 5.208528042 0.005654325 0.999741197 -0.010762599 0.019228829
1696409038.141000 7.334060669 0.116469249 5.025347233 0.003976723 0.999742746 -0.011345524 0.019234637
1696409038.512000 7.339684010 0.114733547 4.902825832 0.001836700 0.999730587 -0.013054880 0.019104620
1696409038.883000 7.345332623 0.114595674 4.773885727 0.002634451 0.999766409 -0.010048549 0.018955145
1696409039.259000 7.351828575 0.114017226 4.645246983 0.003745381 0.999718964 -0.010670747 0.020837111
1696409039.629000 7.366880417 0.112248659 4.520249367 0.005284442 0.998905063 -0.010710563 0.045233797
1696409040.003000 7.378969193 0.111990996 4.395771503 0.004286403 0.998868585 -0.010001820 0.046293981
1696409040.381000 7.390423775 0.111034177 4.273602486 0.003961022 0.998841166 -0.010908358 0.046708137
1696409040.940000 7.410580635 0.109935343 4.091275215 0.002160526 0.998877347 -0.010772569 0.046079803
1696409041.297000 7.422516823 0.110302836 3.975495100 0.002340521 0.998882294 -0.010973399 0.045916226
1696409041.672000 7.434666634 0.109479785 3.859381676 0.002799148 0.998896599 -0.010953575 0.045583852
1696409042.224000 7.453865051 0.107637987 3.691336155 0.003470359 0.998920679 -0.011291551 0.044921320
1696409042.582000 7.461968422 0.108714901 3.586279631 0.002769325 0.998933971 -0.005970014 0.045690853
1696409043.124000 7.476199150 0.106744856 3.431940079 0.002822845 0.998920798 -0.009548826 0.045366634
1696409043.673000 7.491525650 0.106401145 3.278877258 0.001684289 0.998932242 -0.011398166 0.044740230
1696409044.221000 7.505777359 0.105385840 3.126360655 0.001170576 0.998963714 -0.010898000 0.044174109
1696409044.760000 7.518336773 0.103454836 2.987514973 0.000533461 0.998967767 -0.011753150 0.043875486
1696409045.467000 7.533680916 0.101984330 2.812909126 -0.000108622 0.999000132 -0.009056799 0.043781068
1696409045.996000 7.544427395 0.102071166 2.685150862 -0.002753309 0.999353230 -0.011862213 0.033836298
1696409047.000000 7.549677372 0.100050494 2.447988987 0.001042320 0.999880314 -0.010937555 0.010895038
1696409047.671000 7.554407597 0.098845422 2.291992664 0.001572524 0.999873281 -0.011726691 0.010652758
1696409048.372000 7.558978558 0.097450987 2.142938614 -0.001296895 0.999895215 -0.011051220 0.009265481
1696409048.864000 7.562436581 0.097593218 2.034319878 -0.002360023 0.999935448 -0.007474599 0.008228462
1696409049.358000 7.565444469 0.095379673 1.922449112 -0.000894788 0.999852121 -0.015258381 0.007889449
1696409049.846000 7.567587852 0.095048629 1.799403906 0.002693853 0.999893725 -0.012250686 0.007431855
1696409050.334000 7.570909023 0.092973791 1.679486632 0.008037060 0.999871314 -0.012516887 0.006016308
1696409050.819000 7.574450970 0.092581920 1.562092423 0.003932875 0.999910355 -0.010804659 0.006867703
1696409051.300000 7.576381207 0.091541901 1.451592326 0.004780040 0.999889851 -0.012623250 0.006174539
1696409051.936000 7.578279972 0.091754794 1.306932807 0.003660524 0.999960780 -0.005424748 0.005965911
1696409052.731000 7.585170269 0.090014547 1.129570484 0.005572990 0.999719262 -0.011417672 0.020000765
1696409053.367000 7.592226982 0.088521577 0.975744069 0.008428941 0.999716580 -0.010046361 0.019872259
1696409054.006000 7.600564003 0.087377518 0.817945421 0.004146409 0.999763072 -0.008801605 0.019471537
1696409054.799000 7.608778477 0.086449876 0.617302060 0.004196566 0.999758422 -0.009941408 0.019149402
1696409055.727000 7.617837429 0.084899582 0.387745827 0.005506099 0.999732792 -0.011201781 0.019457415
1696409056.192000 7.622477531 0.085788272 0.273721814 0.007057368 0.999783456 -0.002660421 0.019395106
1696409056.504000 7.626402378 0.084873728 0.201286659 0.007083713 0.999765277 -0.007573590 0.019024709
1696409057.125000 7.632037163 0.084569544 0.056437552 0.003507503 0.999757588 -0.009779439 0.019412365
1696409057.602000 7.636809826 0.083457775 -0.048591077 0.004612191 0.999733508 -0.011857042 0.019263322
1696409058.048000 7.645484447 0.082912490 -0.158851624 0.005783249 0.999441385 -0.010250182 0.031279441
1696409058.512000 7.652710438 0.081605896 -0.267128825 0.005028952 0.999388039 -0.013051296 0.032061078
1696409058.989000 7.662890434 0.080497131 -0.391939282 0.006938193 0.999393702 -0.013064709 0.031518735
1696409059.459000 7.671961308 0.079889983 -0.526970029 0.007684286 0.999390006 -0.011613485 0.032027338
1696409060.071000 7.685342789 0.078581415 -0.699547648 0.005437980 0.999373198 -0.013609381 0.032225054
1696409060.685000 7.699289322 0.077971205 -0.888715625 0.006385261 0.999417007 -0.010099348 0.031983081
1696409061.141000 7.710865021 0.075284734 -1.026487827 0.006487922 0.999418497 -0.011550807 0.031418256
1696409061.588000 7.721498489 0.074511647 -1.159465075 0.008207908 0.999411464 -0.012517775 0.030865962
1696409062.032000 7.731407642 0.074399188 -1.289839029 0.006610068 0.999430239 -0.010138390 0.031507559
1696409062.480000 7.728184223 0.073859796 -1.391215324 0.006281558 0.999376237 -0.011339294 0.032849927
1696409062.928000 7.748250484 0.071998775 -1.535259724 0.007210513 0.999433756 -0.010561656 0.031122750
1696409063.366000 7.757836819 0.070913076 -1.656877756 0.007161633 0.999443769 -0.011143883 0.030606430
1696409063.801000 7.765012741 0.070714861 -1.770632267 0.008756970 0.999464273 -0.007512815 0.030627919
1696409064.250000 7.773370266 0.068794787 -1.878191948 0.008104512 0.999428213 -0.012508236 0.030350460
1696409064.828000 7.782412052 0.067926437 -2.009300232 0.006051515 0.999440372 -0.012316305 0.030506758
1696409065.261000 7.788135529 0.067339957 -2.101860523 0.006808734 0.999458551 -0.009989566 0.030601768
1696409065.830000 7.795470715 0.066819370 -2.211601496 0.007178830 0.999436200 -0.011915442 0.030557284
1696409066.643000 7.779995918 0.066340208 -2.357671022 -0.000300054 -0.997765183 0.010180434 0.066037357
1696409067.006000 7.754914284 0.066541836 -2.416354179 -0.003411963 -0.989859939 0.007579670 0.141803458
1696409067.400000 7.716843128 0.067638978 -2.475476503 -0.008316529 -0.975005269 0.003092886 0.222004503
1696409068.008000 7.660624027 0.068698019 -2.560554743 -0.014070322 -0.964744389 0.005570877 0.262753397
1696409068.577000 7.609366417 0.066752754 -2.646787882 -0.005340596 -0.965542793 0.008638181 0.260046124
1696409069.352000 7.537626266 0.068475455 -2.764889717 -0.000255696 -0.960388839 0.004661344 0.278624237
1696409069.895000 7.469832420 0.067317590 -2.832387447 -0.007678212 -0.935368776 0.008084107 0.353498101
1696409070.451000 7.404618740 0.068516001 -2.901049614 -0.001996543 -0.926353514 0.009517885 0.376529813
1696409070.773000 7.359078407 0.067872681 -2.927557945 -0.003939766 -0.902241528 0.006819216 0.431159258
1696409071.072000 7.314004898 0.069467224 -2.948437214 -0.002174434 -0.877608776 0.006631872 0.479326844
1696409071.363000 7.268946648 0.069612913 -2.963438511 -0.003223926 -0.851249397 0.008676947 0.524679661
1696409071.676000 7.222202301 0.070301533 -2.977958202 -0.007454532 -0.831233978 0.007133322 0.555826962
1696409072.063000 7.166546345 0.071340874 -2.999807835 -0.009414977 -0.829354405 0.007783667 0.558589339
1696409072.371000 7.121270180 0.072456628 -3.006419659 -0.002394733 -0.801508605 0.001720707 0.597975969
1696409072.675000 7.077467442 0.073132128 -3.007970333 -0.003127595 -0.770457566 0.003432337 0.637474477
1696409073.271000 6.991974831 0.073873952 -3.018585205 -0.005431131 -0.759971440 0.008791129 0.649874330
1696409073.666000 6.936778069 0.075328819 -3.020775318 -0.004359258 -0.741687357 0.003956615 0.670719922
1696409074.182000 6.863691330 0.076410666 -3.028568268 -0.003876206 -0.741970181 0.003693070 0.670411527
1696409074.583000 6.794940948 0.077729851 -3.036113262 -0.003121281 -0.741948187 0.005431662 0.670428038
1696409074.981000 6.715196609 0.078995109 -3.044647217 -0.002139952 -0.742080212 0.007020156 0.670270920
1696409075.485000 6.598426819 0.081745483 -3.057847977 -0.007528393 -0.742376268 0.001361754 0.669939518
1696409075.982000 6.482136726 0.083288275 -3.071816444 -0.000998878 -0.742392600 0.000173090 0.669964433
1696409076.486000 6.368858337 0.085509248 -3.084376335 0.000234278 -0.742407203 -0.001041769 0.669948101
1696409076.981000 6.256975174 0.087509252 -3.097396851 -0.000427157 -0.742231786 -0.000620490 0.670142829
1696409077.476000 6.148110390 0.089791395 -3.110002518 -0.000158366 -0.742024362 -0.000430609 0.670372784
1696409078.133000 6.011073112 0.091758341 -3.124749184 -0.003446409 -0.739810467 -0.000511044 0.672806263
1696409078.728000 5.886130810 0.093433231 -3.120129108 -0.001629133 -0.711913466 0.006367276 0.702236414
1696409079.332000 5.760591507 0.095828101 -3.121494770 0.000035402 -0.712353349 -0.002285936 0.701817274
1696409079.941000 5.638622761 0.098282591 -3.111538887 0.003978320 -0.677360058 -0.005156716 0.735622823
1696409080.536000 5.520138264 0.100824244 -3.101274490 -0.000800191 -0.677341104 0.000081811 0.735668659
1696409081.135000 5.407145023 0.103258714 -3.073939800 0.000161505 -0.623416483 -0.004869174 0.781874776
1696409081.940000 5.265077114 0.106110796 -3.015725613 -0.002342655 -0.561414599 0.000924175 0.827530921
1696409082.621000 5.160799980 0.109401211 -2.961549520 -0.001538264 -0.516262174 -0.006115302 0.856407404
1696409083.123000 5.095913887 0.112419143 -2.897315025 -0.002358551 -0.428497881 -0.007498106 0.903508604
1696409083.658000 5.026648045 0.114323273 -2.829523087 0.005144677 -0.397518367 -0.004998096 0.917566180
1696409083.973000 4.995911121 0.115385920 -2.781615496 0.008314186 -0.339053005 -0.008435758 0.940692723
1696409084.196000 4.978814602 0.115144596 -2.747906208 0.007639391 -0.300607026 -0.008073245 0.953683317
1696409084.528000 4.958692074 0.116403401 -2.692450762 0.000295243 -0.234223261 -0.016132830 0.972048938
1696409084.877000 4.946075439 0.116922095 -2.634574413 0.002333435 -0.173782572 -0.010109019 0.984729409
1696409085.598000 4.915297985 0.117325000 -2.517269135 0.006675292 -0.125999525 -0.008365955 0.991972566
1696409086.098000 4.904932022 0.117152512 -2.436035156 0.006512981 -0.094729356 0.000240506 0.995481730
1696409086.723000 4.885512829 0.117885724 -2.317084789 0.005710908 -0.072946414 -0.003330462 0.997313976
1696409087.113000 4.878745079 0.117813691 -2.238807440 0.004840108 -0.056705676 0.002063746 0.998377085
1696409087.625000 4.866304874 0.118653812 -2.137586355 0.005131149 -0.056992088 0.001366061 0.998360515
1696409088.012000 4.856467247 0.118659198 -2.054876328 0.007938121 -0.057403143 0.001792417 0.998317957
1696409088.390000 4.845642090 0.119803600 -1.964281082 0.005839018 -0.057767920 0.001374771 0.998311996
1696409088.892000 4.828828335 0.119828753 -1.844973564 0.005160317 -0.057456709 0.002776048 0.998330832
1696409089.276000 4.818171501 0.122722641 -1.756581545 -0.002323530 -0.057809267 0.002076464 0.998322785
1696409089.768000 4.804701328 0.122344397 -1.639002800 0.005730031 -0.058681868 0.002410311 0.998257399
1696409090.141000 4.794112682 0.123321898 -1.554746628 0.004992189 -0.058668908 0.000611059 0.998264849
1696409090.513000 4.783817768 0.123781256 -1.470860720 0.005288935 -0.059197173 0.000787273 0.998232007
1696409091.009000 4.768271923 0.124378681 -1.351915836 0.008426841 -0.059193358 0.000448946 0.998210847
1696409091.376000 4.755554199 0.124260351 -1.252367854 0.007802943 -0.059368759 -0.000014300 0.998205662
1696409091.751000 4.741453171 0.124987803 -1.138428926 0.008484317 -0.059827346 -0.000322793 0.998172641
1696409092.241000 4.720943451 0.125783056 -0.975387454 0.004591021 -0.060211033 -0.001773315 0.998173535
1696409092.483000 4.710403919 0.126620382 -0.895867050 0.004522074 -0.060177419 -0.002998138 0.998172939
1696409092.861000 4.699252605 0.126971617 -0.774219990 0.006018295 -0.042448137 -0.008198178 0.999046922
1696409093.235000 4.696485043 0.126898691 -0.655677140 0.004947293 -0.020261865 -0.003686873 0.999775648
1696409093.731000 4.681551933 0.127960458 -0.499701858 0.006058709 -0.046798822 0.004433820 0.998876154
1696409094.090000 4.668792248 0.128358483 -0.389632165 0.004078822 -0.049372278 -0.004452765 0.998762190
1696409094.703000 4.650279522 0.129256949 -0.209973052 0.001690292 -0.050209582 -0.002533486 0.998734057
1696409095.066000 4.638382912 0.128957212 -0.113190211 0.006185391 -0.049771279 -0.002297960 0.998738885
1696409095.540000 4.623970032 0.129790351 0.014328528 0.004701239 -0.049753673 -0.001847732 0.998748779
1696409096.013000 4.611221790 0.130460680 0.135302544 0.005252376 -0.050249726 -0.001340357 0.998722017
1696409096.480000 4.597417831 0.131503925 0.252022296 0.004710759 -0.050379284 -0.003912325 0.998711407
1696409097.069000 4.581302643 0.132015556 0.395226836 0.004437179 -0.050466172 -0.001092235 0.998715341
1696409097.419000 4.571847439 0.131778046 0.480102092 0.005009520 -0.050667737 -0.000296301 0.998702943
1696409097.769000 4.561864376 0.132632792 0.561506093 0.005454217 -0.050461471 -0.000036331 0.998711109
1696409097.999000 4.556178093 0.133070365 0.615131378 0.005143377 -0.050671216 0.000313990 0.998702109
1696409098.345000 4.547599792 0.133579075 0.693432450 0.005379555 -0.050615039 0.000837973 0.998703420
