1696124271.849000 0.000000000 0.000000000 0.000000000 -0.000000000 -0.000000000 -0.000000000 1.000000000
1696124272.647000 0.001431177 0.000465747 0.026812913 0.002817755 -0.000563626 -0.000793582 0.999995589
1696124273.148000 -0.002221630 0.001369008 0.070629202 0.003346026 0.000608332 -0.001074263 0.999993682
1696124273.357000 -0.001117560 0.001421232 0.093536317 0.002685493 0.000022733 -0.000885640 0.999996006
1696124273.541000 -0.002476919 0.001377729 0.118075758 0.002366017 0.000220400 -0.000411901 0.999997079
1696124273.744000 -0.001481347 0.002198637 0.147179633 0.002147682 -0.000445018 -0.000404602 0.999997556
1696124273.950000 -0.001969096 0.002843341 0.180392548 0.002131030 -0.000265877 0.000264180 0.999997675
1696124274.243000 -0.002164409 0.003738869 0.232563108 0.002535836 -0.000206554 0.002369811 0.999993980
1696124274.541000 -0.002790427 0.004346627 0.292962044 0.004931763 0.000155807 0.003776341 0.999980748
1696124274.858000 -0.003444465 0.005008592 0.364487976 0.004715555 0.000083278 0.003043113 0.999984264
1696124275.148000 -0.004730252 0.005796267 0.437139302 0.002934773 0.000518021 0.000438455 0.999995470
1696124275.442000 -0.005202365 0.007091530 0.524434745 0.003258534 0.000424112 -0.000642741 0.999994397
1696124275.846000 -0.008206951 0.008362727 0.640696824 0.003142838 0.001102179 -0.000632645 0.999994278
1696124276.247000 -0.010570807 0.010776825 0.775048494 0.003319266 0.001270141 -0.001185534 0.999993026
1696124276.648000 -0.013119577 0.012496474 0.922046900 0.001636504 0.001380388 0.001610467 0.999996424
1696124277.060000 -0.011785948 0.014827620 1.061659813 0.006296245 0.000885005 0.006335696 0.999959707
1696124277.449000 -0.013145530 0.017192446 1.223520756 0.001417973 0.001299959 -0.001067008 0.999997616
1696124277.947000 -0.017209282 0.021051485 1.449882269 0.003684070 0.001842373 -0.000426841 0.999991417
1696124278.439000 -0.015326741 0.023860248 1.679594517 0.003628983 0.002290177 0.002259480 0.999988258
1696124278.949000 -0.018144004 0.026904320 1.923580647 -0.000013872 0.002765606 -0.000030576 0.999996185
1696124279.450000 -0.018613121 0.029848756 2.161408186 -0.000107282 0.002830958 0.000459051 0.999995887
1696124279.944000 -0.022644838 0.034246605 2.394639254 0.000045604 0.004004431 0.002393847 0.999989152
1696124280.544000 -0.022184838 0.037303839 2.668371439 0.001007038 0.003923135 -0.000935918 0.999991357
1696124281.136000 -0.025325758 0.038189825 2.934307575 0.000288482 0.005582620 -0.001644929 0.999983013
1696124281.643000 -0.021628315 0.042228784 3.156757832 -0.001557436 0.005435056 0.000750516 0.999983728
1696124282.044000 -0.022284644 0.044558693 3.329200506 0.002131694 0.006078646 0.001672324 0.999977887
1696124282.541000 -0.022520687 0.048604943 3.536909103 -0.005436601 0.006198246 0.003743543 0.999958992
1696124283.029000 -0.020548133 0.052682307 3.740825891 0.000397144 0.006227529 -0.001603925 0.999979258
1696124283.537000 -0.020149132 0.053079259 3.948933363 0.001046364 0.006865886 -0.002277136 0.999973297
1696124284.044000 -0.017489623 0.057708096 4.147881031 -0.000282789 0.006903888 0.002606355 0.999972761
1696124284.547000 -0.015473279 0.060137607 4.344820499 0.000687538 0.006896073 -0.001341347 0.999975085
1696124285.033000 -0.013099028 0.063849352 4.532549381 -0.000515636 0.006899917 0.001575260 0.999974847
1696124285.442000 -0.011580016 0.065942027 4.688705444 -0.000293754 0.007095796 0.001007296 0.999974310
1696124286.029000 -0.008665579 0.068598390 4.907771111 0.000237643 0.007259905 0.002355594 0.999970853
1696124286.539000 -0.008755486 0.072969973 5.091088295 -0.000066292 0.007429193 0.000219527 0.999972403
1696124286.826000 -0.007456484 0.075976744 5.203285217 -0.000354857 0.007863181 -0.000786194 0.999968767
1696124287.334000 -0.004243666 0.078576580 5.392847061 -0.000383268 0.007940396 -0.000414780 0.999968350
1696124287.725000 -0.002463579 0.080118753 5.537055492 0.000433931 0.007940020 0.000356505 0.999968350
1696124288.129000 -0.001344507 0.081275813 5.680509567 0.002101060 0.009624126 -0.001865646 0.999949753
1696124288.426000 0.000649166 0.083004683 5.783805847 -0.003919120 0.010148175 -0.002223747 0.999938369
1696124288.718000 0.001961735 0.085421853 5.886389256 0.000987585 0.010448689 -0.000505444 0.999944806
1696124289.034000 0.003192545 0.086562991 5.993010044 -0.000635146 0.010469899 -0.000843130 0.999944627
1696124289.427000 0.004140584 0.089724146 6.125668049 0.000342922 0.010973375 -0.000895713 0.999939382
1696124289.836000 0.006532976 0.091667697 6.261422157 -0.002567602 0.011139760 0.002996429 0.999930203
1696124290.223000 0.009038446 0.093321763 6.387369156 -0.000361465 0.010907655 -0.000276838 0.999940455
1696124290.631000 0.010662856 0.095761895 6.517678738 -0.000143047 0.011135268 -0.001864832 0.999936283
1696124291.332000 0.015917791 0.100024849 6.738500595 -0.000126410 0.011084503 -0.001750062 0.999937057
1696124291.719000 0.017445998 0.101984613 6.856292725 -0.001050826 0.011513791 0.000677138 0.999932945
1696124292.123000 0.020450111 0.103615217 6.979807854 0.007079982 0.011250225 -0.000763070 0.999911368
1696124292.524000 0.024128627 0.105295874 7.098539829 -0.001615260 0.011397681 -0.001956685 0.999931872
1696124293.031000 0.027147407 0.107788965 7.244560719 -0.004370013 0.011200717 -0.000925149 0.999927282
1696124293.527000 0.029772151 0.108920872 7.384807587 0.003820666 0.011389796 0.000594592 0.999927700
1696124294.021000 0.031735774 0.111270629 7.520451546 -0.001630453 0.011492177 0.003037346 0.999928057
1696124294.529000 0.034370385 0.112593144 7.659681320 0.001553450 0.011223170 0.003767749 0.999928713
1696124295.028000 0.036086258 0.115362450 7.801749706 -0.000433320 0.011669840 0.002914082 0.999927580
1696124295.526000 0.040392507 0.116462238 7.939853668 -0.000683463 0.011688671 0.000516119 0.999931335
1696124296.121000 0.045381077 0.118311763 8.103800774 0.000613903 0.011510653 0.002483037 0.999930501
1696124296.717000 0.049608644 0.120048001 8.265926361 0.001264291 0.011393939 0.003438333 0.999928415
1696124297.323000 0.054240052 0.123300403 8.425611496 0.001835429 0.010595568 -0.003946214 0.999934375
1696124297.919000 0.055721741 0.125770196 8.578723907 -0.000242689 0.011227551 -0.005352009 0.999922633
1696124298.514000 0.060436968 0.128767580 8.729203224 0.000111321 0.010918938 -0.005419777 0.999925733
1696124299.124000 0.063018717 0.130825460 8.880503654 -0.002385529 0.001875574 -0.001926708 0.999993563
1696124299.613000 0.064059898 0.133017227 8.999269485 0.001508985 0.000856795 0.001916134 0.999996662
1696124300.213000 0.064828396 0.134771869 9.152535439 0.002526456 0.000913212 -0.006228559 0.999976993
1696124300.815000 0.064314134 0.137794733 9.308676720 0.000151645 0.000390218 -0.006244757 0.999980390
1696124301.421000 0.065039098 0.139887437 9.468054771 -0.003009539 0.000323221 -0.002464147 0.999992371
1696124302.109000 0.062524706 0.142816961 9.648965836 0.001003434 0.000825750 -0.003998014 0.999991179
1696124302.713000 0.061654780 0.144152254 9.816191673 -0.000003993 0.000843623 -0.006232812 0.999980211
1696124303.423000 0.059526443 0.147958159 10.008508682 -0.000461560 0.001233071 -0.004384014 0.999989510
1696124304.113000 0.061592977 0.150109589 10.192668915 0.003636786 0.000282253 -0.001244252 0.999992609
1696124304.720000 0.061001159 0.151994392 10.350543976 -0.000370224 0.000463856 -0.006563558 0.999978304
1696124305.415000 0.059993494 0.154834703 10.526457787 -0.000410404 0.000107527 -0.005984325 0.999981999
1696124306.012000 0.059879396 0.157676190 10.675110817 -0.002743575 0.000378995 -0.002236117 0.999993682
1696124306.521000 0.058363214 0.159177497 10.797760963 0.002059484 -0.000054535 -0.000230538 0.999997854
1696124307.017000 0.058016617 0.160478994 10.911376953 -0.003770047 -0.000122345 0.005462231 0.999978006
1696124307.519000 0.057694905 0.163049713 11.027743340 -0.000713449 -0.000507100 0.000423183 0.999999523
1696124308.008000 0.056387890 0.164092198 11.139303207 0.001439585 -0.000500759 0.002803897 0.999994934
1696124308.507000 0.055875279 0.166170657 11.249769211 -0.001806292 -0.000490558 0.001329304 0.999997377
1696124309.010000 0.054649550 0.167830542 11.359902382 0.000462308 -0.000521493 0.002195315 0.999997377
1696124309.515000 0.052176688 0.170217887 11.467409134 -0.001860677 -0.000537830 0.005033874 0.999985456
1696124310.218000 0.050894041 0.172524825 11.614727974 0.000227145 -0.000938093 -0.000873704 0.999999166
1696124310.712000 0.050396878 0.174689040 11.718679428 0.002158002 -0.001261188 0.001941327 0.999994993
1696124311.319000 0.048215374 0.176397070 11.847955704 0.000258211 -0.000978563 -0.000030316 0.999999523
1696124312.012000 0.047209267 0.178440660 11.993004799 0.005335642 -0.001256072 0.001764194 0.999983430
1696124312.507000 0.045430843 0.180708647 12.105443954 0.001624107 -0.001395212 0.000226261 0.999997675
1696124313.119000 0.044104498 0.182238907 12.242370605 0.000260428 -0.001354770 -0.006457119 0.999978185
1696124313.607000 0.044018008 0.183851585 12.357906342 0.000419302 -0.001614673 -0.005917132 0.999981105
1696124314.106000 0.042100973 0.185815230 12.476870537 0.000038838 -0.001193889 -0.005322037 0.999985158
1696124314.610000 0.040556461 0.187951475 12.593441963 -0.002076315 -0.000884215 -0.001926449 0.999995589
1696124315.117000 0.041134279 0.189249679 12.709518433 0.001254917 -0.001225741 -0.003324124 0.999992967
1696124315.715000 0.039518997 0.191484779 12.850967407 -0.000019908 -0.001073656 -0.006127256 0.999980688
1696124316.317000 0.037680633 0.193484128 12.989271164 -0.000043939 -0.000745215 -0.005622149 0.999983966
1696124316.910000 0.037023079 0.196468920 13.123489380 -0.001167612 -0.000611355 -0.003314467 0.999993682
1696124317.607000 0.036954086 0.197780907 13.274716377 0.005194546 0.001551440 -0.004305136 0.999976039
1696124318.209000 0.037538465 0.198957920 13.399788857 0.000209803 0.001277598 -0.005864363 0.999981999
1696124319.007000 0.036007855 0.201466054 13.560735703 0.000082737 0.001436124 -0.005075753 0.999986112
1696124319.711000 0.034034602 0.204045311 13.699962616 -0.001324100 0.002241395 -0.002994816 0.999992132
1696124320.407000 0.033247959 0.205920681 13.833648682 0.004368260 0.002243239 -0.000747876 0.999987662
1696124321.013000 0.033540744 0.207854241 13.949438095 0.001533739 0.001833896 -0.005190400 0.999983728
1696124321.706000 0.032032084 0.209826142 14.088714600 -0.000216541 0.002426564 -0.005320629 0.999982893
1696124322.409000 0.031717464 0.212516859 14.234796524 0.001723757 0.002476599 -0.004310091 0.999986172
1696124323.112000 0.031435773 0.215253755 14.388781548 0.004321212 0.002587798 -0.001618078 0.999986053
1696124323.813000 0.030365862 0.217069998 14.534739494 -0.003409348 0.001743650 0.004192718 0.999983907
1696124324.413000 0.029768940 0.219051033 14.658767700 -0.000160419 0.002013201 -0.000486619 0.999997854
1696124325.014000 0.028491018 0.220897824 14.784135818 0.000750915 0.002178433 0.003551869 0.999991059
1696124325.710000 0.028176462 0.223931685 14.933298111 0.000319696 0.001965625 0.001455644 0.999996960
1696124326.304000 0.027382843 0.226217479 15.057463646 -0.001581936 0.001995391 0.005490281 0.999981701
1696124326.907000 0.027869973 0.227605477 15.183039665 0.001101736 0.001561101 0.002901418 0.999993980
1696124327.509000 0.028301764 0.229375884 15.305508614 0.000532509 0.000923703 0.000745157 0.999999166
1696124328.208000 0.025210997 0.231282055 15.441329956 -0.002823753 0.001300341 0.000643418 0.999994993
1696124328.806000 0.025589209 0.233864784 15.557211876 -0.000225028 0.000983308 0.001105659 0.999998927
1696124329.506000 0.025453106 0.235424727 15.693406105 0.002492204 0.000909967 -0.000395304 0.999996424
1696124330.207000 0.025031159 0.236569718 15.830615044 -0.000509956 0.000706083 -0.005925292 0.999982119
1696124330.911000 0.023614727 0.238420084 15.964556694 -0.000754209 0.001006519 -0.005437858 0.999984443
1696124331.603000 0.022771560 0.240527079 16.092918396 -0.000837839 0.001176541 -0.004397630 0.999989331
1696124332.311000 0.021992084 0.242550820 16.221914291 0.003822519 0.000883187 0.000477003 0.999992192
1696124332.908000 0.021844260 0.243282169 16.325777054 -0.000603694 -0.003302530 0.001498789 0.999993265
1696124333.602000 0.016518608 0.244842872 16.445331573 -0.000807782 -0.011199493 0.002024360 0.999934912
1696124334.211000 0.005688800 0.246688366 16.546958923 -0.000551481 -0.042833161 -0.000155772 0.999082088
1696124334.906000 -0.002511752 0.248144001 16.658618927 -0.001163562 -0.043353025 -0.001476086 0.999058068
1696124335.503000 -0.012537833 0.249801129 16.753540039 0.000157039 -0.043059327 -0.004606602 0.999061882
1696124336.103000 -0.020071074 0.252285540 16.852333069 -0.001564791 -0.043426666 -0.005309943 0.999041319
1696124336.701000 -0.029664759 0.254871607 16.948169708 -0.001019775 -0.043178543 -0.005400776 0.999052286
1696124337.300000 -0.038107321 0.256817818 17.045331955 0.000590172 -0.043288145 -0.005358233 0.999048114
1696124337.906000 -0.047671515 0.258914560 17.150024414 -0.000508895 -0.043209624 -0.005571429 0.999050379
1696124338.504000 -0.059368722 0.260871470 17.261663437 0.002045866 -0.042887013 -0.005398300 0.999063253
1696124339.106000 -0.069682956 0.262550592 17.383152008 -0.000769411 -0.043018367 -0.005452361 0.999059081
1696124339.705000 -0.085319996 0.264272183 17.502161026 -0.001270404 -0.076476946 -0.002068966 0.997068405
1696124340.306000 -0.103710368 0.265060693 17.619096756 -0.001725140 -0.088554978 -0.003144678 0.996064842
1696124340.908000 -0.125187188 0.265180588 17.732667923 0.000392946 -0.091910504 0.002448041 0.995764196
1696124341.505000 -0.141593039 0.265248239 17.815044403 -0.006323289 -0.091809571 0.005250158 0.995742679
1696124342.107000 -0.154127568 0.266880184 17.862178802 0.002194916 -0.116904259 0.005537057 0.993125319
1696124342.905000 -0.172266781 0.266397029 17.939199448 0.002583040 -0.117295682 0.004110361 0.993085206
1696124343.502000 -0.188196450 0.267859727 18.006231308 -0.002739340 -0.117734462 -0.001461834 0.993040264
1696124344.304000 -0.210186064 0.269967288 18.094369888 -0.005700279 -0.117767625 -0.005261078 0.993010879
1696124344.904000 -0.226418212 0.271884561 18.159559250 -0.005426552 -0.117636420 -0.004803471 0.993030310
1696124345.506000 -0.242359072 0.273761868 18.223466873 -0.004755619 -0.117425092 -0.004644384 0.993059516
1696124346.106000 -0.258330822 0.275366455 18.287649155 0.002487739 -0.117369793 -0.003702946 0.993078291
1696124346.804000 -0.278909296 0.275995344 18.370214462 0.001976112 -0.117332526 -0.003617630 0.993084133
1696124347.403000 -0.295557320 0.277140349 18.439697266 0.001841527 -0.115553357 -0.004199692 0.993290722
1696124347.907000 -0.309180051 0.279167265 18.495502472 0.002587351 -0.112985745 -0.002710761 0.993589580
1696124348.611000 -0.325761825 0.280386448 18.571187973 -0.002637367 -0.103384510 0.000920827 0.994637549
1696124349.201000 -0.339351416 0.281915575 18.633045197 -0.005123954 -0.104903094 0.007360694 0.994442046
1696124349.807000 -0.359994143 0.283046663 18.694290161 -0.005230911 -0.153398946 0.008287989 0.988115728
1696124350.412000 -0.380245596 0.284666806 18.753103256 -0.004367467 -0.166868642 0.006344056 0.985949099
1696124351.108000 -0.408920139 0.286183536 18.815696716 -0.003309006 -0.212841153 0.005312905 0.977066755
1696124351.809000 -0.442413449 0.286976337 18.875263214 -0.008838499 -0.266037673 0.006186891 0.963902235
1696124352.505000 -0.480472803 0.289544612 18.929073334 -0.008224593 -0.303385496 0.008255278 0.952796698
1696124353.109000 -0.513771534 0.290980995 18.974573135 -0.003208495 -0.310591996 0.009073407 0.950494647
1696124353.706000 -0.550660849 0.291644782 19.013284683 -0.002923016 -0.358734190 0.007382938 0.933405995
1696124354.314000 -0.590507507 0.292049944 19.046411514 -0.005197221 -0.416610181 0.011075401 0.909002960
1696124355.005000 -0.638794422 0.292747617 19.075317383 -0.005372009 -0.484045625 0.012494395 0.874937117
1696124355.609000 -0.682062149 0.293038338 19.095710754 -0.005693049 -0.518422186 0.010100585 0.855046213
1696124356.506000 -0.772582054 0.294437408 19.143135071 -0.001998053 -0.518837333 0.013415976 0.854765356
1696124357.214000 -0.859399796 0.295650691 19.187349319 -0.003699196 -0.518866122 0.011147861 0.854774892
1696124357.908000 -0.942629814 0.296274602 19.229488373 -0.004536636 -0.519022703 0.011197034 0.854675055
1696124358.514000 -1.013618469 0.297479153 19.265722275 -0.004052027 -0.519092381 0.011016883 0.854637504
1696124359.214000 -1.094096184 0.298470616 19.305110931 -0.004886758 -0.538866937 0.012545806 0.842283309
1696124359.915000 -1.173790932 0.299310714 19.337432861 -0.004066021 -0.564614773 0.013682498 0.825231135
1696124360.617000 -1.250903130 0.299395919 19.367366791 -0.001041645 -0.564773679 0.015434248 0.825100839
1696124361.309000 -1.325843811 0.300483257 19.391942978 -0.004976686 -0.592699707 0.013979486 0.805286825
1696124362.113000 -1.410190582 0.300614893 19.416736603 -0.004141560 -0.592789769 0.013440548 0.805234432
1696124362.906000 -1.505039215 0.300609708 19.443828583 -0.002468458 -0.592730522 0.015082424 0.805255830
1696124363.615000 -1.607367516 0.301611125 19.482366562 -0.004809241 -0.562340498 0.013089001 0.826788187
1696124364.508000 -1.731054783 0.302612424 19.536800385 -0.004430630 -0.532703102 0.013845490 0.846177340
1696124365.311000 -1.850705147 0.304682970 19.593681335 -0.003175070 -0.532439232 0.011468105 0.846384585
1696124366.209000 -1.986724854 0.306651831 19.670959473 -0.002138814 -0.501454949 0.012817117 0.865086198
1696124367.009000 -2.120492458 0.309162855 19.745649338 -0.002539614 -0.497688472 0.012457442 0.867262721
1696124367.814000 -2.281749249 0.310042679 19.838411331 -0.003699668 -0.497801512 0.012199529 0.867197335
1696124368.703000 -2.466849804 0.310809493 19.952728271 -0.004803000 -0.472084433 0.011795913 0.881461322
1696124369.610000 -2.649415493 0.316417694 20.069286346 -0.008675838 -0.472233087 0.011002012 0.881362319
1696124370.507000 -2.821960926 0.318439692 20.186672211 -0.002755836 -0.473225504 0.013457586 0.880834222
1696124371.610000 -3.028680801 0.321108788 20.310298920 -0.005232042 -0.487915933 0.013473465 0.872770965
1696124372.505000 -3.187554359 0.324653387 20.408300400 -0.007571822 -0.488746613 0.012538409 0.872302830
1696124373.304000 -3.328474998 0.326838553 20.490781784 -0.004223106 -0.488520026 0.013466853 0.872438550
1696124374.209000 -3.480651379 0.329140127 20.582595825 -0.006652269 -0.488834172 0.012750993 0.872258186
1696124375.110000 -3.629577875 0.331688225 20.673732758 -0.003951308 -0.489342153 0.013797973 0.871973753
1696124376.006000 -3.781450748 0.332590699 20.765724182 -0.006640345 -0.489932537 0.014015659 0.871622443
1696124376.802000 -3.912671566 0.335332990 20.842529297 -0.007205809 -0.489783108 0.014334365 0.871696711
1696124377.708000 -4.058352947 0.337705821 20.930212021 -0.006260353 -0.490273029 0.013857014 0.871436238
1696124378.409000 -4.168543816 0.339508265 20.995479584 -0.006363431 -0.490343690 0.014441916 0.871386290
1696124379.211000 -4.292218208 0.340682358 21.070541382 -0.006417334 -0.490634173 0.014474763 0.871221840
1696124379.908000 -4.397007465 0.342200279 21.135601044 -0.005502790 -0.491816491 0.014847277 0.870554924
1696124380.706000 -4.516617775 0.343199849 21.197196960 -0.007786545 -0.520691693 0.013798989 0.853597760
1696124381.409000 -4.583712578 0.344111532 21.231157303 -0.013346983 -0.520867527 0.011765200 0.853452027
1696124383.205000 -4.653811455 0.344183564 21.257453918 -0.002313067 -0.583095253 0.017845800 0.812204540
1696124385.401000 -4.714715958 0.344327718 21.266740799 -0.004763819 -0.648746669 0.018289370 0.760769784
1696124387.206000 -4.761033058 0.343559474 21.267715454 -0.004091047 -0.699026883 0.016809007 0.714886069
1696124387.903000 -4.792245865 0.343320668 21.264987946 -0.004846762 -0.729514062 0.017371820 0.683727980
1696124388.620000 -4.825313568 0.343694180 21.259393692 -0.005552600 -0.760941386 0.015086912 0.648621440
1696124389.231000 -4.855295181 0.344510794 21.250883102 -0.004759260 -0.787456334 0.009704216 0.616275668
1696124389.729000 -4.880718231 0.345196962 21.241470337 -0.005339985 -0.810325265 0.015079523 0.585761964
1696124390.339000 -4.912326813 0.345297992 21.226562500 -0.003448150 -0.837142289 0.011278034 0.546858072
1696124390.841000 -4.937326431 0.345454961 21.211132050 -0.001001002 -0.857506812 0.011698872 0.514338613
1696124391.358000 -4.961198807 0.345393091 21.195953369 -0.001330742 -0.867014408 0.012419252 0.498126596
1696124391.875000 -4.983755112 0.345697999 21.179100037 -0.000685214 -0.885087490 0.012791805 0.465248376
1696124392.506000 -5.008575439 0.345515430 21.156663895 -0.001440008 -0.905286908 0.013369953 0.424587756
1696124393.064000 -5.028245926 0.345430970 21.135538101 -0.001633979 -0.921025813 0.013671319 0.389258236
1696124393.614000 -5.045230865 0.345144153 21.114484787 -0.001365585 -0.934735596 0.013920353 0.355068743
1696124394.279000 -5.062143326 0.344711185 21.089216232 -0.001810452 -0.948772907 0.014169944 0.315635741
1696124394.883000 -5.075092316 0.344314992 21.066884995 -0.003936501 -0.959195018 0.016190484 0.282253891
1696124395.554000 -5.086269379 0.343887717 21.044227600 -0.005516588 -0.968213320 0.018523084 0.249378175
1696124396.267000 -5.095588684 0.343119562 21.021759033 -0.005933720 -0.975854456 0.021174304 0.217312202
1696124397.005000 -5.104675293 0.342625201 20.998876572 -0.006651481 -0.979403377 0.024369117 0.200327322
1696124397.722000 -5.118501663 0.341587663 20.966007233 -0.007852593 -0.979493439 0.025491361 0.199702725
1696124398.444000 -5.139072418 0.340203047 20.919273376 -0.008217948 -0.979752898 0.020911677 0.198945910
1696124399.297000 -5.171987534 0.337588787 20.842647552 -0.005658844 -0.979968905 0.028350478 0.197041109
1696124400.156000 -5.212244034 0.334886014 20.748069763 -0.007780153 -0.980093956 0.020512875 0.197318584
1696124400.858000 -5.245771408 0.332753539 20.667560577 -0.003654999 -0.980046153 0.022993933 0.197401673
1696124401.697000 -5.287275314 0.330586612 20.573301315 -0.001170974 -0.977970123 0.021329543 0.207649156
1696124402.502000 -5.332513809 0.327919811 20.485651016 -0.000444288 -0.968566597 0.020786250 0.247883990
1696124403.300000 -5.382915497 0.325351685 20.394433975 -0.001486422 -0.967183530 0.020791015 0.253222317
1696124404.056000 -5.430572510 0.322734028 20.304874420 -0.001536685 -0.967088163 0.021756765 0.253505051
1696124404.936000 -5.492248535 0.319763005 20.193790436 -0.000135802 -0.967373967 0.014561205 0.252933890
1696124405.815000 -5.556291580 0.316409945 20.079654694 -0.001216555 -0.967016160 0.019686183 0.253950238
1696124406.673000 -5.621221542 0.313992172 19.970254898 -0.001719634 -0.964137793 0.020986199 0.264565498
1696124407.643000 -5.695550919 0.309886724 19.842872620 -0.001979936 -0.964215755 0.020054104 0.264351875
1696124408.645000 -5.770317078 0.305497766 19.715154648 0.002031173 -0.964243591 0.024761973 0.263850451
1696124409.480000 -5.836967468 0.303573549 19.601200104 -0.003122731 -0.964449108 0.021068333 0.263409078
1696124410.317000 -5.903284073 0.299745053 19.485391617 -0.003184486 -0.964374006 0.020881629 0.263697863
1696124411.028000 -5.959295273 0.296839595 19.387056351 -0.003833832 -0.964311123 0.021626255 0.263859391
1696124411.606000 -6.005863190 0.294341117 19.306571960 -0.002571632 -0.964326441 0.023552932 0.263653487
1696124412.302000 -6.062450409 0.292486399 19.209093094 -0.002596308 -0.964537203 0.017418124 0.263358831
1696124412.907000 -6.108680725 0.289810866 19.128742218 -0.003711962 -0.964343429 0.020822583 0.263807774
1696124413.612000 -6.164564133 0.287274897 19.032630920 -0.003771791 -0.964468718 0.021425646 0.263299882
1696124414.181000 -6.210477829 0.285124332 18.953641891 -0.004590221 -0.964522183 0.022101585 0.263034999
1696124414.746000 -6.256511688 0.283121198 18.875024796 -0.004584380 -0.964660048 0.022658087 0.262481779
1696124415.108000 -6.284440994 0.281577677 18.825756073 -0.003456259 -0.964667022 0.022780297 0.262462825
1696124415.570000 -6.320449829 0.279355258 18.760711670 -0.002881666 -0.964543223 0.019984674 0.263151497
1696124416.025000 -6.357416153 0.277941614 18.696653366 -0.002744933 -0.964835346 0.022638505 0.261863858
1696124416.594000 -6.406162262 0.275359660 18.614809036 -0.005361191 -0.964906871 0.021506066 0.261655360
1696124417.062000 -6.444293976 0.273958743 18.548110962 -0.006628484 -0.964963973 0.021533007 0.261413425
1696124417.515000 -6.481899261 0.271648109 18.482242584 -0.006473881 -0.965101480 0.023739433 0.260717690
1696124418.475000 -6.561567307 0.267420650 18.342708588 -0.003915299 -0.965272069 0.023394881 0.260167688
1696124419.163000 -6.622425079 0.264196455 18.235761642 -0.002629366 -0.965767205 0.017680481 0.258793741
1696124419.768000 -6.669090271 0.262308896 18.154937744 -0.000756021 -0.965626776 0.021569172 0.259034932
1696124420.128000 -6.696422577 0.261007607 18.106985092 0.000801301 -0.965639591 0.019846525 0.259124964
1696124420.581000 -6.733829498 0.259231627 18.042186737 -0.003570279 -0.965584278 0.022535734 0.259087712
1696124421.019000 -6.769948959 0.257524163 17.978397369 -0.002945049 -0.965266109 0.022615487 0.260271490
1696124421.471000 -6.806116104 0.255623937 17.914793015 -0.004164828 -0.965505421 0.020387499 0.259550184
1696124421.905000 -6.841081619 0.254043669 17.853467941 -0.006895100 -0.965556204 0.020309180 0.259309143
1696124422.459000 -6.885437012 0.252077401 17.777078629 -0.003477401 -0.965638638 0.022105586 0.258923501
1696124422.898000 -6.919284821 0.250270188 17.716331482 -0.005370957 -0.965587139 0.019872544 0.259263813
1696124423.452000 -6.961429596 0.248145610 17.641435623 -0.003737418 -0.965056777 0.025957288 0.260725290
1696124423.907000 -6.993375778 0.246692598 17.583724976 -0.005127456 -0.965044022 0.020160120 0.261261165
1696124424.445000 -7.034265518 0.244751543 17.512948990 -0.005954404 -0.965134799 0.022577861 0.260709792
1696124424.868000 -7.065395355 0.243268549 17.456027985 -0.006016518 -0.964973986 0.023018626 0.261264473
1696124425.291000 -7.097164154 0.241586417 17.400894165 -0.006863197 -0.965064406 0.022067575 0.260991693
1696124425.730000 -7.129079819 0.240197569 17.345724106 -0.007401930 -0.965144992 0.022565983 0.260636181
1696124426.262000 -7.168731689 0.237931937 17.276227951 -0.004727644 -0.965190232 0.024255926 0.260378867
1696124426.712000 -7.204805374 0.236132622 17.212543488 -0.003381751 -0.965282142 0.023638044 0.260115951
1696124427.167000 -7.245609283 0.234353662 17.140483856 -0.005215845 -0.965259910 0.024660328 0.260073006
1696124427.690000 -7.300825119 0.231885493 17.044193268 -0.007272346 -0.965482116 0.022546284 0.259389818
1696124428.102000 -7.343711853 0.229036748 16.966520309 -0.007600087 -0.965349615 0.022305096 0.259893924
1696124428.619000 -7.397918701 0.226594061 16.871389389 -0.008325422 -0.965435386 0.022647981 0.259523362
1696124429.032000 -7.441858292 0.224532366 16.796674728 -0.005364214 -0.965751648 0.020508027 0.258600950
1696124429.447000 -7.483224869 0.222302258 16.723754883 -0.006011921 -0.966078460 0.022271985 0.257216245
1696124429.869000 -7.522966385 0.219894826 16.650781631 -0.008344555 -0.965860844 0.021546867 0.258029014
1696124430.190000 -7.553295135 0.218803287 16.597213745 -0.008689555 -0.965866089 0.022700027 0.257898927
1696124430.609000 -7.594161987 0.217054248 16.527292252 -0.009029238 -0.966101289 0.022770099 0.256998688
1696124431.020000 -7.633142471 0.214939535 16.457893372 -0.009504593 -0.966095507 0.022536367 0.257023722
1696124431.422000 -7.670969009 0.212858349 16.390901566 -0.007882970 -0.966246486 0.021619258 0.256589711
1696124431.725000 -7.697673798 0.211631030 16.341835022 -0.006661412 -0.966183543 0.020059081 0.256987512
1696124432.227000 -7.743169785 0.209380418 16.260637283 -0.007620167 -0.966029048 0.022917932 0.257302582
1696124432.628000 -7.779413223 0.208185792 16.198722839 -0.009676020 -0.966206253 0.022503976 0.256603628
1696124432.931000 -7.805671692 0.206981778 16.151878357 -0.009812845 -0.966246307 0.023585221 0.256350428
1696124433.229000 -7.830747604 0.205684006 16.105680466 -0.009872288 -0.966272533 0.023134105 0.256290317
1696124433.630000 -7.863643646 0.203871608 16.045473099 -0.009707289 -0.966041505 0.023068117 0.257171988
1696124434.031000 -7.897445679 0.201867223 15.986798286 -0.009470890 -0.966091514 0.022475153 0.257045478
1696124434.489000 -7.934343338 0.200618625 15.923853874 -0.007902158 -0.966261625 0.021203859 0.256566674
1696124434.820000 -7.963340759 0.198985994 15.875027657 -0.007147605 -0.963915110 0.015062425 0.265687406
1696124435.251000 -7.999832153 0.197372735 15.812174797 -0.008489692 -0.962978244 0.024981437 0.268284976
1696124435.721000 -8.041425705 0.195538104 15.744825363 -0.009643641 -0.963071823 0.024081066 0.267992139
1696124436.186000 -8.080820084 0.193545967 15.676794052 -0.009820248 -0.963019729 0.021608401 0.268383294
1696124436.609000 -8.116769791 0.191626608 15.614707947 -0.010482177 -0.962787449 0.023378449 0.269042641
1696124437.070000 -8.158224106 0.189318329 15.548723221 -0.009626442 -0.962930858 0.021852301 0.268689364
1696124437.537000 -8.200380325 0.188083053 15.479869843 -0.008848101 -0.963211060 0.022909220 0.267621666
1696124438.227000 -8.258523941 0.185127139 15.376762390 -0.005968288 -0.963138342 0.022214117 0.268021375
1696124438.684000 -8.297872543 0.183251947 15.311460495 -0.007029417 -0.963085234 0.020489138 0.268323809
1696124439.464000 -8.362838745 0.179987907 15.200921059 -0.006125635 -0.962852299 0.020442998 0.269184142
1696124439.941000 -8.400831223 0.178884923 15.137508392 -0.003589740 -0.963170946 0.020304199 0.268098116
1696124440.388000 -8.437740326 0.177237272 15.075561523 -0.004650296 -0.962996304 0.019849356 0.268742591
1696124440.825000 -8.474639893 0.175477982 15.014974594 -0.007427378 -0.962864339 0.024685647 0.268752217
1696124441.133000 -8.501510620 0.174168408 14.970453262 -0.007081586 -0.962557018 0.023377303 0.269976735
1696124441.481000 -8.531393051 0.172852010 14.919958115 -0.008369658 -0.963087678 0.019095540 0.268379450
1696124441.919000 -8.570081711 0.170440674 14.856311798 -0.003121469 -0.962571740 0.029532617 0.269395053
1696124442.237000 -8.597530365 0.169174075 14.807207108 -0.005852522 -0.961744368 0.019601613 0.273183614
1696124442.543000 -8.626594543 0.168624401 14.756789207 -0.007219666 -0.961088240 0.018379455 0.275534898
1696124442.889000 -8.660585403 0.166865021 14.702413559 -0.007083058 -0.961039364 0.024678610 0.275216460
1696124443.196000 -8.690450668 0.165972143 14.654843330 -0.006399971 -0.961377263 0.019846672 0.274442822
1696124443.543000 -8.723762512 0.164747536 14.601685524 -0.006971757 -0.961454988 0.016543647 0.274375826
1696124443.973000 -8.764673233 0.162869006 14.535296440 -0.005518104 -0.961283445 0.023753285 0.274480313
1696124444.276000 -8.792221069 0.161273360 14.490235329 -0.007663490 -0.961321235 0.025903143 0.274101704
1696124444.618000 -8.822748184 0.159741700 14.439463615 -0.007663314 -0.961548924 0.020155670 0.273785800
1696124445.043000 -8.861564636 0.158290118 14.376848221 -0.005047588 -0.961638391 0.021240620 0.273450017
1696124445.343000 -8.887517929 0.157028764 14.333847046 -0.005572962 -0.961537898 0.020520588 0.273848027
1696124445.890000 -8.935113907 0.154987216 14.256219864 -0.006053836 -0.961474955 0.020453578 0.274063677
1696124446.186000 -8.961164474 0.154070944 14.214401245 -0.005829867 -0.961544633 0.020605939 0.273812711
1696124446.733000 -9.006877899 0.152092844 14.139847755 -0.007421009 -0.961442113 0.020541014 0.274138749
1696124447.150000 -9.041618347 0.151425749 14.083755493 -0.010251902 -0.961443663 0.022397498 0.273896545
1696124447.449000 -9.066305161 0.150094658 14.044439316 -0.005492316 -0.961633205 0.022612145 0.273350000
1696124447.785000 -9.093349457 0.148589894 13.999571800 -0.004176096 -0.961659253 0.019029126 0.273554325
1696124448.198000 -9.126922607 0.147205800 13.945697784 -0.004502118 -0.961732805 0.020410134 0.273190707
1696124448.491000 -9.149772644 0.146276474 13.908444405 -0.004630348 -0.961695254 0.019762222 0.273368418
1696124448.905000 -9.181854248 0.145155713 13.855478287 -0.003988225 -0.961536944 0.019971503 0.273919553
1696124449.318000 -9.213279724 0.143948048 13.804088593 -0.004451228 -0.961452842 0.020458682 0.274171531
1696124449.651000 -9.239858627 0.142591745 13.761091232 -0.004759924 -0.961458921 0.021772336 0.274044096
1696124450.062000 -9.273885727 0.141319662 13.707029343 -0.005692748 -0.961698174 0.020810341 0.273260176
1696124450.478000 -9.303867340 0.139721751 13.652652740 -0.005113851 -0.965868592 0.021100711 0.258121103
1696124450.778000 -9.325986862 0.138675779 13.614316940 -0.002734998 -0.966034710 0.019521564 0.257659435
1696124451.195000 -9.356613159 0.137507811 13.561966896 -0.002618187 -0.966195941 0.019992376 0.257019073
1696124451.608000 -9.385326385 0.135986432 13.510008812 -0.003240439 -0.966098249 0.019594597 0.257409662
1696124452.102000 -9.419305801 0.134780958 13.448102951 -0.003286537 -0.965974331 0.019855471 0.257853895
1696124452.513000 -9.446901321 0.133672297 13.398097038 -0.004664450 -0.965866446 0.020934006 0.258151323
1696124452.928000 -9.475028992 0.132317513 13.346867561 -0.006371238 -0.965705097 0.020825543 0.258726597
1696124453.336000 -9.503013611 0.130749822 13.296929359 -0.005916684 -0.965644956 0.022652576 0.258808285
1696124453.746000 -9.531589508 0.129759878 13.248354912 -0.004179941 -0.966038048 0.019966081 0.257593453
1696124454.153000 -9.558202744 0.128561422 13.199811935 -0.003315673 -0.965912998 0.020704906 0.258016199
1696124454.552000 -9.587905884 0.127406746 13.147366524 -0.003574948 -0.965931535 0.022913562 0.257756650
1696124454.957000 -9.620697021 0.126221269 13.087715149 -0.004516471 -0.965846837 0.022731541 0.258075207
1696124455.354000 -9.656330109 0.124652058 13.025053978 -0.005404598 -0.965973139 0.020152837 0.257799506
1696124455.758000 -9.690774918 0.123068571 12.962709427 -0.007532823 -0.965848923 0.020816080 0.258158475
1696124456.190000 -9.726936340 0.120989293 12.898365021 -0.006140507 -0.965785444 0.021812573 0.258350521
1696124456.584000 -9.759157181 0.119874373 12.840381622 -0.004472064 -0.965827525 0.019800566 0.258389503
1696124457.031000 -9.790401459 0.118500650 12.786907196 -0.006346550 -0.965900898 0.014927040 0.258403540
1696124457.845000 -9.845113754 0.115944445 12.690533638 -0.005326958 -0.965811670 0.020152485 0.258405268
1696124458.577000 -9.895238876 0.113432944 12.601150513 -0.007327511 -0.965730011 0.020318719 0.258648515
1696124459.383000 -9.947694778 0.110633701 12.506636620 -0.006140925 -0.965572715 0.019792158 0.259306729
1696124459.799000 -9.975311279 0.109629810 12.458936691 -0.006861139 -0.965713143 0.020032622 0.258746445
1696124460.184000 -9.999891281 0.108353615 12.415452957 -0.004808174 -0.965727746 0.022705879 0.258517444
1696124460.483000 -10.018453598 0.107425511 12.381998062 -0.006351307 -0.965888560 0.019240163 0.258164436
1696124460.892000 -10.043481827 0.106137395 12.336956978 -0.007223158 -0.965823054 0.021525634 0.258205980
1696124461.196000 -10.062662125 0.105580807 12.302434921 -0.012508993 -0.965971649 0.020097561 0.257562399
1696124461.606000 -10.088829041 0.104213208 12.255750656 -0.008578108 -0.965989530 0.023099175 0.257404745
1696124462.018000 -10.114906311 0.103167355 12.209891319 -0.010589951 -0.966077209 0.020533131 0.257217973
1696124462.395000 -10.138700485 0.102064192 12.167652130 -0.009133602 -0.965890050 0.026350075 0.257446498
1696124462.801000 -10.167015076 0.101124495 12.118378639 -0.009741343 -0.966095269 0.018322254 0.257350594
1696124463.317000 -10.202264786 0.099558294 12.056258202 -0.010021293 -0.966032088 0.021617966 0.257321328
1696124463.827000 -10.235658646 0.098186672 11.995166779 -0.007677953 -0.966170728 0.018088084 0.257153809
1696124464.306000 -10.267004013 0.097290248 11.939046860 -0.008597012 -0.966162145 0.018849686 0.257102102
1696124464.704000 -10.292940140 0.095874190 11.892429352 -0.007104295 -0.965970039 0.024235545 0.257418215
1696124465.217000 -10.324962616 0.094751298 11.834733963 -0.007364237 -0.966081858 0.019731537 0.257375926
1696124465.719000 -10.357093811 0.093324780 11.779152870 -0.007221475 -0.966132760 0.020979919 0.257089794
1696124466.334000 -10.394226074 0.091974854 11.712583542 -0.008014790 -0.966028690 0.021273311 0.257433146
1696124466.830000 -10.425790787 0.090357542 11.656394958 -0.008732629 -0.966025531 0.020476576 0.257486284
1696124467.332000 -10.456777573 0.089056760 11.601257324 -0.008391755 -0.965887189 0.023421552 0.257765532
1696124467.827000 -10.490175247 0.087617218 11.543593407 -0.010418929 -0.966012955 0.018753262 0.257601798
1696124468.433000 -10.528598785 0.086288691 11.475312233 -0.008381248 -0.966024101 0.020363068 0.257512420
1696124468.927000 -10.559213638 0.084704101 11.419832230 -0.008586225 -0.965843141 0.021485412 0.258092433
1696124469.523000 -10.596559525 0.083130181 11.354641914 -0.009214158 -0.965927899 0.020984307 0.257794768
1696124470.036000 -10.627201080 0.081903368 11.299722672 -0.009610879 -0.965897858 0.021312347 0.257865965
1696124470.530000 -10.656410217 0.080248266 11.248454094 -0.010333504 -0.965889335 0.021985313 0.257813156
1696124471.039000 -10.685937881 0.078772157 11.196194649 -0.011932629 -0.965817511 0.021819485 0.258027464
1696124471.520000 -10.713819504 0.077568799 11.147549629 -0.011343291 -0.965937912 0.021701356 0.257612914
1696124472.036000 -10.743761063 0.076338708 11.094690323 -0.009461441 -0.965963840 0.020778561 0.257667631
1696124472.514000 -10.771511078 0.075275183 11.045798302 -0.010064539 -0.965921164 0.021558592 0.257740676
1696124473.228000 -10.810827255 0.073795557 10.974826813 -0.010932210 -0.965823412 0.021510061 0.258075446
1696124473.831000 -10.843601227 0.072328717 10.916799545 -0.011521853 -0.965735197 0.021559600 0.258375555
1696124474.333000 -10.870632172 0.071009606 10.869531631 -0.011900787 -0.965801120 0.022082904 0.258067667
1696124474.836000 -10.897056580 0.070007622 10.821760178 -0.013499402 -0.965692937 0.019870667 0.258573145
1696124475.429000 -10.928089142 0.068810940 10.767597198 -0.011660454 -0.965801895 0.021652104 0.258112162
1696124476.023000 -10.958229065 0.067912579 10.714502335 -0.011314359 -0.965742648 0.021766851 0.258339614
1696124476.516000 -10.983207703 0.066758305 10.670499802 -0.011249739 -0.965761185 0.021299971 0.258312106
1696124477.204000 -11.017473221 0.065570295 10.610588074 -0.010419613 -0.964614689 0.021128714 0.262609035
1696124477.809000 -11.046772003 0.064352244 10.560068130 -0.011745532 -0.964253485 0.021473994 0.263848722
1696124478.411000 -11.076551437 0.062967271 10.509248734 -0.011607527 -0.964206040 0.023811320 0.263827771
1696124479.023000 -11.107158661 0.061572909 10.456013680 -0.011325216 -0.964098394 0.028955188 0.263718933
1696124479.406000 -11.126113892 0.060650140 10.423668861 -0.012479308 -0.964336634 0.021010198 0.263548285
1696124479.813000 -11.145868301 0.060185641 10.389341354 -0.010974094 -0.964354634 0.020885464 0.263559341
1696124480.323000 -11.170173645 0.059206158 10.347349167 -0.010993775 -0.964281440 0.021318164 0.263791710
1696124480.821000 -11.193492889 0.058269739 10.307151794 -0.011054930 -0.964239657 0.021578455 0.263920635
1696124481.320000 -11.218229294 0.057200342 10.264554024 -0.011311667 -0.964215338 0.021134162 0.264034480
1696124482.231000 -11.264175415 0.055157274 10.187647820 -0.011797138 -0.962876678 0.021416139 0.268832266
1696124483.114000 -11.310869217 0.054382592 10.107833862 -0.009131034 -0.962777317 0.018847218 0.269483447
1696124483.816000 -11.353300095 0.051934779 10.036565781 -0.010713726 -0.962529540 0.020591015 0.270181596
1696124484.505000 -11.396148682 0.050625712 9.968624115 -0.012172865 -0.959612906 0.015383181 0.280638963
1696124485.108000 -11.433815002 0.049608052 9.908598900 -0.011079891 -0.959216416 0.025971966 0.281258941
1696124485.721000 -11.473169327 0.047309786 9.846396446 -0.013369008 -0.959043682 0.029954674 0.281352550
1696124486.331000 -11.512416840 0.045106471 9.784011841 -0.014270285 -0.960260272 0.026117843 0.277514905
1696124486.805000 -11.542585373 0.044446856 9.735599518 -0.015638899 -0.960743725 0.014039099 0.276640236
1696124487.229000 -11.567619324 0.043935895 9.694267273 -0.017183447 -0.962121487 0.018463606 0.271451831
1696124487.615000 -11.592077255 0.043070436 9.653680801 -0.015722867 -0.962624192 0.023220500 0.269384950
1696124488.021000 -11.618259430 0.042154223 9.610628128 -0.014589891 -0.962749898 0.025319232 0.268809825
1696124488.516000 -11.650627136 0.040783226 9.555196762 -0.020090993 -0.962690771 0.025386637 0.268660277
1696124489.042000 -11.686783791 0.039165854 9.494043350 -0.016032184 -0.962689161 0.022420326 0.269202322
1696124489.419000 -11.713580132 0.038055569 9.449874878 -0.015472278 -0.962802708 0.021755947 0.268883407
1696124489.817000 -11.741050720 0.036866367 9.403690338 -0.015882425 -0.962883472 0.021423195 0.268596709
1696124490.330000 -11.776409149 0.035767585 9.344091415 -0.015392044 -0.962814808 0.022581045 0.268776447
1696124490.815000 -11.809432983 0.034523338 9.289478302 -0.014974919 -0.962844491 0.023012627 0.268657237
1696124491.210000 -11.835752487 0.033205688 9.245429039 -0.015874118 -0.964056551 0.023073638 0.264216989
1696124491.718000 -11.869483948 0.031722844 9.188656807 -0.015182100 -0.964145243 0.023038048 0.263936877
1696124492.224000 -11.903082848 0.030770481 9.132875443 -0.013182914 -0.964244187 0.022459682 0.263732702
1696124492.815000 -11.939707756 0.029173225 9.068817139 -0.012426102 -0.964267075 0.020334236 0.263858080
1696124493.426000 -11.977142334 0.027903914 9.004150391 -0.013434872 -0.964155376 0.021974988 0.264085352
1696124493.815000 -12.001089096 0.026589453 8.963310242 -0.013168034 -0.964144111 0.023139140 0.264040321
1696124494.424000 -12.038767815 0.025511205 8.899543762 -0.013413544 -0.964163423 0.022390163 0.264022321
1696124494.924000 -12.068815231 0.024371922 8.847871780 -0.013374123 -0.964214981 0.022609504 0.263817161
1696124495.414000 -12.097836494 0.023315936 8.798179626 -0.012241767 -0.964290500 0.023106229 0.263552874
1696124496.117000 -12.138092041 0.021092027 8.728383064 -0.010425298 -0.964233100 0.021679528 0.263961732
1696124496.826000 -12.178963661 0.019433051 8.658111572 -0.011855742 -0.964244246 0.021950090 0.263838291
1696124497.412000 -12.212606430 0.017870307 8.599808693 -0.012010785 -0.964180768 0.022223368 0.264040440
1696124498.127000 -12.255702972 0.016166568 8.526563644 -0.012133654 -0.964251161 0.023431875 0.263672948
1696124498.924000 -12.305275917 0.013893455 8.442434311 -0.010702575 -0.964443505 0.022441253 0.263116956
1696124499.621000 -12.348119736 0.012118667 8.368428230 -0.008039158 -0.964308202 0.022942284 0.263664126
1696124500.609000 -12.409490585 0.009462059 8.263254166 -0.011145766 -0.964296818 0.022698810 0.263613939
1696124501.719000 -12.478354454 0.007005781 8.144832611 -0.011581244 -0.964436114 0.022153495 0.263131320
1696124503.015000 -12.558238029 0.003320754 8.006488800 -0.013597925 -0.964422405 0.022680841 0.263040185
1696124504.116000 -12.625287056 0.000701308 7.889256954 -0.018541396 -0.964642704 0.022853808 0.261913061
1696124505.205000 -12.690606117 -0.002947465 7.775171757 -0.007485352 -0.964821160 0.023209089 0.261773616
1696124506.315000 -12.756473541 -0.004626751 7.660760403 -0.016477779 -0.964654088 0.020635093 0.262193084
1696124507.010000 -12.797649384 -0.007375866 7.590006828 -0.013550640 -0.964546144 0.030953093 0.261742264
1696124508.014000 -12.858645439 -0.010376573 7.484688759 -0.014377683 -0.965108573 0.017598584 0.260862201
1696124508.907000 -12.910887718 -0.011870652 7.393246174 -0.011686966 -0.964943647 0.020043612 0.261429578
1696124510.002000 -12.975506783 -0.014438927 7.280189991 -0.007314441 -0.964842260 0.021268222 0.261865497
1696124510.706000 -13.016823769 -0.016055942 7.209464073 -0.007716963 -0.964960992 0.021212140 0.261420786
1696124511.510000 -13.062387466 -0.018276915 7.131216049 -0.008221554 -0.965071797 0.021339435 0.260985523
1696124512.014000 -13.090176582 -0.019300923 7.083281040 -0.009298674 -0.965056539 0.021526543 0.260990471
1696124512.515000 -13.116889000 -0.020616844 7.036677837 -0.009401724 -0.965151370 0.022242228 0.260575801
1696124513.018000 -13.143622398 -0.021554187 6.991198063 -0.009048713 -0.965204954 0.022890529 0.260333687
1696124513.512000 -13.169321060 -0.023057893 6.946656704 -0.007399070 -0.965238512 0.022082154 0.260331035
1696124514.006000 -13.196161270 -0.024092138 6.900191307 -0.007634906 -0.965359688 0.021032970 0.259961605
1696124514.515000 -13.222804070 -0.025061458 6.854301453 -0.007879291 -0.965388596 0.021702817 0.259791851
1696124515.114000 -13.253763199 -0.026563868 6.800461769 -0.007162805 -0.965456009 0.021555446 0.259574354
1696124515.713000 -13.283443451 -0.027857661 6.747103691 -0.008374957 -0.965413570 0.022088053 0.259650975
1696124516.415000 -13.317456245 -0.029592529 6.686460972 -0.009502172 -0.967151165 0.028766934 0.252390146
1696124517.105000 -13.348238945 -0.031620264 6.630122185 -0.008960356 -0.967598200 0.022147199 0.251362354
1696124517.610000 -13.371042252 -0.032509401 6.588532925 -0.007123151 -0.967660844 0.022304123 0.251165867
1696124518.223000 -13.399052620 -0.034020364 6.537384033 -0.007538525 -0.967678428 0.021605697 0.251147211
1696124518.719000 -13.421223640 -0.035110518 6.496278286 -0.007714228 -0.967602432 0.021933369 0.251406193
1696124519.323000 -13.447993279 -0.036299884 6.446782112 -0.007927066 -0.967588186 0.022418076 0.251411408
1696124519.813000 -13.469500542 -0.037282407 6.406789303 -0.008345613 -0.967576683 0.022660436 0.251420557
1696124520.407000 -13.494610786 -0.038575456 6.360112190 -0.010045306 -0.967553437 0.022722578 0.251442254
1696124521.022000 -13.519863129 -0.039901346 6.312458992 -0.011095365 -0.967546821 0.020833349 0.251587182
1696124521.714000 -13.547220230 -0.040971711 6.261299133 -0.010067325 -0.967534244 0.022589838 0.251527011
1696124522.411000 -13.574948311 -0.042317122 6.211615562 -0.008805168 -0.967608213 0.022586454 0.251289964
1696124523.120000 -13.601752281 -0.043370843 6.162002563 -0.009245278 -0.967453063 0.022940332 0.251838923
1696124523.805000 -13.627884865 -0.044118345 6.115489960 -0.009137653 -0.967495918 0.023073833 0.251666039
1696124524.508000 -13.653433800 -0.045643866 6.071506977 -0.009531716 -0.967549860 0.023046317 0.251446396
1696124525.209000 -13.677889824 -0.046114087 6.026040077 -0.010515081 -0.967514634 0.023856563 0.251467228
1696124526.004000 -13.702810287 -0.048408955 5.975213051 -0.006822521 -0.973510206 0.028511820 0.226756394
1696124526.907000 -13.727326393 -0.050742507 5.921203136 -0.011060479 -0.979333580 0.026327688 0.200225458
1696124527.733000 -13.739387512 -0.052226275 5.871998310 -0.006665579 -0.994355381 0.024451476 0.103029422
1696124528.539000 -13.741626740 -0.052376717 5.824561596 -0.009551612 -0.999697208 0.019058125 0.012290967
1696124529.148000 -13.738287926 -0.053654850 5.788748741 0.008960471 0.998166800 -0.022207577 0.055583969
1696124529.780000 -13.729323387 -0.053975165 5.753976822 0.008962556 0.991898477 -0.029199841 0.123306774
1696124530.422000 -13.717870712 -0.055802822 5.719869614 0.006974388 0.988600194 -0.029509613 0.147479773
1696124530.940000 -13.709580421 -0.057048678 5.693501472 0.007291158 0.987881720 -0.032920707 0.151501790
1696124531.308000 -13.702286720 -0.058212399 5.676850319 0.005430704 0.982286870 -0.036106069 0.183791682
1696124531.649000 -13.694619179 -0.058952510 5.661992073 0.003355409 0.975899518 -0.036349714 0.215145513
1696124532.195000 -13.682405472 -0.060119092 5.642642975 0.001066275 0.965478182 -0.035973463 0.257985801
1696124532.523000 -13.674565315 -0.060819983 5.631755829 -0.003775702 0.958532035 -0.033834524 0.282944173
1696124532.972000 -13.663058281 -0.061442077 5.618753433 -0.000444109 0.948562920 -0.031444218 0.315023005
1696124533.516000 -13.649374962 -0.062306404 5.604858398 -0.002044656 0.936579347 -0.031913880 0.348993540
1696124533.988000 -13.636828423 -0.062827229 5.593532562 -0.001392028 0.925250471 -0.034400512 0.377791286
1696124534.487000 -13.624162674 -0.063573778 5.583595276 -0.000793507 0.913195610 -0.032688361 0.406207561
1696124535.110000 -13.608154297 -0.064299285 5.572547913 -0.002377141 0.897861779 -0.033783033 0.438972920
1696124535.755000 -13.592523575 -0.065194309 5.562747955 -0.001036197 0.886535048 -0.032972425 0.461483866
1696124536.387000 -13.572986603 -0.066185653 5.549596786 0.000844014 0.886151016 -0.035013061 0.462071180
1696124537.003000 -13.544133186 -0.067627430 5.530347824 0.002537504 0.883240819 -0.032420564 0.467790663
1696124537.622000 -13.506050110 -0.069438100 5.504823685 0.002359828 0.883052528 -0.031130187 0.468234569
1696124538.245000 -13.465211868 -0.071520150 5.478509903 0.004250106 0.879650295 -0.028897298 0.474723458
1696124538.855000 -13.424964905 -0.073335588 5.453020096 0.003392723 0.879417121 -0.029158311 0.475146085
1696124539.468000 -13.385683060 -0.075063050 5.427576065 0.003801064 0.880007148 -0.028723920 0.474075884
1696124540.218000 -13.339208603 -0.077214122 5.397762299 0.004897886 0.878585815 -0.029150877 0.476668864
1696124540.952000 -13.288640976 -0.079422474 5.365804672 0.001976303 0.877090514 -0.029300302 0.479426652
1696124541.722000 -13.243032455 -0.081550539 5.336849213 -0.000595335 0.877149463 -0.025921170 0.479517043
1696124542.480000 -13.197546005 -0.083586335 5.308240891 0.003947170 0.876683354 -0.030158088 0.480105460
1696124543.199000 -13.154096603 -0.085464895 5.280870438 0.004650926 0.876699150 -0.029025344 0.480140150
1696124543.922000 -13.109652519 -0.087303460 5.252876282 0.004849204 0.876659214 -0.028125854 0.480264544
1696124544.822000 -13.055936813 -0.090028107 5.218708038 0.004627965 0.876635969 -0.028074794 0.480312258
1696124545.532000 -13.013044357 -0.091976225 5.191599846 0.004580063 0.876570880 -0.028017560 0.480434775
1696124546.358000 -12.964525223 -0.093949676 5.160634041 0.003889346 0.876196146 -0.029029865 0.481063962
1696124547.254000 -12.916978836 -0.096239150 5.131226540 0.006861351 0.875428915 -0.032292396 0.482218146
1696124548.074000 -12.870817184 -0.098606467 5.102351189 0.002608679 0.875448763 -0.029215727 0.482420146
1696124549.021000 -12.816405296 -0.101156890 5.068320274 0.004020260 0.875732183 -0.027792174 0.481979907
1696124550.012000 -12.759296417 -0.103335857 5.033162117 0.004915617 0.874272823 -0.026607402 0.484680235
1696124551.017000 -12.702376366 -0.105503678 4.997902870 0.005475468 0.873385370 -0.026572578 0.486273557
1696124551.953000 -12.640199661 -0.109026611 4.959838867 0.009574224 0.872449756 -0.031504657 0.487593234
1696124553.014000 -12.560299873 -0.112456501 4.912957191 0.005482954 0.867842436 -0.028777236 0.495975107
1696124554.100000 -12.482276917 -0.115772367 4.868087769 0.009134070 0.867220700 -0.030930808 0.496878386
1696124555.181000 -12.403859138 -0.119507670 4.822424889 0.004550080 0.867277682 -0.029861441 0.496907473
1696124556.348000 -12.321355820 -0.122815371 4.775699615 0.004887801 0.866485953 -0.029144047 0.498326063
1696124557.496000 -12.236885071 -0.126945615 4.727206230 0.009208914 0.866497874 -0.027974337 0.498311222
1696124558.637000 -12.150632858 -0.130260170 4.677814484 0.003980123 0.866000235 -0.027598826 0.499265611
1696124559.839000 -12.061880112 -0.134850681 4.626846313 0.002860792 0.865310907 -0.028553104 0.500413418
1696124560.839000 -11.989005089 -0.137802243 4.585599899 0.003312772 0.865250111 -0.029047854 0.500487387
1696124561.966000 -11.910305977 -0.141762018 4.541504860 0.005167540 0.865083337 -0.027680978 0.500837207
1696124563.085000 -11.835222244 -0.145278454 4.499317169 0.003119234 0.864820719 -0.028498411 0.501261771
1696124564.118000 -11.769092560 -0.147735119 4.462572098 0.002170723 0.864889860 -0.027698224 0.501192331
1696124565.244000 -11.697433472 -0.150967956 4.421896935 0.004991344 0.864841580 -0.028107207 0.501232624
1696124566.382000 -11.628167152 -0.154409170 4.382496834 0.005645196 0.864734590 -0.027536549 0.501442015
1696124567.480000 -11.562538147 -0.157070577 4.344948769 0.005651691 0.864520311 -0.027325874 0.501822710
1696124568.382000 -11.512517929 -0.159231544 4.317333221 0.004039844 0.864359736 -0.028100267 0.502071977
1696124569.145000 -11.470142365 -0.161040962 4.293241501 0.006293191 0.864034593 -0.032961331 0.502312839
1696124570.241000 -11.408681870 -0.164105117 4.259020805 0.001588363 0.863454998 -0.030639289 0.503491998
1696124571.265000 -11.351344109 -0.166618228 4.227102280 0.004896232 0.863855600 -0.028984195 0.502881110
1696124572.129000 -11.296761513 -0.168714106 4.196622849 0.002882053 0.863506854 -0.031197326 0.503363013
1696124572.913000 -11.250160217 -0.170880139 4.171027184 0.000494135 0.862698913 -0.027216807 0.504984796
1696124573.769000 -11.198551178 -0.172683954 4.142867088 -0.002011528 0.863155544 -0.027548905 0.504182041
1696124574.625000 -11.147668839 -0.174686491 4.114878654 0.000136763 0.863778830 -0.033144873 0.502779961
1696124575.516000 -11.096221924 -0.176787794 4.085666656 0.000626116 0.864264607 -0.032448031 0.501989484
1696124576.461000 -11.036870003 -0.179758489 4.052639008 -0.001386590 0.864605725 -0.033710241 0.501316905
1696124577.358000 -10.983775139 -0.182019889 4.023541451 -0.001501251 0.865450561 -0.031778559 0.499983191
1696124578.226000 -10.932897568 -0.184158087 3.995063782 -0.000998258 0.865940094 -0.030709350 0.499203056
1696124579.159000 -10.876958847 -0.186382949 3.963317871 0.000239486 0.867139041 -0.028704546 0.497238249
1696124579.883000 -10.833282471 -0.188229322 3.937955856 -0.001081855 0.867399931 -0.031532925 0.496610343
1696124580.510000 -10.797435760 -0.190068662 3.917467117 -0.000772721 0.866948068 -0.033585485 0.497265071
1696124581.334000 -10.749484062 -0.192315936 3.890110970 0.000779122 0.866959214 -0.037496764 0.496966004
1696124582.263000 -10.689427376 -0.194935083 3.855622292 -0.000946055 0.867993355 -0.033799127 0.495423317
1696124583.251000 -10.623186111 -0.197501183 3.817177773 0.002733769 0.868381262 -0.031141870 0.494910836
1696124583.982000 -10.575578690 -0.199618220 3.789221764 0.002591549 0.868511617 -0.030180519 0.494742334
1696124584.891000 -10.513010025 -0.202368677 3.752861977 0.001973147 0.868850112 -0.029787734 0.494174361
1696124585.822000 -10.450880051 -0.205299139 3.716324806 0.002402975 0.869108140 -0.030777786 0.493657768
1696124586.722000 -10.387952805 -0.208165109 3.679417610 0.000404821 0.869404614 -0.029000908 0.493248910
1696124587.471000 -10.337249756 -0.210429609 3.649681091 0.001252072 0.869853795 -0.030324506 0.492375165
1696124588.173000 -10.291542053 -0.212577403 3.622689247 0.002023845 0.870226443 -0.030146316 0.491724581
1696124588.916000 -10.244686127 -0.215077579 3.594779015 0.002211697 0.870373785 -0.029695952 0.491490334
1696124589.639000 -10.202256203 -0.216767192 3.569772720 0.002238377 0.870644569 -0.029907990 0.490997493
1696124590.421000 -10.155698776 -0.218792439 3.542315483 0.002310820 0.871014595 -0.029802704 0.490346938
