1696386780.615000 0.000000000 0.000000000 0.000000000 -0.000000000 -0.000000000 -0.000000000 1.000000000
1696386780.813000 0.000156561 0.000569455 0.029498585 0.001050069 -0.000200729 0.000006310 0.999999464
1696386781.211000 -0.000289895 0.001684573 0.088585041 -0.000613209 -0.000274804 0.000055972 0.999999821
1696386781.507000 -0.000306279 0.002383141 0.132156387 0.002014172 -0.000598470 0.002273185 0.999995232
1696386781.705000 -0.000808625 0.001835791 0.164515033 0.011460835 -0.000214544 0.000662609 0.999934077
1696386781.932000 -0.000954506 0.002653130 0.202137381 0.008291696 -0.000281205 -0.000536145 0.999965489
1696386782.120000 -0.001375401 0.003127769 0.229964405 0.007020696 -0.000394161 -0.000147046 0.999975264
1696386782.321000 -0.002085421 0.002858541 0.261647165 0.001073157 -0.000731596 0.001382451 0.999998212
1696386782.521000 -0.002256572 0.002963839 0.292158425 -0.001961818 -0.000886283 -0.000940737 0.999997258
1696386782.820000 -0.002750450 0.003767983 0.337959141 0.001668277 -0.000945697 -0.001025952 0.999997675
1696386783.112000 -0.002717933 0.004522177 0.386127323 0.002219182 -0.001273903 -0.000870443 0.999996364
1696386783.428000 -0.003256367 0.005247671 0.436674058 0.001462606 -0.001317499 -0.001333456 0.999997199
1696386783.717000 -0.003928321 0.006026468 0.489945263 0.004699696 -0.001429188 -0.001110273 0.999987364
1696386784.014000 -0.004510646 0.006635444 0.553510904 0.003753542 -0.001456804 -0.000998039 0.999991417
1696386784.409000 -0.005809969 0.007458591 0.648330748 0.001110599 -0.001550780 -0.000535765 0.999998033
1696386784.841000 -0.006618022 0.008989446 0.743279338 0.001843302 -0.001558915 0.000174534 0.999997079
1696386785.221000 -0.011293943 0.010387947 0.838907182 0.001711169 -0.027811438 0.003821500 0.999604404
1696386785.612000 -0.016857011 0.011283760 0.928497255 -0.000322254 -0.028101055 -0.000028643 0.999605060
1696386786.005000 -0.027639315 0.012716785 1.016962171 -0.001274629 -0.063339591 0.007272870 0.997964740
1696386786.402000 -0.042754773 0.013630850 1.104507327 0.003643969 -0.081706092 -0.001053956 0.996649265
1696386786.803000 -0.057490394 0.014807770 1.190311074 0.001486493 -0.081937782 0.001881867 0.996634603
1696386787.311000 -0.076335251 0.016314769 1.299263120 0.003258733 -0.082037672 -0.000305934 0.996623874
1696386787.803000 -0.095898435 0.018001359 1.418641090 0.000780496 -0.082568295 -0.000208316 0.996585071
1696386788.306000 -0.117030598 0.020073775 1.540770292 0.001617067 -0.082599141 0.000349104 0.996581495
1696386788.804000 -0.137165144 0.021033766 1.658570409 0.001692045 -0.082801893 0.001407905 0.996563613
1696386789.298000 -0.156859562 0.022330176 1.777944565 0.000914187 -0.083157271 0.001731631 0.996534526
1696386789.899000 -0.182443887 0.024732556 1.925320148 0.000814849 -0.083307698 0.001995843 0.996521533
1696386790.509000 -0.209020421 0.026547682 2.077414989 0.000848404 -0.090594448 0.004343505 0.995878041
1696386791.106000 -0.237466633 0.028332664 2.221224785 0.001214236 -0.096077405 -0.000538951 0.995373011
1696386791.739000 -0.263994187 0.030851297 2.361133099 0.001286497 -0.085372902 -0.000123644 0.996348262
1696386792.308000 -0.287191898 0.032164592 2.499839544 0.001734713 -0.074551061 -0.000927882 0.997215271
1696386792.907000 -0.307886541 0.034156583 2.635961294 0.001781380 -0.074820995 0.001381871 0.997194469
1696386793.502000 -0.328222156 0.037044466 2.770133018 0.001686131 -0.075120017 0.001244382 0.997172296
1696386794.205000 -0.359526545 0.039297555 2.962187290 0.004705161 -0.075315863 0.001353190 0.997147739
1696386794.903000 -0.388822049 0.042318046 3.164301157 0.001885947 -0.060533673 -0.002858279 0.998160303
1696386795.499000 -0.410991251 0.043791302 3.331031799 0.001240293 -0.060576312 0.000353023 0.998162746
1696386796.200000 -0.435061783 0.046109062 3.524189949 0.001456126 -0.061066072 0.001410317 0.998131692
1696386796.798000 -0.457575589 0.048652612 3.687304974 -0.001386483 -0.060873196 0.001064949 0.998143971
1696386797.392000 -0.478561908 0.051675033 3.853398800 0.001267767 -0.061163247 0.001338526 0.998126090
1696386798.109000 -0.506168306 0.054250933 4.066232204 0.003887437 -0.061464507 0.001055328 0.998101175
1696386798.898000 -0.539717257 0.057109155 4.316448212 0.004468432 -0.061242923 0.000878631 0.998112500
1696386799.402000 -0.560025156 0.059975609 4.473320007 -0.004584464 -0.061514493 0.000547925 0.998095512
1696386799.797000 -0.574986637 0.062130366 4.594685555 0.004862331 -0.061899360 0.000827790 0.998070240
1696386800.302000 -0.595192909 0.063763835 4.746045589 0.004303830 -0.061916336 -0.001320290 0.998071194
1696386800.694000 -0.609363437 0.064331323 4.861841202 0.004480317 -0.062366314 -0.004696260 0.998032212
1696386801.100000 -0.625399590 0.065871298 4.978402138 -0.003106726 -0.062003277 -0.001377106 0.998070180
1696386801.505000 -0.641078353 0.068392731 5.092662334 -0.000471082 -0.061945301 0.001910817 0.998077631
1696386801.808000 -0.651828945 0.070081450 5.176400185 -0.006587696 -0.062184609 -0.002247238 0.998040438
1696386802.293000 -0.670058131 0.071744911 5.312011719 0.004395190 -0.062229849 0.000731837 0.998051882
1696386802.702000 -0.684971809 0.073078774 5.422358036 -0.000257309 -0.062229872 0.001352371 0.998060882
1696386803.003000 -0.695397258 0.073470183 5.503643036 0.004772432 -0.062205683 0.000206618 0.998051941
1696386803.298000 -0.706529319 0.074958026 5.585550308 0.002584779 -0.062451836 0.001000007 0.998044133
1696386803.695000 -0.721244812 0.076069169 5.694502354 0.000328955 -0.062552534 -0.000246518 0.998041630
1696386804.001000 -0.732526481 0.077472404 5.777936459 0.001202100 -0.062515482 0.000020139 0.998043299
1696386804.300000 -0.743391514 0.078213327 5.858019829 0.000900494 -0.062582046 -0.000084891 0.998039424
1696386804.691000 -0.758257926 0.079720922 5.970737457 0.002352698 -0.062695846 0.000631493 0.998029709
1696386805.002000 -0.770223141 0.080902196 6.060732841 0.000753679 -0.062879235 0.001475719 0.998019755
1696386805.404000 -0.784882247 0.082622752 6.176054955 0.000049303 -0.063398361 0.001969122 0.997986376
1696386805.691000 -0.796894431 0.084124260 6.258487225 -0.001462244 -0.063105509 0.001722041 0.998004317
1696386806.099000 -0.811798513 0.085193239 6.372781277 0.003621535 -0.063094594 0.000442824 0.998000920
1696386806.492000 -0.827472687 0.086928420 6.480442524 -0.000604277 -0.064303592 0.001429777 0.997929215
1696386806.897000 -0.843672693 0.088062346 6.580704212 0.001177591 -0.081370406 0.000656857 0.996683002
1696386807.299000 -0.862682641 0.090374209 6.690999508 0.001127320 -0.081284516 0.000363946 0.996690214
1696386807.699000 -0.881393015 0.092006460 6.798652649 0.001804710 -0.081537984 0.000616084 0.996668458
1696386808.098000 -0.900070667 0.093355462 6.907934666 0.001398222 -0.081532702 0.001535957 0.996668518
1696386808.493000 -0.919368148 0.094723701 7.020371437 0.001467730 -0.081821546 0.001960366 0.996643960
1696386809.000000 -0.944335222 0.096936621 7.165195942 0.001084614 -0.081850879 0.001978444 0.996642053
1696386809.497000 -0.970858932 0.099283829 7.315852165 0.000000299 -0.081798472 0.000959357 0.996648490
1696386810.100000 -1.000546694 0.102012336 7.495213985 0.001104271 -0.082316443 -0.000141354 0.996605635
1696386810.689000 -1.029338121 0.104545422 7.665611267 0.001431815 -0.082748204 0.001028481 0.996568918
1696386811.300000 -1.059630156 0.106870465 7.839157104 0.001578236 -0.082805425 0.001521745 0.996563315
1696386811.895000 -1.089039922 0.109005898 8.003778458 -0.000816624 -0.083004236 0.001817584 0.996547222
1696386812.493000 -1.117340565 0.111256696 8.166132927 0.000737341 -0.083144866 0.001175258 0.996536553
1696386813.088000 -1.145307541 0.114457615 8.325706482 0.001264357 -0.083500668 0.000864601 0.996506572
1696386813.700000 -1.174679160 0.116234392 8.482908249 0.001394929 -0.083133899 0.002060404 0.996535301
1696386814.202000 -1.197429657 0.117553912 8.611053467 0.001475369 -0.083275236 0.002960008 0.996521115
1696386814.796000 -1.223557591 0.119176805 8.760381699 -0.001517117 -0.083587974 0.002726154 0.996495545
1696386815.196000 -1.241462231 0.120755978 8.859395981 -0.000650692 -0.083457664 0.003101601 0.996506333
1696386815.796000 -1.265877128 0.123186752 9.004961014 0.000025625 -0.073922530 -0.001152538 0.997263312
1696386816.389000 -1.283029675 0.125282601 9.145954132 0.001009135 -0.061148990 0.001865623 0.998126447
1696386816.994000 -1.300398350 0.126980036 9.285389900 0.001015769 -0.061497886 0.002017544 0.998104692
1696386817.396000 -1.312335610 0.128893450 9.377224922 0.001400921 -0.061553165 0.002896961 0.998098612
1696386818.001000 -1.330114484 0.130593643 9.511366844 0.001230604 -0.061695829 0.002869229 0.998090148
1696386818.494000 -1.343877673 0.132350475 9.619378090 -0.001244424 -0.061961137 0.002835784 0.998073757
1696386819.091000 -1.358642101 0.133705497 9.732006073 0.004389621 -0.062023394 0.002826846 0.998061061
1696386819.799000 -1.374522209 0.134577692 9.850153923 0.000425197 -0.062083971 0.002679610 0.998067260
1696386820.290000 -1.385229468 0.136899129 9.929431915 -0.007037084 -0.062276535 0.002182499 0.998031735
1696386820.899000 -1.396843433 0.138669834 10.026910782 0.004170536 -0.046967342 -0.000753466 0.998887479
1696386821.295000 -1.399676800 0.139451787 10.087877274 -0.002765089 -0.030195601 0.003657410 0.999533474
1696386821.799000 -1.405000567 0.140176043 10.164769173 0.004751274 -0.030171456 0.002384196 0.999530613
1696386822.298000 -1.406218290 0.141435876 10.238355637 0.000428374 -0.003131126 -0.001353400 0.999994099
1696386822.701000 -1.398486733 0.142878890 10.294782639 -0.001946848 0.049469560 -0.001905409 0.998771906
1696386823.098000 -1.386518717 0.144244671 10.347184181 -0.001986752 0.100446194 -0.003810504 0.994933188
1696386823.598000 -1.363667965 0.145481646 10.411457062 0.002959225 0.163854614 -0.007082881 0.986454666
1696386824.094000 -1.338939667 0.145449162 10.474010468 0.000506833 0.180506364 -0.004260141 0.983564496
1696386824.599000 -1.310035467 0.145746484 10.534150124 0.000794527 0.224054664 -0.011996135 0.974502444
1696386825.207000 -1.272260666 0.146048516 10.604503632 0.006673588 0.246152699 -0.005983257 0.969189644
1696386825.789000 -1.230964899 0.146012068 10.661175728 0.008984623 0.308941364 -0.005781687 0.951021135
1696386826.289000 -1.191010475 0.145579487 10.703969955 0.009694655 0.359896928 -0.006996635 0.932915509
1696386826.701000 -1.157065153 0.145034373 10.733551979 0.008888739 0.397635192 -0.010524007 0.917440176
1696386827.157000 -1.124759674 0.144711450 10.758492470 0.010016027 0.431695014 -0.010015463 0.901908398
1696386827.543000 -1.092447758 0.144496903 10.779007912 0.005698782 0.463930607 -0.010517024 0.885790765
1696386828.083000 -1.048357010 0.143983394 10.803142548 0.002918093 0.505049050 -0.008306193 0.863045752
1696386828.488000 -1.014524937 0.143546224 10.817878723 0.002758958 0.534217298 -0.012485260 0.845250487
1696386828.952000 -0.976896286 0.143700361 10.831613541 0.002216269 0.565783441 -0.009247674 0.824499071
1696386829.375000 -0.944244862 0.143511057 10.841102600 0.003600971 0.591679513 -0.010231457 0.806100309
1696386829.810000 -0.911767006 0.143343985 10.847826958 0.000822134 0.617295861 -0.011440657 0.786647499
1696386830.277000 -0.878432274 0.143124133 10.852877617 0.004356886 0.642026186 -0.013349666 0.766554117
1696386830.896000 -0.837447166 0.142988890 10.857373238 0.004566209 0.660412908 -0.010892792 0.750809848
1696386831.514000 -0.798440933 0.142933398 10.862688065 0.004532617 0.660616219 -0.011384881 0.750623703
1696386832.038000 -0.763803482 0.142557800 10.867301941 0.006462265 0.660633147 -0.012419335 0.750578403
1696386832.648000 -0.701260567 0.141970813 10.876440048 0.006045419 0.660763621 -0.011153074 0.750486910
1696386833.243000 -0.631592751 0.141528621 10.885662079 0.006376402 0.660534441 -0.011429419 0.750681639
1696386833.849000 -0.543179512 0.140927374 10.898189545 0.006802112 0.660465539 -0.011801762 0.750732720
1696386834.715000 -0.417194366 0.140109092 10.916198730 0.006571905 0.660452425 -0.011171171 0.750756025
1696386835.333000 -0.296150208 0.139686808 10.932991982 0.005423957 0.660236001 -0.009605085 0.750977278
1696386835.924000 -0.174086571 0.138606280 10.949650764 0.003875766 0.659965873 -0.011484967 0.751197815
1696386836.537000 -0.052754402 0.138050720 10.966414452 0.003424156 0.659905910 -0.011907654 0.751246095
1696386837.187000 0.075408936 0.137424856 10.984054565 0.004276658 0.660017967 -0.010286981 0.751167238
1696386837.909000 0.226639748 0.136249572 11.004759789 0.005696515 0.659957767 -0.010289660 0.751210630
1696386838.604000 0.374794960 0.135477602 11.026531219 0.005788607 0.660098910 -0.009583874 0.751095235
1696386839.415000 0.548449516 0.134059370 11.050274849 0.006084257 0.659926593 -0.009452567 0.751245975
1696386840.126000 0.697489738 0.132986277 11.069852829 0.004329048 0.659316123 -0.010713063 0.751777053
1696386840.869000 0.843467712 0.132094368 11.091713905 0.007521211 0.660051882 -0.015745154 0.751017332
1696386841.913000 1.052873611 0.131842464 11.119338989 0.004834021 0.659807861 -0.009992638 0.751352370
1696386842.931000 1.254569054 0.129852444 11.147446632 0.002924298 0.660598934 -0.010420987 0.750661016
1696386843.749000 1.410413742 0.129424661 11.168582916 0.004117820 0.660404861 -0.011795527 0.750805795
1696386844.422000 1.547570229 0.128776670 11.188192368 0.003770384 0.659847081 -0.007872341 0.751349211
1696386844.971000 1.669395447 0.128888831 11.205441475 0.003561401 0.659891665 -0.011572904 0.751263201
1696386845.437000 1.766016006 0.127323583 11.218697548 0.006187927 0.659547269 -0.014495270 0.751497805
1696386846.049000 1.885337830 0.126325831 11.234666824 0.004974203 0.660043359 -0.012844170 0.751101255
1696386846.591000 1.999507427 0.126245871 11.250835419 0.005433485 0.659683764 -0.008154181 0.751479447
1696386847.132000 2.112814903 0.125890553 11.268037796 0.008644466 0.660002947 -0.007195340 0.751178801
1696386847.685000 2.226272583 0.124979541 11.283258438 0.009659216 0.659332931 -0.006396865 0.751761854
1696386848.031000 2.292243958 0.124191821 11.292388916 0.011967210 0.658821166 -0.011742842 0.752112746
1696386848.463000 2.376646996 0.124016158 11.303467751 0.003890549 0.658884287 -0.007219177 0.752199590
1696386848.890000 2.460301399 0.123602584 11.315347672 0.006342323 0.658847451 -0.009111176 0.752194643
1696386849.226000 2.522216797 0.123167276 11.323909760 0.004908738 0.658508778 -0.007518266 0.752519548
1696386849.653000 2.604938984 0.122809410 11.335160255 0.005251801 0.658594429 -0.012061766 0.752383113
1696386850.104000 2.684261322 0.122063041 11.346744537 0.004713573 0.658578336 -0.009259222 0.752440453
1696386850.533000 2.764165401 0.121543542 11.357837677 0.007227736 0.658756375 -0.010628449 0.752246559
1696386850.992000 2.842916965 0.121121421 11.369294167 0.005301249 0.658734977 -0.009182103 0.752300382
1696386851.427000 2.921983719 0.120581388 11.380257607 0.006689357 0.657998800 -0.014195487 0.752855480
1696386851.871000 2.998368740 0.119855106 11.390747070 0.004684091 0.657798111 -0.010787667 0.753102541
1696386852.293000 3.073947430 0.119333982 11.403186798 0.005195728 0.652278304 -0.010582251 0.757887840
1696386852.710000 3.146857262 0.118865609 11.414701462 0.005551783 0.652095020 -0.008187267 0.758072734
1696386853.122000 3.218543053 0.118165627 11.426212311 0.007956857 0.650904775 -0.011321161 0.759033263
1696386853.593000 3.288331985 0.118642122 11.439922333 0.000441329 0.639516473 -0.005626398 0.768756747
1696386854.008000 3.355737209 0.117789552 11.452535629 0.003211195 0.639325678 -0.010545013 0.768857062
1696386854.588000 3.453702927 0.117444277 11.475238800 0.003479193 0.627360702 -0.011736005 0.778632581
1696386855.043000 3.525053978 0.117213547 11.490953445 0.003479856 0.627116859 -0.013434657 0.778801560
1696386855.507000 3.605243683 0.116277441 11.509437561 0.002728548 0.627430916 -0.012809135 0.778562129
1696386856.119000 3.707885742 0.115292728 11.532523155 0.003224047 0.627516389 -0.012749676 0.778492272
1696386856.697000 3.801197529 0.115745351 11.551467896 0.003756748 0.637878537 -0.013036342 0.770017505
1696386857.364000 3.909059048 0.115265280 11.572445869 0.003993798 0.638088167 -0.013191902 0.769839883
1696386857.927000 3.998168945 0.114561871 11.589599609 0.004513346 0.638137341 -0.012938549 0.769800603
1696386858.413000 4.072343826 0.113757044 11.604578972 0.004820722 0.638425887 -0.012150341 0.769572318
1696386859.016000 4.163366795 0.113006100 11.622236252 0.005182805 0.638145447 -0.012599920 0.769795358
1696386859.717000 4.263523579 0.112546444 11.642244339 0.002700494 0.637539804 -0.012698737 0.770308018
1696386860.322000 4.354293823 0.111588553 11.660051346 0.003389359 0.637605250 -0.013355534 0.770239949
1696386860.889000 4.438369751 0.111504391 11.676435471 0.003677394 0.637680590 -0.013361103 0.770176232
1696386861.457000 4.509315968 0.111327715 11.690547943 -0.000958535 0.637524545 -0.009633275 0.770369232
1696386862.053000 4.564455509 0.111222684 11.701059341 0.003565882 0.637485623 -0.013196575 0.770340979
1696386862.656000 4.594464302 0.110980690 11.707184792 0.003697240 0.637865067 -0.013814885 0.770015419
1696386863.671000 4.636687279 0.110855564 11.715585709 0.003566267 0.638279736 -0.013522868 0.769677460
1696386864.272000 4.672296524 0.110904261 11.722820282 0.004021956 0.638695478 -0.013858027 0.769324303
1696386864.922000 4.716885567 0.110608891 11.731629372 0.003225040 0.639005840 -0.013724115 0.769072652
1696386865.392000 4.748784065 0.110400885 11.737921715 0.003779247 0.639101982 -0.014443804 0.768977165
1696386866.061000 4.791221619 0.110077560 11.746274948 0.003492297 0.639463961 -0.014751552 0.768671691
1696386866.847000 4.837813377 0.110085547 11.755084991 0.003365834 0.639731050 -0.015237674 0.768440425
1696386867.368000 4.868017673 0.109689891 11.761194229 0.003009022 0.640225351 -0.015130332 0.768032253
1696386867.914000 4.895443916 0.108919516 11.764706612 0.004439920 0.654818237 -0.019589156 0.755519450
1696386868.566000 4.926308632 0.108943656 11.766229630 0.005049541 0.677382290 -0.017775197 0.735399067
1696386869.212000 4.953814030 0.108778685 11.766419411 0.005922373 0.697110295 -0.018354319 0.716704547
1696386869.938000 4.978448391 0.107862771 11.764852524 0.001939446 0.715304136 -0.017314598 0.698596060
1696386870.695000 4.999218941 0.107566461 11.763364792 0.003070098 0.730765641 -0.018260330 0.682377338
1696386871.422000 5.018534660 0.107184753 11.760665894 0.005292824 0.744022727 -0.017390801 0.667907059
1696386872.187000 5.040370941 0.106845796 11.756488800 0.005740747 0.759695888 -0.016239738 0.650050342
1696386873.036000 5.061281204 0.106531203 11.751427650 0.002661748 0.774921060 -0.015390481 0.631865025
1696386873.903000 5.081973076 0.106306374 11.745197296 0.003943703 0.789127648 -0.014028816 0.614056468
1696386875.030000 5.110760689 0.106034398 11.734738350 0.006195109 0.807819009 -0.009667226 0.589318812
1696386876.195000 5.147096634 0.105737120 11.717752457 0.006333428 0.831703186 -0.010376869 0.555087447
1696386877.251000 5.175969124 0.105687648 11.701581955 0.007200700 0.850256979 -0.006148603 0.526282728
1696386878.518000 5.206626892 0.105848715 11.681817055 0.010546545 0.869002998 -0.004832943 0.494670838
1696386879.859000 5.237892151 0.105969086 11.657574654 0.007980870 0.886938632 -0.004437414 0.461797118
1696386881.003000 5.267872810 0.105798833 11.630546570 0.007354069 0.904665053 -0.009167906 0.425961316
1696386882.367000 5.320430756 0.105522700 11.572923660 0.006666464 0.935984313 -0.016079038 0.351611197
1696386884.065000 5.391777992 0.103720330 11.455537796 0.007716598 0.977174878 -0.012140927 0.211949006
1696386884.636000 5.408703804 0.103539139 11.401727676 0.007251547 0.986911416 -0.012595220 0.160607204
1696386885.571000 5.427453041 0.102559000 11.308976173 0.011326792 0.995796859 -0.010790923 0.090243623
1696386886.536000 5.450287819 0.101484239 11.194726944 0.012259613 0.994336843 -0.018109700 0.103999794
1696386887.558000 5.478183746 0.099320352 11.066366196 0.013196976 0.994147718 -0.009507568 0.106798142
1696386888.301000 5.503168106 0.098153844 10.957441330 0.014303514 0.994031131 -0.014129347 0.107228152
1696386889.045000 5.532042503 0.096498698 10.823938370 0.015469365 0.994039357 -0.009977804 0.107456677
1696386889.611000 5.555710793 0.095662475 10.720794678 0.015521495 0.994063795 -0.008510087 0.107349306
1696386890.225000 5.581972122 0.094958104 10.607632637 0.017239003 0.993939459 -0.011063758 0.108003676
1696386890.850000 5.609536171 0.093939438 10.497669220 0.017180990 0.993937314 -0.010985417 0.108040318
1696386891.739000 5.646345139 0.092837825 10.344353676 0.017280668 0.993821561 -0.011514189 0.109030046
1696386892.557000 5.653640747 0.090350583 10.222034454 0.013678886 0.993442714 -0.010988138 0.112976924
1696386893.063000 5.678794861 0.089082696 10.135446548 0.012851188 0.993458211 -0.010400260 0.112992942
1696386893.919000 5.712524414 0.087150946 9.988910675 0.010095908 0.993326187 -0.011768146 0.114292070
1696386894.537000 5.737360954 0.086105295 9.885501862 0.008816118 0.993300676 -0.013045044 0.114480972
1696386895.288000 5.766551971 0.084288590 9.760171890 0.006988820 0.993442833 -0.010870719 0.113597579
1696386896.033000 5.795656204 0.083257318 9.637697220 0.005767294 0.993616402 -0.011442394 0.112081699
1696386896.505000 5.814967155 0.082847551 9.555184364 0.004503724 0.993583798 -0.013281709 0.112225503
1696386897.028000 5.834096909 0.082192428 9.471353531 0.000519244 0.994842410 -0.011458843 0.100782484
1696386897.498000 5.849720001 0.081924453 9.388774872 0.002741235 0.995721281 -0.012044675 0.091578379
1696386897.951000 5.866075516 0.081706323 9.305332184 0.003819088 0.995610416 -0.014078680 0.092450738
1696386898.298000 5.879298210 0.081495740 9.240017891 0.004243314 0.995606184 -0.011867468 0.092787586
1696386898.752000 5.895682335 0.080389723 9.153867722 0.005200460 0.995571673 -0.012274512 0.093055598
1696386899.217000 5.912373543 0.079006612 9.068908691 0.005494120 0.995544851 -0.013493509 0.093157053
1696386899.697000 5.929506302 0.078424275 8.984959602 0.003882663 0.995574594 -0.012324066 0.093082123
1696386900.147000 5.945275307 0.077556655 8.903160095 0.002493248 0.995554209 -0.012631773 0.093306236
1696386900.847000 5.971444130 0.076285742 8.770776749 0.002832836 0.995562434 -0.012214334 0.093264177
1696386901.303000 5.987574577 0.075661011 8.691490173 0.003135473 0.995586216 -0.012149617 0.093009390
1696386901.879000 6.006588936 0.075237669 8.592856407 0.003214428 0.995568633 -0.013076561 0.093068764
1696386902.443000 6.026478767 0.074272141 8.494609833 0.003822695 0.995588183 -0.013059066 0.092838623
1696386902.995000 6.046445847 0.073486120 8.394918442 0.004794376 0.995623708 -0.012305907 0.092515439
1696386903.558000 6.066157341 0.072231248 8.296603203 0.006172737 0.995606661 -0.014581751 0.092285745
1696386904.015000 6.080888748 0.070755653 8.219057083 0.004684295 0.995589495 -0.012790601 0.092823014
1696386904.574000 6.099623680 0.069690749 8.123302460 0.002737971 0.995584249 -0.012060310 0.093054555
1696386905.120000 6.118356705 0.068546832 8.027021408 0.003464713 0.995554388 -0.014452325 0.093008786
1696386905.674000 6.138076782 0.067228846 7.926957130 0.003342247 0.995617807 -0.011995900 0.092682898
1696386906.254000 6.158029556 0.066427641 7.827216148 0.003882484 0.995633602 -0.012101161 0.092478454
1696386906.797000 6.177879333 0.065587021 7.728286266 0.004038985 0.995661914 -0.012488845 0.092114590
1696386907.233000 6.193043709 0.065143257 7.649276257 0.004390245 0.995654941 -0.013082239 0.092091210
1696386907.669000 6.208223343 0.063844234 7.571887493 0.005001002 0.995685697 -0.012229093 0.091844447
1696386908.112000 6.222675323 0.062451269 7.496365547 0.005320052 0.995648086 -0.015151898 0.091798902
1696386908.888000 6.249686241 0.061086673 7.358895779 0.002727084 0.995720744 -0.011623852 0.091639102
1696386909.330000 6.264429092 0.060213763 7.284240246 0.003206865 0.995725095 -0.013024055 0.091387354
1696386909.756000 6.278929710 0.060118601 7.210502625 0.003196364 0.995712936 -0.012443929 0.091600925
1696386910.311000 6.295976639 0.059166633 7.118705750 0.003047117 0.995684028 -0.013271017 0.091803670
1696386910.952000 6.318133354 0.057626329 7.008780479 0.002997075 0.995764792 -0.012578771 0.091023497
1696386911.691000 6.341887474 0.056364603 6.884840488 0.002840955 0.996018350 -0.013006769 0.088148475
1696386912.217000 6.358104706 0.055248614 6.798157215 0.002385932 0.996060252 -0.013074357 0.087677673
1696386912.777000 6.372871399 0.054618835 6.713720322 -0.000193373 0.996433198 -0.010445654 0.083736464
1696386913.202000 6.383843422 0.053674690 6.647146702 -0.000388860 0.996660531 -0.013730112 0.080493510
1696386913.609000 6.395715714 0.053137653 6.578932285 0.001633601 0.996679127 -0.013330844 0.080314033
1696386914.012000 6.407727242 0.051991761 6.511362553 -0.001536781 0.996691108 -0.014841091 0.079901561
1696386914.428000 6.418491364 0.051559843 6.445451260 -0.000140501 0.996694386 -0.013684605 0.080081828
1696386914.846000 6.430437088 0.051412739 6.379430771 -0.000104342 0.996810138 -0.009361200 0.079259008
1696386915.354000 6.444345474 0.050441168 6.298725605 -0.000740632 0.996811032 -0.015153109 0.078343049
1696386915.698000 6.454102516 0.049460158 6.242748260 0.000447108 0.996835649 -0.015051760 0.078051530
1696386916.198000 6.467812538 0.047982477 6.159174919 0.001572843 0.996929526 -0.015085553 0.076821104
1696386916.610000 6.478803635 0.047271721 6.092866898 0.004102945 0.996873260 -0.013488713 0.077749014
1696386917.140000 6.492405891 0.046018042 6.008429050 -0.001790520 0.996803224 -0.013653563 0.078700572
1696386917.907000 6.511800766 0.045103770 5.892339706 -0.001702247 0.996900618 -0.007041667 0.078337334
1696386918.540000 6.528559685 0.044545420 5.788456917 -0.001534773 0.996903539 -0.012652750 0.077594526
1696386918.953000 6.539741516 0.042909943 5.717183113 -0.000211984 0.996970296 -0.011361328 0.076949395
1696386919.469000 6.553930283 0.042241901 5.629958153 0.000132050 0.996977210 -0.014494168 0.076330386
1696386920.202000 6.576010704 0.040200748 5.493804932 0.000520130 0.997029901 -0.014653134 0.075606644
1696386920.917000 6.598361492 0.037691731 5.355589390 0.001888047 0.997081876 -0.013692868 0.075077854
1696386921.626000 6.620910168 0.035925247 5.220910549 0.002519124 0.997213423 -0.011785425 0.073621906
1696386922.227000 6.637844086 0.034874145 5.107967377 0.004562900 0.997193575 -0.013803861 0.073441751
1696386922.988000 6.658830166 0.033399370 4.969207287 0.003452624 0.997256339 -0.012739294 0.072839543
1696386923.688000 6.679399014 0.033327781 4.838855743 0.003432701 0.997258604 -0.015353528 0.072303563
1696386924.377000 6.701802731 0.031765670 4.699585438 0.003625075 0.997354090 -0.013534700 0.071334057
1696386925.034000 6.720322132 0.030068215 4.576564789 0.004094188 0.997391284 -0.013228183 0.070844546
1696386925.674000 6.739393711 0.028563732 4.453891277 0.003692972 0.997441590 -0.013498924 0.070102900
1696386926.356000 6.759740353 0.026174817 4.316077709 0.004030414 0.997465611 -0.012920193 0.069851458
1696386926.885000 6.776932240 0.025443997 4.199774265 0.003926822 0.997505248 -0.012666733 0.069336042
1696386927.511000 6.793890476 0.023770889 4.078661442 0.004088876 0.997502625 -0.012643384 0.069368549
1696386928.037000 6.810544968 0.022664277 3.969730854 0.004409261 0.997541726 -0.012784258 0.068758056
1696386928.613000 6.828396797 0.021355148 3.846947670 0.004459523 0.997581303 -0.012901134 0.068155937
1696386929.290000 6.848618507 0.020809459 3.703234196 0.004438956 0.997591496 -0.013861762 0.067819007
1696386929.827000 6.865524292 0.019731071 3.593544722 0.004244881 0.997684717 -0.012543365 0.066707276
1696386930.631000 6.888152122 0.017751152 3.433765888 0.003590566 0.997709334 -0.012406145 0.066402175
1696386931.295000 6.905388355 0.016681498 3.305537701 0.003983541 0.997718573 -0.013467885 0.066033795
1696386932.055000 6.926419735 0.015243879 3.153140068 0.003759420 0.997748852 -0.013897205 0.065497801
1696386932.494000 6.938794136 0.013774005 3.060940027 0.004566250 0.997761369 -0.013452011 0.065348826
1696386933.070000 6.955318451 0.012526065 2.944423199 0.004782831 0.997768939 -0.013908440 0.065122016
1696386933.713000 6.974434853 0.011705741 2.811359882 0.004837491 0.997900188 -0.007714604 0.064127393
1696386934.242000 6.988459110 0.011262094 2.703857899 0.004133572 0.997847080 -0.015254789 0.063650817
1696386934.797000 7.003289700 0.009816986 2.591870070 0.003486547 0.997897267 -0.013640389 0.063268110
1696386935.223000 7.014382362 0.008492103 2.506942272 0.003569061 0.997899592 -0.013611355 0.063233420
1696386935.739000 7.027510166 0.007368819 2.406482697 0.003730603 0.997912526 -0.013813250 0.062975317
1696386936.384000 7.043837547 0.005500637 2.281235933 0.004791380 0.997909009 -0.013294184 0.063071176
1696386936.944000 7.058667660 0.003566690 2.174177170 0.005304634 0.997918010 -0.014196648 0.062689640
1696386937.598000 7.075021267 0.002177797 2.052839994 0.007201797 0.997905552 -0.015777078 0.062319729
1696386938.023000 7.085588455 0.000858769 1.974499941 0.006734328 0.997922182 -0.014766048 0.062353268
1696386938.527000 7.097665310 -0.000332721 1.882060289 0.004520332 0.997941554 -0.012961662 0.062643811
1696386938.943000 7.107895374 -0.001215201 1.808371782 0.004624531 0.997944713 -0.013496560 0.062472124
1696386939.366000 7.118132591 -0.002188955 1.733503819 0.004729852 0.997952580 -0.013578798 0.062321048
1696386939.784000 7.127564907 -0.002670527 1.661304235 0.004758596 0.997967124 -0.013557810 0.062090050
1696386940.199000 7.135358334 -0.003512580 1.591339946 0.001823267 0.998910367 -0.013533367 0.044627491
1696386940.653000 7.140001297 -0.004406329 1.520521760 0.005968789 0.999509275 -0.013193076 0.027775947
1696386941.169000 7.145466328 -0.004704919 1.435080528 0.005543636 0.999505162 -0.014099494 0.027566848
1696386941.568000 7.149743557 -0.005528037 1.370367289 0.006435718 0.999512792 -0.013450215 0.027419453
1696386942.159000 7.154647827 -0.006862409 1.278792977 0.009613396 0.999475956 -0.013534124 0.027788049
1696386942.674000 7.156649590 -0.006858729 1.246850133 0.007482220 0.999562263 -0.009508094 0.026999420
1696386943.947000 7.158810139 -0.007400811 1.214083910 0.013217157 0.999439120 -0.013727539 0.027539345
1696386944.458000 7.160576344 -0.007846624 1.182059646 0.010020792 0.999489129 -0.014220050 0.026812693
1696386945.034000 7.162755489 -0.008441254 1.147937775 0.011076418 0.999504209 -0.012856745 0.026521759
1696386945.537000 7.161599636 -0.008470260 1.119096994 0.010014195 0.999864101 -0.011015335 0.007085089
1696386946.128000 7.158036232 -0.008445486 1.087984085 -0.014119982 -0.999539912 0.009215551 0.025212651
1696386946.643000 7.154036045 -0.008259326 1.061289072 -0.014152736 -0.998438120 0.009248332 0.053249355
1696386947.238000 7.147223473 -0.008102007 1.033224344 -0.012680511 -0.996265650 0.009456643 0.084879346
1696386947.719000 7.141284466 -0.008089453 1.010403633 -0.015790163 -0.993800461 0.010688635 0.109531298
1696386948.214000 7.132933140 -0.008005604 0.987705231 -0.016190024 -0.990844250 0.010540243 0.133621007
1696386948.826000 7.122113705 -0.007562667 0.961318493 -0.014348811 -0.986388147 0.010804524 0.163449541
1696386949.425000 7.110724926 -0.007322058 0.937480927 -0.012303008 -0.981611073 0.011083582 0.190172493
1696386950.008000 7.098668575 -0.007283084 0.915428162 -0.012465407 -0.976642072 0.010479027 0.214254767
1696386950.617000 7.086241722 -0.007187260 0.893388271 -0.010323075 -0.970808864 0.010705628 0.239392921
1696386951.222000 7.073381424 -0.006939330 0.874237537 -0.010382015 -0.964968383 0.012273488 0.261873275
1696386951.805000 7.061246872 -0.006688399 0.858025551 -0.009492999 -0.959269464 0.013564263 0.282007039
1696386952.403000 7.049304008 -0.006731253 0.843044758 -0.007585267 -0.953320146 0.014712286 0.301507443
1696386953.002000 7.038258076 -0.006727636 0.830497265 -0.005671990 -0.947831452 0.015623728 0.318338364
1696386953.599000 7.029171467 -0.006846845 0.820686340 -0.006168312 -0.943172336 0.015843917 0.331868768
1696386954.293000 7.019577026 -0.006849781 0.811016083 -0.007119542 -0.938621283 0.018491259 0.344379783
1696386954.901000 7.008711815 -0.006916083 0.800248146 -0.008441358 -0.932816327 0.018013831 0.359802634
1696386955.681000 6.986823559 -0.006826460 0.781070709 -0.008704994 -0.920993447 0.018193491 0.389055759
1696386956.326000 6.967594147 -0.006835729 0.765862465 -0.007690522 -0.910948336 0.017701037 0.412068725
1696386957.002000 6.947731018 -0.006914169 0.751681328 -0.010786310 -0.900372624 0.016504841 0.434672832
1696386957.744000 6.923828125 -0.007065751 0.736372948 -0.007873965 -0.887498140 0.013558630 0.460544527
1696386958.339000 6.900824070 -0.007080749 0.723814964 -0.009762737 -0.874881864 0.013470061 0.484050632
1696386959.143000 6.858988762 -0.007068411 0.704330444 -0.008722624 -0.850394845 0.016591802 0.525811076
1696386959.833000 6.801818848 -0.006544158 0.684937477 -0.010095472 -0.817006469 0.008890530 0.576471567
1696386960.640000 6.736844540 -0.005623750 0.668284416 -0.004573296 -0.797231436 0.009842357 0.603576243
1696386961.585000 6.658830643 -0.004922919 0.652100086 -0.006064679 -0.772651076 0.009212919 0.634735107
1696386962.196000 6.599984646 -0.004551448 0.640139580 -0.005834524 -0.772729576 0.007186217 0.634667873
1696386962.990000 6.484759331 -0.003501356 0.616518021 -0.004301848 -0.772697568 0.009216575 0.634692848
1696386963.586000 6.382204533 -0.002101183 0.597019196 -0.004105892 -0.764174521 0.006758039 0.644961119
1696386964.195000 6.280738831 -0.001184665 0.578279495 -0.005972949 -0.764028072 0.008100077 0.645104527
1696386964.785000 6.184053898 -0.000600830 0.560551643 -0.006133276 -0.766632557 0.007830855 0.642009020
1696386965.288000 6.103581429 0.001183406 0.544607639 -0.005445525 -0.766391516 0.008881382 0.642289281
1696386965.994000 5.994787693 0.001870345 0.523927212 -0.004661723 -0.766504765 0.006708301 0.642186642
1696386966.494000 5.916540623 0.003046684 0.509534836 -0.005896785 -0.766604245 0.003611915 0.642082751
1696386967.426000 5.769493103 0.005209781 0.480564117 -0.005179101 -0.766237259 0.007755336 0.642490089
1696386968.023000 5.671952724 0.006165490 0.461730480 -0.005237555 -0.766229153 0.008115719 0.642494857
1696386968.847000 5.538658619 0.008071702 0.437092304 -0.005680788 -0.766363084 0.008646247 0.642324388
1696386969.250000 5.474568367 0.008854061 0.424160480 -0.004954048 -0.766218722 0.009980269 0.642483294
1696386969.845000 5.373609066 0.009571835 0.404340267 -0.006276540 -0.766061544 0.008908028 0.642674863
1696386970.440000 5.273830414 0.010554679 0.386288166 -0.005297462 -0.766362369 0.008637556 0.642328620
1696386970.936000 5.197085381 0.011346489 0.372306347 -0.004923162 -0.766481876 0.006909756 0.642209888
1696386971.640000 5.086816311 0.011850633 0.351699352 0.000157021 -0.766451597 0.009791437 0.642227530
1696386972.610000 4.935767174 0.013083186 0.322524548 -0.004300688 -0.766350448 0.007647534 0.642362833
1696386973.149000 4.851437569 0.013682488 0.306689739 -0.006232031 -0.766242027 0.008802056 0.642461479
1696386973.646000 4.773578167 0.015286859 0.292750359 -0.007615814 -0.766523480 0.007321557 0.642129362
1696386974.443000 4.646033287 0.016856644 0.267728329 -0.005719984 -0.766212702 0.007759264 0.642514825
1696386975.447000 4.481551647 0.017410908 0.237689495 -0.005333006 -0.766258597 0.008319320 0.642456412
1696386976.344000 4.331651688 0.019371122 0.210417747 -0.006040405 -0.766431928 0.003207952 0.642289221
1696386976.848000 4.246418476 0.020499548 0.195010185 -0.000986469 -0.766442418 0.006791995 0.642276347
1696386977.438000 4.143081188 0.020544346 0.175799847 0.005269554 -0.766268432 0.010402322 0.642414689
1696386977.948000 4.058118820 0.021532405 0.160580158 -0.003889075 -0.766536772 -0.000362917 0.642188609
1696386978.506000 3.959860802 0.022805762 0.142424107 -0.000353239 -0.766460538 0.007662765 0.642245591
1696386978.908000 3.888794184 0.022903066 0.129148006 -0.002553195 -0.766390860 0.006201933 0.642339528
1696386979.408000 3.801439524 0.024223235 0.113410950 -0.002331260 -0.766493559 0.007960607 0.642198443
1696386979.910000 3.710630178 0.025442803 0.096212864 -0.005080672 -0.766498387 0.004608148 0.642209649
1696386980.510000 3.603474617 0.026597572 0.076828957 -0.000454007 -0.766453981 0.007671162 0.642253280
1696386980.911000 3.531109095 0.027116526 0.063639641 0.001049360 -0.766305983 0.005196571 0.642453909
1696386981.406000 3.443305969 0.027939186 0.047546148 -0.000605990 -0.766409695 0.004522706 0.642335951
1696386982.012000 3.338094473 0.029090554 0.027760029 -0.002972754 -0.766325831 0.005103727 0.642425060
1696386982.404000 3.272032261 0.030160420 0.015449047 -0.002896457 -0.766289234 0.002949191 0.642482519
1696386982.911000 3.186545849 0.031151522 -0.000908375 0.002491324 -0.766235590 0.003924460 0.642542958
1696386983.311000 3.112646580 0.031791493 -0.014595985 0.002701149 -0.766196251 0.006209743 0.642570972
1696386983.808000 3.018433571 0.032263909 -0.032602310 0.001360794 -0.765948713 0.004798537 0.642882407
1696386984.308000 2.926196575 0.033280477 -0.049622774 -0.003699518 -0.765899062 0.003009330 0.642943144
1696386984.705000 2.854460001 0.034345623 -0.062831402 -0.001282565 -0.765838325 0.005763571 0.643006146
1696386985.206000 2.765296698 0.035200663 -0.078876734 -0.002397135 -0.765966833 0.005000635 0.642856181
1696386985.709000 2.677287579 0.035603121 -0.095259190 -0.002204674 -0.765829980 0.005825969 0.643012941
1696386986.205000 2.592351437 0.037459504 -0.110789299 -0.002034825 -0.765799880 0.006102846 0.643046796
1696386986.709000 2.507396460 0.037887845 -0.125892401 -0.002142584 -0.765780866 0.005836460 0.643071532
1696386987.205000 2.431339741 0.038809218 -0.140044689 -0.002308978 -0.765678406 0.005976821 0.643191695
1696386987.703000 2.350478649 0.039816853 -0.154960394 -0.002129535 -0.765587687 0.006427466 0.643295825
1696386988.310000 2.254049063 0.040254362 -0.172888517 -0.001747010 -0.765480340 0.006157954 0.643427551
1696386988.909000 2.163384914 0.040318087 -0.189260244 0.000751687 -0.765365124 0.008736485 0.643536568
1696386989.491000 2.076455116 0.041214891 -0.206077814 -0.002216769 -0.765164673 0.004747080 0.643813312
1696386990.293000 1.963115692 0.042369757 -0.225613356 -0.001736669 -0.765323937 0.005187294 0.643622041
1696386990.892000 1.880657673 0.043283004 -0.240108013 -0.001446293 -0.765322447 0.005361932 0.643623054
1696386991.491000 1.799078465 0.044252481 -0.255892754 -0.001217486 -0.765123129 0.005257656 0.643861353
1696386992.190000 1.707601190 0.045166846 -0.271885514 -0.001338600 -0.765205920 0.005362686 0.643761873
1696386992.887000 1.619681835 0.046653233 -0.287662864 -0.001277327 -0.765109062 0.005610448 0.643875122
