1696251290.610000 0.000000000 0.000000000 0.000000000 -0.000000000 -0.000000000 -0.000000000 1.000000000
1696251290.816000 -0.000531557 -0.000342303 0.042942390 0.007169219 0.000336885 0.000133886 0.999974251
1696251290.978000 -0.000691307 -0.000090375 0.076959595 0.010553447 0.000358532 -0.000630450 0.999944091
1696251291.083000 -0.000765702 0.000237645 0.097528338 0.009613502 0.000262097 -0.000479129 0.999953687
1696251291.184000 -0.001190177 0.000756692 0.118639909 0.008611959 0.000317548 -0.000227346 0.999962866
1696251291.289000 -0.000929173 0.000896934 0.140254825 0.005399066 -0.000202853 0.001823517 0.999983728
1696251291.392000 -0.001216537 0.000727719 0.162518725 0.001002879 -0.000220776 0.000575362 0.999999344
1696251291.495000 -0.001468602 0.000826477 0.184230164 -0.001434718 -0.000202579 -0.000443348 0.999998868
1696251291.597000 -0.001299824 0.001059739 0.206365079 -0.001585043 -0.000378910 -0.001318572 0.999997854
1696251291.700000 -0.002022374 0.001666965 0.227879673 -0.000119510 -0.000271018 -0.001662552 0.999998569
1696251291.801000 -0.002315751 0.001968223 0.249394625 0.001436543 -0.000257119 -0.001537223 0.999997795
1696251291.906000 -0.002385303 0.002379591 0.271641850 0.002478318 -0.000297424 -0.001163819 0.999996245
1696251292.049000 -0.003015289 0.002637282 0.301328629 0.002560874 -0.000235329 -0.001296492 0.999995887
1696251292.211000 -0.003027711 0.003044761 0.335880131 0.001806993 -0.000414348 -0.001517744 0.999997139
1696251292.356000 -0.003787430 0.003521974 0.364876479 0.001606655 -0.000329625 -0.001609865 0.999997377
1696251292.518000 -0.003919669 0.004109725 0.398970693 0.001828721 -0.000383989 -0.001515799 0.999997139
1696251292.660000 -0.003637459 0.003999641 0.428322881 0.001760768 -0.000652016 -0.001480201 0.999997139
1696251292.861000 -0.003697764 0.004477420 0.469798476 0.001873405 -0.000714183 -0.001244623 0.999997199
1696251293.025000 -0.004340307 0.004957171 0.502341866 0.001920727 -0.000665852 -0.001121949 0.999997318
1696251293.227000 -0.005118127 0.005549375 0.542720437 0.002038599 -0.003773672 -0.000113994 0.999990821
1696251293.427000 -0.009921135 0.005962721 0.582705796 0.001742300 -0.030318560 0.004687826 0.999527752
1696251293.626000 -0.012928362 0.006660353 0.621442020 0.002128989 -0.034314755 0.000066623 0.999408841
1696251293.890000 -0.016726557 0.007322164 0.672265887 0.002372554 -0.034315001 0.000215483 0.999408245
1696251294.155000 -0.021217901 0.007682130 0.723325133 0.002132644 -0.041243307 0.003090127 0.999142110
1696251294.408000 -0.030842790 0.008013834 0.771091342 0.001772494 -0.075972944 0.005481582 0.997093260
1696251294.660000 -0.038408801 0.008913526 0.817786455 0.001428752 -0.078453518 -0.000190703 0.996916771
1696251294.911000 -0.045639258 0.009573830 0.862602770 0.000078687 -0.078609169 0.001032980 0.996904969
1696251295.163000 -0.053511679 0.010247816 0.907876313 -0.000392760 -0.078472160 0.001338618 0.996915340
1696251295.414000 -0.060457543 0.010963024 0.953083277 -0.000042124 -0.078663543 0.001257572 0.996900439
1696251295.709000 -0.068981573 0.011815465 1.007167697 0.002038756 -0.078934461 0.001623307 0.996876419
1696251295.959000 -0.077727400 0.012388124 1.059309006 0.006906775 -0.078945599 0.001595370 0.996853769
1696251296.260000 -0.089266419 0.012782577 1.131154060 0.003855651 -0.079059467 0.000239282 0.996862471
1696251296.564000 -0.100944974 0.013528511 1.204179645 0.000380846 -0.079334155 -0.000252472 0.996847987
1696251296.958000 -0.118638627 0.014972160 1.311097622 0.004604615 -0.079466335 0.000099968 0.996826947
1696251297.260000 -0.132429466 0.016035534 1.396001577 0.000740189 -0.079430819 -0.000318768 0.996840060
1696251297.623000 -0.148738831 0.017476404 1.500417829 0.003664783 -0.079807788 0.000486975 0.996803463
1696251297.977000 -0.168330818 0.018488379 1.610118270 0.002661769 -0.079586409 0.001006907 0.996823907
1696251298.326000 -0.185093686 0.019338999 1.719657183 0.001832879 -0.074438885 0.000618711 0.997223735
1696251298.733000 -0.204420209 0.021277625 1.845439434 -0.000033821 -0.074888915 0.001497582 0.997190773
1696251299.077000 -0.222157076 0.023256758 1.953412890 0.000391088 -0.074745238 0.001193494 0.997201920
1696251299.471000 -0.242601112 0.025679842 2.080602407 0.003968980 -0.074955724 0.001743774 0.997177482
1696251299.869000 -0.263369650 0.027103303 2.213311195 0.000329052 -0.074971065 -0.000037246 0.997185647
1696251300.274000 -0.284417093 0.028779395 2.351408005 0.003065038 -0.075328194 -0.000358362 0.997153997
1696251300.673000 -0.306333899 0.030693812 2.487311840 0.001395053 -0.075214513 0.000309008 0.997166395
1696251301.073000 -0.327068239 0.032567985 2.621588945 0.002264024 -0.075386323 0.001236195 0.997151077
1696251301.472000 -0.346949607 0.033989672 2.752067089 0.001703598 -0.075665712 0.001064758 0.997131228
1696251301.868000 -0.367709547 0.036507815 2.881814003 -0.000819651 -0.075664930 0.000388630 0.997132897
1696251302.228000 -0.386187255 0.037894737 2.996744394 0.004318232 -0.075858779 0.000690926 0.997108996
1696251302.618000 -0.405767620 0.039285317 3.122051001 0.002336247 -0.076236218 0.000136544 0.997087061
1696251302.923000 -0.421720415 0.040196165 3.219620466 0.000275433 -0.076272056 -0.000636352 0.997086823
1696251303.228000 -0.436950028 0.042067412 3.316398144 0.002014929 -0.076441869 -0.000795621 0.997071683
1696251303.632000 -0.457903713 0.043299265 3.442924261 0.001676642 -0.076339528 -0.000072953 0.997080505
1696251303.935000 -0.473329961 0.044958979 3.536241531 0.002175217 -0.076360822 0.000679685 0.997077644
1696251304.239000 -0.488406211 0.046105158 3.629195690 0.002329089 -0.076428458 0.000729155 0.997072101
1696251304.542000 -0.503869295 0.047029320 3.722194910 0.002286449 -0.076538026 0.000734857 0.997063756
1696251304.831000 -0.518020034 0.048584130 3.810901165 -0.000730610 -0.076812193 0.000536696 0.997045219
1696251305.131000 -0.533033609 0.049987238 3.902399063 0.000039376 -0.076720633 0.000906920 0.997052193
1696251305.432000 -0.548169971 0.051510338 3.994045019 -0.000012999 -0.076742820 0.000583579 0.997050762
1696251305.779000 -0.565280855 0.052395716 4.098294735 0.004716663 -0.076802760 0.000829870 0.997034788
1696251306.094000 -0.580824673 0.053856507 4.195067883 -0.002301980 -0.076920137 0.000874740 0.997034192
1696251306.445000 -0.597639859 0.054992575 4.302271843 0.004928460 -0.077213988 0.001589128 0.997001112
1696251306.742000 -0.611701429 0.056455441 4.390909195 -0.000075734 -0.077315956 0.000257948 0.997006655
1696251306.992000 -0.623763740 0.057063665 4.465760708 0.006489554 -0.077360839 0.001221616 0.996981263
1696251307.239000 -0.635408878 0.057726420 4.541499615 0.004593814 -0.077622294 0.001814227 0.996970654
1696251307.438000 -0.645816922 0.058410589 4.602724075 -0.001966169 -0.077535957 0.001052603 0.996987104
1696251307.746000 -0.660347044 0.059926018 4.696749687 -0.004461267 -0.077889651 0.000438583 0.996951938
1696251307.936000 -0.670007825 0.061394479 4.754841328 0.000033207 -0.077861808 0.002849124 0.996960104
1696251308.197000 -0.683793187 0.062097285 4.834265232 0.005719086 -0.077808850 0.001765418 0.996950328
1696251308.490000 -0.697250783 0.062451538 4.922045231 0.002683727 -0.078153871 0.000536424 0.996937573
1696251308.736000 -0.709437370 0.063354999 4.995184898 0.001407943 -0.078082561 -0.000400566 0.996945798
1696251308.947000 -0.719267368 0.063915551 5.057306767 0.004354193 -0.078323044 -0.001644940 0.996917188
1696251309.185000 -0.730491877 0.064986885 5.126611233 0.004911038 -0.078340873 -0.003703154 0.996907651
1696251309.437000 -0.739984691 0.065346122 5.185641766 0.003171502 -0.078232281 -0.001845706 0.996928453
1696251309.684000 -0.751864254 0.066510506 5.255819321 0.002111932 -0.078090511 -0.000121544 0.996944010
1696251309.881000 -0.761371434 0.066582307 5.311434269 0.001285008 -0.078130946 0.001545975 0.996941090
1696251310.082000 -0.770191848 0.067623444 5.367887020 -0.000872840 -0.078374207 0.001264586 0.996922851
1696251310.283000 -0.779087961 0.068948738 5.423444271 -0.008170063 -0.078530475 0.000779943 0.996877909
1696251310.532000 -0.790436447 0.069820262 5.493425369 -0.003555444 -0.078606851 0.000672719 0.996899128
1696251310.730000 -0.799647689 0.070712090 5.548595428 0.005100957 -0.078641661 0.001409154 0.996888936
1696251310.983000 -0.811663449 0.071005143 5.618636608 0.004535892 -0.078442767 0.000844123 0.996907949
1696251311.181000 -0.820468962 0.071599923 5.671883106 0.002836128 -0.078549556 0.000610068 0.996905982
1696251311.439000 -0.832109153 0.072636873 5.742780685 0.001161649 -0.078681402 0.000806615 0.996898830
1696251311.682000 -0.843467176 0.073065333 5.812954903 0.003664096 -0.078934319 0.001110697 0.996872485
1696251311.935000 -0.855134606 0.074227490 5.884830475 0.003546582 -0.079174966 0.000910890 0.996854007
1696251312.231000 -0.868668914 0.075184062 5.967450142 -0.000921778 -0.079322450 0.000015090 0.996848583
1696251312.510000 -0.881653428 0.076613396 6.045106888 0.001297315 -0.079443015 0.000223244 0.996838570
1696251312.761000 -0.893323839 0.077609085 6.114207745 0.002001753 -0.079228722 0.000140253 0.996854424
1696251313.056000 -0.907028198 0.078054115 6.195013523 0.002375892 -0.079329215 0.000629216 0.996845484
1696251313.351000 -0.920686960 0.079733588 6.281002045 0.002763954 -0.079543382 0.001080461 0.996827006
1696251313.604000 -0.932994664 0.080354325 6.351929665 0.001607189 -0.079602860 0.001044060 0.996824801
1696251313.912000 -0.947220683 0.081412934 6.439306736 0.001887562 -0.079978935 0.001026068 0.996794283
1696251314.204000 -0.961430430 0.082869448 6.520840645 0.001540137 -0.079756528 0.001133241 0.996812582
1696251314.505000 -0.976526916 0.083775327 6.608136654 0.001663772 -0.079876177 0.001381017 0.996802449
1696251314.803000 -0.992768407 0.085549250 6.698243618 0.000321580 -0.079801232 0.001642162 0.996809423
1696251315.100000 -1.007566690 0.086490504 6.789658070 0.004268764 -0.080136977 0.001536509 0.996773541
1696251315.403000 -1.023036718 0.087486260 6.881411552 -0.001055158 -0.080124356 0.000841103 0.996783972
1696251315.661000 -1.035406590 0.089433551 6.957366467 0.000688902 -0.080328047 0.000436704 0.996768177
1696251315.960000 -1.050293803 0.090195701 7.047577381 0.004057379 -0.080594487 0.001006710 0.996738255
1696251316.257000 -1.066301823 0.091385417 7.143725872 0.002722975 -0.080776334 0.001213433 0.996727824
1696251316.602000 -1.085768700 0.092408031 7.253564358 0.002407363 -0.080554761 0.001249375 0.996746480
1696251316.956000 -1.105204701 0.094366409 7.374281883 0.003239435 -0.081142992 0.001143628 0.996696591
1696251317.304000 -1.125165462 0.095568061 7.491994858 0.000341026 -0.081298225 0.000714541 0.996689498
1696251317.709000 -1.149372816 0.098363280 7.626801968 0.000140220 -0.081155054 0.001105023 0.996700883
1696251318.157000 -1.174444795 0.100316949 7.776443005 -0.000202970 -0.081559114 0.000699840 0.996668279
1696251318.605000 -1.200606704 0.102174178 7.926128864 0.000895367 -0.081707060 0.000551295 0.996655822
1696251319.001000 -1.224754333 0.103864960 8.058187485 0.002369419 -0.081261948 0.001207155 0.996689260
1696251319.489000 -1.252113461 0.105993509 8.218173027 0.002064786 -0.081753574 0.001053295 0.996649921
1696251319.932000 -1.276087284 0.107427865 8.362650871 0.001982392 -0.082157612 0.001038640 0.996616840
1696251320.234000 -1.293590903 0.109565377 8.459232330 0.000699158 -0.081977628 0.001186844 0.996633232
1696251320.633000 -1.314801812 0.111885518 8.586883545 0.000377536 -0.082266361 0.001620174 0.996609032
1696251321.083000 -1.338185668 0.113093339 8.726021767 0.000792039 -0.082554534 0.000782073 0.996585906
1696251321.441000 -1.357863903 0.115383387 8.839364052 0.000841449 -0.082623713 0.000820395 0.996580124
1696251321.839000 -1.379195333 0.116541386 8.961743355 0.002267925 -0.082824863 0.001487583 0.996560454
1696251322.234000 -1.400325298 0.118061505 9.081727028 0.001998784 -0.083046295 0.001674778 0.996542275
1696251322.531000 -1.415048003 0.118794061 9.169479370 0.001951597 -0.083337501 0.001732176 0.996518016
1696251322.831000 -1.430328488 0.119794406 9.258485794 0.001966815 -0.083545648 0.001731797 0.996500552
1696251323.137000 -1.445822120 0.120797761 9.347813606 0.000980698 -0.083643153 0.001874131 0.996493578
1696251323.433000 -1.460478067 0.122043811 9.432257652 -0.000661752 -0.083904922 0.002148649 0.996471226
1696251323.684000 -1.473259926 0.122970454 9.504673958 0.000113209 -0.083976977 0.002682876 0.996464074
1696251323.984000 -1.488910913 0.124191605 9.590205193 0.002680586 -0.084189206 0.003337878 0.996440589
1696251324.241000 -1.501160264 0.125274375 9.662646294 0.000464256 -0.084577665 0.003237369 0.996411562
1696251324.538000 -1.516030312 0.126507178 9.745169640 0.000049236 -0.084502287 0.002001224 0.996421278
1696251324.837000 -1.530853987 0.127662092 9.826491356 0.001853798 -0.084463470 0.002291385 0.996422231
1696251325.140000 -1.545204282 0.128775820 9.908885002 0.002036707 -0.084630437 0.002725319 0.996406615
1696251325.383000 -1.556263328 0.129265264 9.973855019 0.001776071 -0.084901839 0.002492791 0.996384621
1696251325.689000 -1.569864631 0.130135238 10.054587364 0.001783507 -0.085119724 0.002253126 0.996366620
1696251325.933000 -1.581089258 0.131189018 10.118426323 0.001974879 -0.085346125 0.002342118 0.996346653
1696251326.184000 -1.593491435 0.131932318 10.186763763 0.003836790 -0.085441932 0.002428809 0.996332824
1696251326.436000 -1.605965257 0.132944748 10.256106377 0.001799466 -0.085411370 0.002416635 0.996341228
1696251326.686000 -1.618376136 0.133857101 10.324984550 -0.000476908 -0.085478812 0.002458850 0.996336877
1696251326.932000 -1.630331516 0.134855092 10.392436028 -0.000111574 -0.085689791 0.002597745 0.996318519
1696251327.188000 -1.643830895 0.135880709 10.463517189 0.002737855 -0.085528255 0.002895221 0.996327817
1696251327.456000 -1.657199264 0.136677474 10.537722588 0.007664089 -0.085705377 0.003453029 0.996285081
1696251327.732000 -1.669570684 0.137080863 10.606016159 0.002592220 -0.085812666 0.002931904 0.996303618
1696251328.039000 -1.683042765 0.137953639 10.684146881 -0.001937919 -0.086185992 0.003384141 0.996271431
1696251328.341000 -1.697029352 0.139618710 10.761848450 -0.004195407 -0.086418077 0.002142820 0.996247828
1696251328.695000 -1.708043098 0.141237721 10.850715637 0.003719683 -0.052516021 -0.003521741 0.998606980
1696251329.022000 -1.705774188 0.142797112 10.930326462 0.003329869 0.013538088 -0.005103764 0.999889791
1696251329.322000 -1.693958879 0.143242225 11.002306938 0.004639687 0.072903030 -0.004776762 0.997316837
1696251329.625000 -1.674886823 0.144222841 11.070883751 -0.000873484 0.131516859 -0.007375534 0.991286159
1696251329.923000 -1.651212692 0.145217389 11.134611130 -0.003240950 0.188958690 -0.006797117 0.981956184
1696251330.233000 -1.615544677 0.146372601 11.198043823 -0.002987843 0.246447548 -0.009942059 0.969100535
1696251330.549000 -1.572494984 0.147528946 11.257520676 -0.000910858 0.304857939 -0.010611180 0.952338278
1696251330.816000 -1.527973652 0.148411810 11.307079315 -0.000954580 0.357495219 -0.015841998 0.933780134
1696251331.111000 -1.472270012 0.149019957 11.355827332 -0.000710672 0.412957221 -0.015764965 0.910613716
1696251331.439000 -1.408041477 0.148910344 11.402874947 0.000970093 0.472624570 -0.017353997 0.881092489
1696251331.817000 -1.327015877 0.148568273 11.446117401 0.002912100 0.525839090 -0.012734300 0.850483775
1696251332.476000 -1.174217224 0.147155106 11.523059845 0.014766811 0.528644621 -0.010639196 0.848648190
1696251332.824000 -1.087207794 0.145738572 11.562952042 0.007329138 0.550096929 -0.009555934 0.835013986
1696251333.121000 -1.002346039 0.145041361 11.597929001 0.012355770 0.562125981 -0.008466702 0.826915979
1696251333.428000 -0.911482334 0.143796518 11.631467819 0.009795732 0.582076132 -0.011617556 0.812992275
1696251333.777000 -0.804594994 0.142794013 11.658516884 0.006799995 0.630346715 -0.012536745 0.776182711
1696251334.250000 -0.625498772 0.141222849 11.695713043 0.007962211 0.634678006 -0.007296159 0.772701204
1696251334.621000 -0.507157326 0.140743554 11.720845222 0.008678587 0.634868503 -0.007870673 0.772531450
1696251334.956000 -0.389641762 0.140027791 11.745767593 0.008235836 0.634796560 -0.008553067 0.772588074
1696251335.296000 -0.274293900 0.139216870 11.769826889 0.008020398 0.634565055 -0.009301297 0.772771955
1696251335.744000 -0.122589111 0.137573630 11.801669121 0.007440635 0.634362340 -0.010033051 0.772934914
1696251336.077000 -0.010843277 0.136934429 11.825614929 0.005181368 0.634504735 -0.009013061 0.772849083
1696251336.417000 0.100275993 0.136336848 11.848465919 0.006614779 0.634266436 -0.010659760 0.773012757
1696251336.780000 0.211596489 0.135687292 11.871701241 0.006964172 0.633904636 -0.011020944 0.773301363
1696251337.219000 0.357122421 0.134430677 11.902307510 0.006741795 0.633886158 -0.010020761 0.773332059
1696251337.541000 0.465090752 0.133490503 11.924401283 0.007341870 0.633605897 -0.009717458 0.773560107
1696251337.973000 0.607707024 0.132343858 11.955718040 0.007124602 0.633814931 -0.009657750 0.773391724
1696251338.402000 0.747875214 0.131737649 11.985330582 0.007159089 0.633737385 -0.011043603 0.773436308
1696251338.955000 0.921410561 0.129987940 12.022781372 0.011329642 0.632452846 -0.015838875 0.774354041
1696251339.464000 1.058223724 0.128419369 12.051443100 0.004077276 0.633914292 -0.008784528 0.773342669
1696251339.949000 1.214365005 0.127034187 12.084026337 0.007737760 0.633651972 -0.011397853 0.773495555
1696251340.477000 1.379659653 0.126489192 12.119048119 0.003104438 0.633404911 -0.011223170 0.773733020
1696251340.906000 1.510628700 0.126087531 12.147040367 0.004227827 0.633365154 -0.016020365 0.773675740
1696251341.339000 1.639658451 0.124198660 12.174817085 0.001922415 0.634577751 -0.019404322 0.772612929
1696251341.773000 1.765266895 0.124712639 12.199925423 -0.005037672 0.635709107 -0.010855730 0.771835923
1696251342.087000 1.860561848 0.123852566 12.219783783 0.005185411 0.635997236 -0.018974299 0.771440625
1696251342.604000 2.016149044 0.121274263 12.251653671 0.006742234 0.637250781 -0.015213806 0.770476818
1696251342.917000 2.108909607 0.120626338 12.269936562 0.001595461 0.636760771 -0.012791038 0.770953655
1696251343.231000 2.202028275 0.120084696 12.288473129 0.000580233 0.636657000 -0.018268198 0.770930469
1696251343.544000 2.292944908 0.119081542 12.306941032 -0.000428873 0.636832237 -0.018851196 0.770771861
1696251343.930000 2.400372028 0.118886389 12.328906059 -0.003154752 0.637101173 -0.016612470 0.770594776
1696251344.338000 2.525402546 0.117734462 12.353648186 0.003923094 0.638517737 -0.024013989 0.769222438
1696251344.855000 2.677184582 0.116638750 12.384075165 -0.004293384 0.640112162 -0.017753521 0.768064260
1696251345.263000 2.797549248 0.115894541 12.407478333 0.002210423 0.640588164 -0.016991111 0.767693460
1696251345.672000 2.917922020 0.114576206 12.430334091 0.000790077 0.640523374 -0.019548845 0.767689407
1696251345.974000 3.008422375 0.114156738 12.447462082 -0.000311165 0.640767276 -0.018375235 0.767515182
1696251346.399000 3.127332211 0.112805724 12.470445633 0.000375131 0.641648769 -0.020987710 0.766711414
1696251346.745000 3.229269028 0.111496925 12.490100861 0.001692010 0.642186522 -0.018589115 0.766321123
1696251347.050000 3.316821575 0.110450424 12.507205963 -0.001399697 0.642431796 -0.017934915 0.766131759
1696251347.569000 3.461985588 0.110045075 12.535690308 -0.000150313 0.643059909 -0.020525273 0.765540779
1696251347.966000 3.577852249 0.108985297 12.558465958 -0.001285866 0.643946469 -0.018373936 0.764848828
1696251348.368000 3.692146778 0.108792990 12.579351425 -0.003050278 0.644566119 -0.019271551 0.764299631
1696251348.770000 3.805830002 0.107756630 12.600001335 0.000177333 0.645178020 -0.018813154 0.763800621
1696251349.175000 3.918330669 0.106592983 12.620670319 -0.000008750 0.645605683 -0.018235074 0.763453186
1696251349.581000 4.028658867 0.105561510 12.639328957 0.000304317 0.645774245 -0.018219661 0.763311028
1696251350.028000 4.139593124 0.105321661 12.658504486 0.000687094 0.646090329 -0.018563401 0.763034880
1696251350.425000 4.247088432 0.104763627 12.677190781 0.000493179 0.649005830 -0.018835252 0.760550082
1696251350.924000 4.381425381 0.103080720 12.698976517 0.001496638 0.649336338 -0.019693485 0.760244966
1696251351.223000 4.463393211 0.102152973 12.712698936 0.000154893 0.650121629 -0.018934768 0.759594202
1696251351.621000 4.571298599 0.101012170 12.730747223 0.001272162 0.650489628 -0.020092541 0.759248316
1696251351.921000 4.651619911 0.100218281 12.744407654 -0.000120971 0.650787354 -0.019099357 0.759019852
1696251352.328000 4.757938385 0.099031508 12.762616158 0.000291235 0.651389182 -0.018070212 0.758528531
1696251352.626000 4.835873604 0.098950163 12.774215698 0.001337068 0.651067615 -0.018078165 0.758803308
1696251352.922000 4.914670944 0.099474609 12.788279533 0.002247798 0.651485920 -0.017775556 0.758449078
1696251353.320000 5.016664028 0.099891409 12.804317474 0.003543983 0.651366234 -0.017512303 0.758553088
1696251353.613000 5.092152119 0.099504337 12.816177368 0.003715637 0.652643204 -0.017837144 0.757446289
1696251353.936000 5.165195942 0.098584861 12.821705818 -0.000528792 0.688066602 -0.023097362 0.725279748
1696251354.453000 5.265938759 0.096435420 12.815942764 -0.001340129 0.750679493 -0.024676524 0.660204232
1696251354.899000 5.340431213 0.096518166 12.798781395 -0.000258809 0.793231964 -0.025065370 0.608403385
1696251355.373000 5.409188271 0.094680026 12.775881767 0.005391216 0.826255083 -0.020206211 0.562907815
1696251355.950000 5.503827095 0.092214465 12.737566948 0.011678237 0.828802109 -0.019359760 0.559084833
1696251356.379000 5.578974724 0.091290921 12.706211090 0.009950305 0.829082608 -0.014088703 0.558859944
1696251356.851000 5.654158592 0.091102831 12.670652390 0.004176958 0.852955580 -0.010329273 0.521864712
1696251357.389000 5.722534180 0.090176702 12.627596855 0.004529687 0.886538327 -0.005634371 0.462598681
1696251357.920000 5.784568787 0.091025390 12.574827194 0.003162913 0.915929377 -0.012244477 0.401140302
1696251358.454000 5.837753296 0.089683540 12.514781952 0.004171247 0.941071868 -0.016706308 0.337768108
1696251358.807000 5.868427277 0.088934869 12.472369194 -0.004878619 0.954291523 -0.020162692 0.298156619
1696251359.130000 5.895413399 0.087330997 12.427454948 -0.017794279 0.964947581 -0.032466177 0.259818345
1696251359.444000 5.920954704 0.087459117 12.383724213 -0.007610396 0.971901715 -0.015902562 0.234725893
1696251359.742000 5.944992065 0.087222576 12.339738846 -0.015827239 0.974570751 -0.000602516 0.223519608
1696251360.046000 5.970013618 0.086604550 12.289983749 -0.002578999 0.976019919 -0.010034417 0.217434525
1696251360.489000 6.008446693 0.085479580 12.208492279 0.015958969 0.976147592 -0.019019922 0.215683848
1696251360.805000 6.035364151 0.084103748 12.150465965 0.011213038 0.976215899 -0.014409112 0.216030434
1696251361.254000 6.076412201 0.081316248 12.061949730 0.015810709 0.976822197 -0.017553572 0.212744698
1696251361.674000 6.108144760 0.079677060 11.973594666 0.011559995 0.987200320 -0.010312183 0.158731028
1696251362.075000 6.136693001 0.078550436 11.883709908 0.017830839 0.988592565 -0.013856746 0.148912042
1696251362.597000 6.175405502 0.076509386 11.764429092 0.018142959 0.988712311 -0.010359114 0.148362696
1696251363.010000 6.201167107 0.076294780 11.676774979 0.015620409 0.989498079 -0.006440689 0.143555149
1696251363.656000 6.235280037 0.074207872 11.530057907 0.013153279 0.993531644 -0.014678631 0.111832067
1696251364.026000 6.256542206 0.073641829 11.442459106 0.013215072 0.993625879 -0.010281900 0.111477859
1696251364.616000 6.278464317 0.072221853 11.298029900 0.009478197 0.998438597 -0.011071505 0.053925492
1696251365.193000 6.292828560 0.072408050 11.155409813 0.013391493 0.998537302 -0.010688793 0.051281136
1696251365.742000 6.309062004 0.071446404 11.011837006 0.014892124 0.998472631 -0.013360958 0.051499397
1696251366.070000 6.319869041 0.070040241 10.922463417 0.015572542 0.998508573 -0.009655614 0.051428806
1696251366.401000 6.329554558 0.069704905 10.833774567 0.015796913 0.998490691 -0.010209464 0.051600561
1696251366.731000 6.339486122 0.068617135 10.745133400 0.016128767 0.998466611 -0.010775218 0.051848352
1696251367.059000 6.349485397 0.067459352 10.656444550 0.016432676 0.998445392 -0.012302459 0.051821116
1696251367.395000 6.359190941 0.066715688 10.569929123 0.017457567 0.998433530 -0.010945553 0.052018881
1696251367.877000 6.371632576 0.065465063 10.455228806 0.018963387 0.998414934 -0.010535480 0.051933099
1696251368.209000 6.381054878 0.064666271 10.361310959 0.019285865 0.998351693 -0.012357998 0.052623786
1696251368.536000 6.392024994 0.064546444 10.261264801 0.018785883 0.998350680 -0.010598185 0.053204332
1696251368.860000 6.403063774 0.063607931 10.160340309 0.018672450 0.998336971 -0.009460591 0.053713523
1696251369.180000 6.414218903 0.063244820 10.060788155 0.018201208 0.998307109 -0.010453506 0.054243974
1696251369.592000 6.426645279 0.062008768 9.962368965 0.018119209 0.998309910 -0.009930300 0.054318409
1696251370.029000 6.441316605 0.060410470 9.833175659 0.017944325 0.998270929 -0.009846823 0.055101682
1696251370.357000 6.452514648 0.059884354 9.736330032 0.017945046 0.998236537 -0.010531345 0.055596538
1696251370.679000 6.464572906 0.058785468 9.641692162 0.018592326 0.998223007 -0.010370041 0.055656813
1696251371.102000 6.478887558 0.057910949 9.516828537 0.019908819 0.998164952 -0.009663598 0.056364875
1696251371.421000 6.489764214 0.057592861 9.424184799 0.019345470 0.998149574 -0.009813478 0.056805715
1696251371.853000 6.503521919 0.056669474 9.301855087 0.019018816 0.998071074 -0.009905127 0.058260888
1696251372.283000 6.518120766 0.055881672 9.181192398 0.018006664 0.998017848 -0.010256539 0.059422195
1696251372.607000 6.529230118 0.054779284 9.092061996 0.017763238 0.998007178 -0.010175267 0.059688039
1696251372.927000 6.541609764 0.054621644 9.004436493 0.018225420 0.997686744 -0.010358172 0.064665906
1696251373.287000 6.562613487 0.052520365 8.918682098 0.025212020 0.991835713 -0.009579761 0.124637477
1696251373.947000 6.606137276 0.050507933 8.763147354 0.019086881 0.989299059 -0.012455160 0.144110918
1696251374.303000 6.632158279 0.050087690 8.676151276 0.019139081 0.989179730 -0.014327423 0.144747749
1696251374.664000 6.661638260 0.048268154 8.582416534 0.019960439 0.989175498 -0.012119867 0.144867495
1696251375.023000 6.690015793 0.047166929 8.488281250 0.019898165 0.989058375 -0.010243515 0.145817220
1696251375.386000 6.718537331 0.045952514 8.395546913 0.018293360 0.988935113 -0.010312825 0.146854818
1696251375.898000 6.756170273 0.044698894 8.274230957 0.014528796 0.988961995 -0.010977993 0.147046432
1696251376.371000 6.792992592 0.043618456 8.154304504 0.011192334 0.988984227 -0.011601673 0.147140682
1696251376.725000 6.819368362 0.043033630 8.066395760 0.007900084 0.989868641 -0.012130179 0.141246557
1696251377.193000 6.852761269 0.040964458 7.949013710 0.009178477 0.990530491 -0.010674036 0.136569664
1696251377.655000 6.880361557 0.040050462 7.833803654 0.007310088 0.994813204 -0.013881356 0.100501820
1696251377.991000 6.897638321 0.038857531 7.747371674 0.009070609 0.995083809 -0.012039213 0.097882763
1696251378.314000 6.914873123 0.037997048 7.665317535 0.007439360 0.995113313 -0.010065973 0.097943284
1696251378.643000 6.931873322 0.037835531 7.581783295 0.006381366 0.995110333 -0.011367351 0.097905859
1696251378.968000 6.948459625 0.036849461 7.498874664 0.006346757 0.995118678 -0.011137116 0.097849675
1696251379.292000 6.964989662 0.036610834 7.417499065 0.007234893 0.995118082 -0.011195591 0.097787119
1696251379.836000 6.991983414 0.035485443 7.283394814 0.008128266 0.995098650 -0.011348409 0.097897246
1696251380.406000 7.019055367 0.033944055 7.151197910 0.008288288 0.995116055 -0.011511610 0.097687677
1696251380.836000 7.040416718 0.032511763 7.046988010 0.008738738 0.995127797 -0.011952763 0.097475775
1696251381.262000 7.063936234 0.032099169 6.936470509 0.005829713 0.995204985 -0.011202105 0.096992776
1696251381.578000 7.080910683 0.031100091 6.853636742 0.006741990 0.995192528 -0.011077782 0.097075835
1696251381.900000 7.096720695 0.029148448 6.770471573 0.006627661 0.995160401 -0.014272186 0.096995980
1696251382.219000 7.113681793 0.029268164 6.688179970 0.005067657 0.995201588 -0.011943220 0.096981890
1696251382.538000 7.130049706 0.028171711 6.605817795 0.004696071 0.995112181 -0.016478695 0.097253144
1696251382.963000 7.151020050 0.027444029 6.494232178 0.004854107 0.995217502 -0.005869306 0.097386286
1696251383.385000 7.175861359 0.026671287 6.380756378 0.005813159 0.995270252 -0.016160497 0.095614649
1696251383.816000 7.198143959 0.025559083 6.268862724 0.005906295 0.995418012 -0.014615738 0.094310917
1696251384.144000 7.216218948 0.024033163 6.174961567 0.008571211 0.995335340 -0.015575240 0.094823487
1696251384.462000 7.234145164 0.022912597 6.085523129 0.004342281 0.995393932 -0.010624351 0.095179729
1696251384.872000 7.256439209 0.022702888 5.965924263 -0.001023891 0.996565580 -0.010942849 0.082074657
1696251385.174000 7.268768311 0.022107460 5.880972862 0.001039052 0.997372925 -0.005884599 0.072191186
1696251385.473000 7.281408310 0.021576889 5.795462132 0.003726914 0.997379839 -0.012377421 0.071178943
1696251385.769000 7.294441223 0.020592369 5.711215973 0.003840026 0.997410059 -0.014098329 0.070424795
1696251386.165000 7.310865402 0.019089170 5.596936226 0.004250685 0.997427702 -0.014380859 0.070094027
1696251386.559000 7.328059196 0.017798286 5.480960846 0.004146385 0.997471213 -0.013451071 0.069664568
1696251386.953000 7.344561577 0.016604623 5.366093636 0.004525073 0.997486711 -0.012833734 0.069534712
1696251387.347000 7.361298561 0.014951551 5.253301620 0.005219624 0.997225106 -0.014466144 0.072839469
1696251387.742000 7.378600121 0.012890020 5.140938759 0.006661764 0.997252107 -0.012559163 0.072705664
1696251388.151000 7.397659302 0.011964630 5.026931286 0.008873431 0.997287273 -0.014167411 0.071685247
1696251388.458000 7.410643578 0.011039246 4.942466736 0.007864825 0.997348785 -0.009656192 0.071696453
1696251388.938000 7.431084633 0.010637835 4.803554535 0.008366265 0.997324586 -0.012850578 0.071474470
1696251389.313000 7.447566986 0.009656217 4.692805290 0.008068722 0.997335494 -0.012102839 0.071486332
1696251389.598000 7.459845543 0.009951543 4.610607624 0.008280575 0.997342527 -0.012516453 0.071292788
1696251389.882000 7.472142220 0.008588813 4.528885841 0.008682618 0.997342825 -0.012464644 0.071250044
1696251390.262000 7.489249229 0.007705964 4.420367241 0.009127394 0.997381747 -0.012617128 0.070620030
1696251390.644000 7.506010056 0.006050676 4.315162182 0.009072552 0.997419536 -0.012937965 0.070033260
1696251391.025000 7.521956444 0.005150363 4.205737114 0.009989882 0.997390091 -0.015368037 0.069836229
1696251391.403000 7.539115906 0.003615201 4.093455315 0.009419003 0.997469008 -0.011463233 0.069537796
1696251391.799000 7.555357933 0.002662741 3.981847286 0.008988880 0.997467399 -0.012100036 0.069509871
1696251392.171000 7.572567940 0.001346804 3.867448807 0.009561574 0.997444093 -0.014801170 0.069244601
1696251392.538000 7.590165138 -0.000014901 3.753498077 0.009485213 0.997528017 -0.011885178 0.068605140
1696251392.815000 7.602934837 -0.000859708 3.668045521 0.009359007 0.997550488 -0.012870069 0.068116717
1696251393.276000 7.624773979 -0.002466060 3.527917624 0.011124975 0.996914685 -0.012643941 0.076664805
1696251393.558000 7.639023781 -0.003934175 3.443463087 0.010635462 0.996807754 -0.014325563 0.077820562
1696251393.839000 7.653745651 -0.005318798 3.355923653 0.010191756 0.996829033 -0.013372783 0.077776827
1696251394.123000 7.667881966 -0.005541854 3.269970894 0.010174649 0.996870041 -0.011282566 0.077584304
1696251394.403000 7.680685043 -0.006302021 3.184114456 0.008801785 0.997570813 -0.013033547 0.067861289
1696251394.676000 7.692604065 -0.006956890 3.100617170 0.008873843 0.997653723 -0.012348215 0.066752240
1696251394.949000 7.704528809 -0.007876858 3.018254519 0.009480397 0.997680008 -0.012690677 0.066209868
1696251395.318000 7.720487595 -0.009674281 2.908303022 0.009899028 0.997678697 -0.014644569 0.065763213
1696251395.591000 7.732192993 -0.010753259 2.822926044 0.009709914 0.997700453 -0.012802186 0.065845750
1696251395.863000 7.743836403 -0.011423871 2.738358498 0.009869154 0.997711420 -0.012382385 0.065736264
1696251396.134000 7.755694389 -0.013323471 2.655245543 0.010511413 0.997711897 -0.012631955 0.065581545
1696251396.406000 7.767134666 -0.014081337 2.572677374 0.010834655 0.997709632 -0.012724531 0.065545507
1696251396.673000 7.779098511 -0.014737040 2.492353439 0.010829117 0.997729480 -0.013332341 0.065121941
1696251397.031000 7.794300079 -0.015726879 2.383138180 0.011702447 0.997774541 -0.008425528 0.065100498
1696251397.296000 7.805645943 -0.016442806 2.301256895 0.011002192 0.997773349 -0.008393628 0.065244786
1696251397.564000 7.816474915 -0.016762175 2.220549583 0.009927866 0.997706354 -0.014595759 0.065348767
1696251397.855000 7.828256607 -0.018256545 2.137694597 0.009022574 0.997769058 -0.011381601 0.065160803
1696251398.118000 7.839054108 -0.018751331 2.059492111 0.009492232 0.997763455 -0.012758656 0.064924389
1696251398.380000 7.849824905 -0.019683890 1.981849074 0.010169841 0.997651994 -0.012976646 0.066473581
1696251398.642000 7.863265038 -0.020663172 1.904842615 0.011429468 0.996481359 -0.012327684 0.082111448
1696251398.910000 7.876194954 -0.021260262 1.828167439 0.010464444 0.996406555 -0.013007748 0.083038136
1696251399.266000 7.893304825 -0.022882834 1.727700949 0.010619142 0.996404827 -0.012580544 0.083105236
1696251399.607000 7.906697273 -0.023666397 1.652248621 0.010796476 0.996393442 -0.013464613 0.083080113
1696251399.877000 7.919120789 -0.024352789 1.577682018 0.011629594 0.996354938 -0.014742503 0.083212495
1696251400.236000 7.938344002 -0.025850892 1.474874496 0.012718363 0.996372223 -0.015765216 0.082656741
1696251400.592000 7.955886841 -0.027727991 1.372899890 0.010855142 0.996433616 -0.011989961 0.082816079
1696251400.955000 7.972767830 -0.029327422 1.272055626 0.010149426 0.996412575 -0.012559867 0.083073698
1696251401.307000 7.990562439 -0.031025589 1.171757460 0.010089332 0.996444285 -0.013099949 0.082615986
1696251401.661000 8.008008957 -0.031653464 1.074946880 0.009849525 0.996473968 -0.012950345 0.082310066
1696251402.105000 8.028391838 -0.032270223 0.954437554 0.010532806 0.996462941 -0.013136264 0.082329892
1696251402.728000 8.054131508 -0.033440277 0.787979484 0.008331175 0.997212708 -0.013978157 0.072814949
1696251403.065000 8.056291580 -0.034342267 0.699806035 -0.003401975 -0.999908745 0.012988247 0.001505100
1696251403.434000 8.044851303 -0.034886137 0.607406378 -0.001739449 -0.996015191 0.013863859 0.088083006
1696251403.630000 8.031888962 -0.035778604 0.561578751 -0.006869344 -0.991067410 0.010429457 0.132775962
1696251403.819000 8.015649796 -0.035003457 0.518316746 -0.006271125 -0.984667540 0.006431370 0.174210057
1696251403.934000 8.003812790 -0.034996681 0.491203785 -0.008136563 -0.979615450 0.004989830 0.200655192
1696251404.159000 7.980908394 -0.033728257 0.439086914 -0.017375924 -0.977351427 0.004810079 0.210853308
1696251404.326000 7.963531494 -0.032790273 0.402256012 -0.021307217 -0.977438271 0.003070536 0.210121393
1696251404.491000 7.946093559 -0.032563999 0.364063740 -0.016059395 -0.975890279 0.003512602 0.217641771
1696251404.652000 7.925600529 -0.031876009 0.329455376 -0.005627902 -0.968518317 0.005180445 0.248824880
1696251404.802000 7.905988216 -0.031805702 0.299357891 -0.003633052 -0.960035801 0.006974984 0.279766649
1696251404.964000 7.881950378 -0.032021251 0.267004967 -0.002962021 -0.949501634 0.006091326 0.313689113
1696251405.109000 7.859261513 -0.031554539 0.240931511 -0.002258145 -0.939620674 0.004828603 0.342176259
1696251405.274000 7.830060959 -0.031179780 0.212259293 -0.002114642 -0.927218795 0.004787958 0.374483556
1696251405.412000 7.805703163 -0.030717812 0.191102982 -0.002384653 -0.916174769 0.004752559 0.400743842
1696251405.559000 7.778175831 -0.030505497 0.170089722 -0.001400562 -0.903492391 0.002806198 0.428592652
1696251405.714000 7.747993469 -0.030304790 0.149626732 -0.003734743 -0.889527500 0.002378988 0.456860304
1696251405.866000 7.717385292 -0.029416390 0.131365776 -0.004323618 -0.875231326 0.001885266 0.483681589
1696251406.012000 7.688191414 -0.028653702 0.113556862 -0.009705306 -0.871019125 0.006107776 0.491115361
1696251406.220000 7.647192001 -0.027772516 0.087598801 -0.013740285 -0.870884895 0.009699019 0.491199166
1696251406.418000 7.607586861 -0.027454006 0.063877106 -0.013006669 -0.870988250 0.009954306 0.491030753
1696251406.615000 7.567735672 -0.027647398 0.041707993 -0.010284600 -0.862332344 0.007081094 0.506188750
1696251406.805000 7.529231071 -0.027261097 0.025130272 -0.005341640 -0.843730986 0.005684779 0.536709547
1696251407.015000 7.485171318 -0.026523393 0.009863853 -0.006317237 -0.821873009 0.007154906 0.569590926
1696251407.212000 7.443524837 -0.025152057 -0.002428055 -0.009589707 -0.806218445 0.007788827 0.591488957
1696251407.453000 7.393155098 -0.024480915 -0.019177437 -0.014829556 -0.806102395 0.007327916 0.591544867
1696251407.757000 7.329888344 -0.023357581 -0.038696289 -0.010300052 -0.802197158 0.004579144 0.596952796
1696251407.965000 7.286595821 -0.022406885 -0.046606064 -0.005917699 -0.780502856 0.001022109 0.625123441
1696251408.155000 7.246391296 -0.021354303 -0.052526474 -0.007823485 -0.762795210 0.002290976 0.646588743
1696251408.356000 7.204656601 -0.020443242 -0.059638977 -0.011777424 -0.762573719 0.005668379 0.646769285
1696251408.558000 7.163156986 -0.019398525 -0.067373276 -0.011269235 -0.762478411 0.005249789 0.646894217
1696251408.805000 7.111299992 -0.018244602 -0.076196671 -0.010060996 -0.762537301 0.005267490 0.646844625
1696251409.007000 7.064989090 -0.017199606 -0.084288597 -0.008871417 -0.762564301 0.006670428 0.646817267
1696251409.263000 7.000478745 -0.015659742 -0.095534325 -0.009128046 -0.762558937 0.006655067 0.646820128
1696251409.461000 6.948838711 -0.014594095 -0.104749203 -0.010576983 -0.762517095 0.004818340 0.646863759
1696251409.664000 6.896504879 -0.013556862 -0.113446712 -0.011031740 -0.762638032 0.004242239 0.646717548
1696251409.907000 6.834839344 -0.012019653 -0.124599457 -0.010207178 -0.762495518 0.004949118 0.646894038
1696251410.205000 6.758800507 -0.010316793 -0.137876511 -0.010669771 -0.764066398 0.005951495 0.645021915
1696251410.459000 6.696051598 -0.009069499 -0.154024601 -0.014340372 -0.784895301 0.008548331 0.619403481
1696251410.703000 6.637281418 -0.007650669 -0.168916702 -0.011614492 -0.785018146 0.002213792 0.619359851
1696251410.959000 6.575924397 -0.006777778 -0.185184956 -0.014745740 -0.789824307 0.002060358 0.613152444
1696251411.262000 6.506143093 -0.004829831 -0.212271690 -0.012739137 -0.819220006 0.008053592 0.573281288
1696251411.557000 6.439404488 -0.003606591 -0.236474037 -0.007467697 -0.819586933 0.002697756 0.572899818
1696251411.851000 6.374029160 -0.002497104 -0.260471821 -0.008236761 -0.819036365 0.002856910 0.573675394
1696251412.212000 6.293763161 -0.000308344 -0.279887199 -0.001841239 -0.783495307 -0.001939067 0.621391952
1696251412.552000 6.216442585 0.001574776 -0.296617985 -0.008829569 -0.778502047 0.003554918 0.627569914
1696251412.907000 6.138654709 0.003514283 -0.313752174 -0.007626142 -0.778501391 0.002808098 0.627590239
1696251413.311000 6.042797089 0.005109835 -0.335619450 -0.006751162 -0.778375328 0.003793953 0.627751470
1696251413.703000 5.948334217 0.006616365 -0.356404305 -0.007821683 -0.778603137 0.002585347 0.627462685
1696251414.011000 5.874253273 0.008471084 -0.372703075 -0.006612435 -0.778738141 0.002088082 0.627310812
1696251414.362000 5.791364193 0.010332821 -0.390255451 -0.005114129 -0.772324562 -0.001028601 0.635206699
1696251414.703000 5.711410999 0.011363082 -0.405950069 -0.000801379 -0.772312701 0.005555724 0.635217786
1696251415.053000 5.626288891 0.012135835 -0.423858166 -0.005234966 -0.772295356 0.000178741 0.635242045
1696251415.405000 5.528814793 0.014595017 -0.444368839 -0.002786559 -0.772119343 0.001593887 0.635469496
1696251415.753000 5.432343960 0.017013006 -0.463526726 -0.007476106 -0.772222281 0.001320447 0.635307193
1696251416.062000 5.348274231 0.019586848 -0.478387833 -0.004811141 -0.765276372 -0.000377109 0.643683732
1696251416.408000 5.253884315 0.021496192 -0.495674133 -0.004702597 -0.764974535 -0.001187730 0.644042253
1696251416.806000 5.142943859 0.024788894 -0.516325474 -0.004042323 -0.764741838 0.001579333 0.644322217
1696251417.303000 5.000888824 0.027536603 -0.541004658 -0.004946291 -0.764938712 0.001191010 0.644082963
1696251417.606000 4.916059494 0.029980676 -0.556476116 -0.004417916 -0.764941752 -0.000199493 0.644084275
1696251417.961000 4.817565918 0.032274887 -0.573343277 -0.007999205 -0.765182078 -0.003909958 0.643752396
1696251418.104000 4.778496742 0.032976869 -0.580996037 -0.003812667 -0.765123427 -0.002474187 0.643867612
1696251418.309000 4.719327927 0.034550060 -0.591485023 -0.000306700 -0.765173376 0.002636974 0.643818855
1696251418.504000 4.662919521 0.035228617 -0.601756573 0.000833438 -0.765170038 0.003026665 0.643820524
1696251418.708000 4.604860306 0.036579546 -0.612275600 0.003291441 -0.765252352 0.004137740 0.643708825
1696251418.991000 4.526925564 0.038204718 -0.625880241 -0.001674739 -0.765180767 -0.007957174 0.643764257
1696251419.247000 4.456099987 0.039961241 -0.639021397 -0.005105547 -0.764977098 -0.006570636 0.644003749
1696251419.494000 4.388145924 0.041075811 -0.651113987 -0.001030289 -0.764958560 0.000328210 0.644078553
1696251419.698000 4.332549572 0.042455405 -0.661034584 -0.001425271 -0.764933944 0.001357447 0.644105852
1696251419.889000 4.281069756 0.043734059 -0.670377731 -0.003743563 -0.764880955 0.000461647 0.644160628
1696251420.095000 4.226140022 0.044351932 -0.680622101 -0.005970058 -0.764932454 0.001008363 0.644082069
1696251420.291000 4.174013615 0.045992002 -0.690081120 -0.005676559 -0.764977574 -0.000611455 0.644031584
1696251420.495000 4.119557381 0.046981253 -0.699536324 -0.006481223 -0.764825702 -0.002694367 0.644199014
1696251420.741000 4.053614140 0.048733346 -0.711712360 -0.003747895 -0.764817595 -0.000135662 0.644235969
1696251420.943000 3.996548891 0.050018355 -0.722168446 -0.002310952 -0.764685333 0.001070903 0.644398928
1696251421.140000 3.941916704 0.050885875 -0.731700897 -0.001807471 -0.764660299 0.001029363 0.644430220
1696251421.346000 3.885246277 0.051431600 -0.740339279 0.000076317 -0.760581315 -0.001377952 0.649241269
1696251421.538000 3.832936764 0.052666113 -0.749141216 -0.001093278 -0.760412514 -0.002642154 0.649434209
1696251421.743000 3.775432825 0.054083306 -0.758916855 0.000106347 -0.760469556 -0.000907256 0.649372935
1696251421.997000 3.700544357 0.055893779 -0.771602154 -0.002174415 -0.760431230 0.001145132 0.649413824
1696251422.241000 3.630812645 0.057106428 -0.783126354 -0.004047857 -0.760306060 -0.001348447 0.649551094
1696251422.507000 3.554218531 0.059268575 -0.795580864 -0.006378559 -0.760415316 -0.002650703 0.649400353
1696251422.838000 3.459215164 0.061590910 -0.811139345 0.000243299 -0.760398030 -0.001720245 0.649455011
1696251423.092000 3.387500525 0.062444769 -0.822560787 -0.000839412 -0.760518312 -0.000256217 0.649315894
1696251423.343000 3.317806482 0.063788824 -0.834434271 0.000043232 -0.760242343 -0.002304434 0.649635494
1696251423.595000 3.248766422 0.065464154 -0.845888615 -0.002417316 -0.760245085 -0.001076478 0.649631023
1696251423.843000 3.181303263 0.067070939 -0.857596636 -0.006271924 -0.760070264 -0.002175892 0.649806917
1696251424.093000 3.113663197 0.067970157 -0.868943691 -0.002687805 -0.759858370 0.000167839 0.650083065
1696251424.378000 3.037062168 0.069812238 -0.881190062 -0.003899589 -0.760002434 0.000228356 0.649908543
1696251424.626000 2.971663475 0.070866875 -0.891951323 -0.004087099 -0.759920776 -0.001547318 0.650001049
1696251424.926000 2.892976761 0.072819911 -0.905082941 -0.003151267 -0.759848058 -0.000620308 0.650092781
1696251425.177000 2.827603817 0.074903451 -0.915730953 -0.002783140 -0.759811103 -0.000621178 0.650137663
1696251425.477000 2.750205994 0.075711966 -0.928215504 -0.003423105 -0.759887278 -0.000672965 0.650045514
1696251425.782000 2.672556400 0.077447936 -0.941353083 -0.003500240 -0.759704709 -0.000661257 0.650258482
1696251426.082000 2.596813440 0.079167925 -0.953748941 -0.003838438 -0.759677529 -0.000419409 0.650288522
1696251426.384000 2.521219730 0.080317028 -0.965762138 -0.003923954 -0.759760261 -0.000364597 0.650191367
1696251426.737000 2.434752941 0.082224943 -0.979944229 -0.003557738 -0.759702861 0.000271845 0.650260627
1696251427.045000 2.360234261 0.083525479 -0.991837978 -0.004439799 -0.759715438 0.000049255 0.650240541
