0.000000 0.0000000 0.0000000 0.0000000 -0.0000000 -0.0000000 -0.0000000 1.0000000
0.415622 -0.0038137 -0.0003941 0.0371057 0.0009169 -0.0150511 -0.0009152 0.9998859
0.623377 -0.0071697 0.0001109 0.0601695 0.0024230 -0.0275783 -0.0009598 0.9996163
0.934622 -0.0155400 -0.0006730 0.1027101 0.0023231 -0.0549731 0.0004218 0.9984850
1.142127 -0.0243809 -0.0015023 0.1343618 0.0033652 -0.0783898 -0.0013740 0.9969162
1.453253 -0.0444314 -0.0033074 0.1860938 0.0051598 -0.1197260 -0.0056148 0.9927777
1.660772 -0.0616483 -0.0039150 0.2232577 0.0048870 -0.1519887 -0.0076213 0.9883408
1.868002 -0.0817294 -0.0044428 0.2596644 0.0048239 -0.1870429 -0.0099000 0.9822900
2.075498 -0.1070053 -0.0049555 0.2966676 0.0048912 -0.2231600 -0.0122748 0.9746923
2.282875 -0.1340882 -0.0051113 0.3338815 0.0048668 -0.2639986 -0.0076795 0.9644802
2.490144 -0.1696379 -0.0062468 0.3698165 0.0026337 -0.3107419 -0.0111082 0.9504257
2.697329 -0.2108004 -0.0065926 0.4040487 0.0025029 -0.3616139 -0.0125498 0.9322401
2.904641 -0.2582971 -0.0067277 0.4378163 0.0000927 -0.4147051 -0.0077207 0.9099231
3.112001 -0.3145956 -0.0067826 0.4684660 -0.0029445 -0.4672834 -0.0063604 0.8840798
3.319374 -0.3792403 -0.0064033 0.4936627 -0.0051562 -0.5197421 -0.0062867 0.8542845
3.526893 -0.4533275 -0.0055407 0.5141997 -0.0072710 -0.5702267 -0.0072092 0.8214236
3.734395 -0.5368477 -0.0053992 0.5286895 -0.0115524 -0.6160157 -0.0070673 0.7876175
3.942122 -0.6296663 -0.0046187 0.5357571 -0.0116855 -0.6547976 -0.0076469 0.7556754
4.150266 -0.7316338 -0.0023370 0.5365736 -0.0098784 -0.6848305 -0.0083314 0.7285877
4.358512 -0.8415549 -0.0006117 0.5325573 -0.0081824 -0.7085016 -0.0061162 0.7056354
4.566885 -0.9592113 0.0013840 0.5233461 -0.0060835 -0.7250682 -0.0050923 0.6886314
4.775500 -1.0859824 0.0032051 0.5116427 -0.0065603 -0.7351301 -0.0043260 0.6778805
4.879959 -1.1526730 0.0037523 0.5042096 -0.0064445 -0.7383659 -0.0051394 0.6743500
5.088502 -1.2897654 0.0042877 0.4891530 -0.0066471 -0.7421726 -0.0067174 0.6701422
5.192878 -1.3618041 0.0051714 0.4813693 -0.0076522 -0.7426161 -0.0061754 0.6696451
5.297154 -1.4351753 0.0061918 0.4741596 -0.0091265 -0.7423196 -0.0061037 0.6699560
5.505749 -1.5879450 0.0074623 0.4578645 -0.0088204 -0.7411569 -0.0082916 0.6712227
5.714253 -1.7481651 0.0101819 0.4418044 -0.0072883 -0.7402704 -0.0079659 0.6722225
5.922523 -1.9172456 0.0133243 0.4250839 -0.0092560 -0.7390071 -0.0102835 0.6735556
6.130876 -2.0915899 0.0155050 0.4080880 -0.0088382 -0.7377505 -0.0118326 0.6749119
6.339025 -2.2722173 0.0191963 0.3914957 -0.0066942 -0.7366865 -0.0113955 0.6761053
6.547271 -2.4575360 0.0216485 0.3761950 -0.0098438 -0.7358130 -0.0114016 0.6770173
6.755380 -2.6471462 0.0245406 0.3597517 -0.0091826 -0.7351177 -0.0099178 0.6778048
6.963378 -2.8385942 0.0266752 0.3446789 -0.0068842 -0.7351822 -0.0039198 0.6778232
7.171256 -3.0360291 0.0277305 0.3276684 -0.0098735 -0.7353627 -0.0069198 0.6775665
7.379272 -3.2354372 0.0304107 0.3098383 -0.0129152 -0.7355253 -0.0126484 0.6772561
7.587271 -3.4339211 0.0334796 0.2911592 -0.0112974 -0.7356821 -0.0120659 0.6771253
7.795131 -3.6324835 0.0367079 0.2729828 -0.0102140 -0.7358626 -0.0121828 0.6769443
8.107005 -3.9276996 0.0408091 0.2462282 -0.0077943 -0.7356334 -0.0116496 0.6772349
8.418880 -4.2220845 0.0430701 0.2203774 -0.0074119 -0.7351882 -0.0115013 0.6777250
8.730751 -4.5169988 0.0482577 0.1958365 -0.0122716 -0.7348413 -0.0161110 0.6779367
9.146631 -4.9107943 0.0546062 0.1609964 -0.0069804 -0.7345240 -0.0136388 0.6784098
9.458529 -5.2042637 0.0581135 0.1364288 -0.0052596 -0.7354624 -0.0098421 0.6774737
9.770380 -5.4966402 0.0599106 0.1111021 -0.0104688 -0.7369985 -0.0104131 0.6757331
10.082130 -5.7834926 0.0624873 0.0831199 -0.0096867 -0.7384147 -0.0105738 0.6741944
10.393880 -6.0660391 0.0650005 0.0527782 -0.0049545 -0.7396433 -0.0127972 0.6728593
10.705630 -6.3448744 0.0666197 0.0232129 -0.0044764 -0.7403923 -0.0140942 0.6720123
11.017510 -6.6214128 0.0709648 -0.0036983 -0.0082472 -0.7408785 -0.0162645 0.6713915
11.433260 -6.9809484 0.0750449 -0.0419221 -0.0075994 -0.7413725 -0.0145952 0.6708921
11.745130 -7.2295742 0.0771573 -0.0649042 -0.0044453 -0.7405385 -0.0136660 0.6718602
12.265510 -7.6145144 0.0783059 -0.0942144 -0.0064551 -0.7277151 -0.0169631 0.6856394
12.578130 -7.8207226 0.0818773 -0.0969491 -0.0057279 -0.7084190 -0.0196755 0.7054946
12.995510 -8.0567837 0.0848988 -0.0727797 -0.0076506 -0.6623201 -0.0171084 0.7489866
13.413260 -8.2591267 0.0855145 -0.0107851 -0.0114358 -0.5886395 -0.0107374 0.8082435
13.726510 -8.3938942 0.0878430 0.0651937 -0.0125937 -0.5192970 -0.0040816 0.8544913
14.039380 -8.5148325 0.0894120 0.1642172 -0.0186323 -0.4486527 0.0046009 0.8935001
14.247880 -8.5865374 0.0903002 0.2386227 -0.0136863 -0.3993261 0.0066052 0.9166830
14.456380 -8.6521530 0.0909508 0.3224359 -0.0029787 -0.3458058 0.0066177 0.9382781
14.664880 -8.7142515 0.0912195 0.4223439 -0.0002006 -0.2895399 0.0065499 0.9571435
14.769010 -8.7426748 0.0908323 0.4774076 0.0014289 -0.2616139 0.0053111 0.9651569
14.977150 -8.7954226 0.0888134 0.5976710 0.0011470 -0.2111208 0.0013397 0.9774584
15.081160 -8.8200836 0.0880236 0.6621053 0.0023890 -0.1889792 -0.0012177 0.9819775
15.185010 -8.8437977 0.0875207 0.7298358 0.0020592 -0.1696616 -0.0036791 0.9854934
15.288760 -8.8653536 0.0863231 0.8012789 0.0009697 -0.1539572 -0.0038394 0.9880696
15.496190 -8.9043369 0.0851732 0.9532008 -0.0008877 -0.1306287 -0.0033972 0.9914252
15.703610 -8.9428797 0.0843779 1.1141986 -0.0025404 -0.1134048 -0.0071529 0.9935198
15.807320 -8.9608917 0.0839790 1.1975353 -0.0030270 -0.1067608 -0.0087665 0.9942415
16.014760 -8.9938936 0.0830431 1.3716950 -0.0029757 -0.0932547 -0.0082491 0.9956037
16.222360 -9.0240574 0.0827473 1.5542434 -0.0034981 -0.0786714 -0.0092554 0.9968516
16.429890 -9.0504532 0.0801477 1.7434129 0.0004014 -0.0667281 -0.0101133 0.9977199
16.637520 -9.0739317 0.0789380 1.9407367 0.0034482 -0.0579204 -0.0089354 0.9982753
16.845140 -9.0973940 0.0763717 2.1443553 -0.0035131 -0.0520472 -0.0119205 0.9985673
17.052630 -9.1181812 0.0744649 2.3460956 -0.0049033 -0.0482440 -0.0116179 0.9987560
17.260280 -9.1372871 0.0725812 2.5474918 -0.0057247 -0.0452665 -0.0109901 0.9988981
17.467890 -9.1547985 0.0714004 2.7485766 -0.0078808 -0.0425212 -0.0090249 0.9990237
17.675510 -9.1722136 0.0702234 2.9464097 -0.0023448 -0.0403918 -0.0100691 0.9991304
17.883140 -9.1896553 0.0677866 3.1440623 0.0036131 -0.0387693 -0.0108993 0.9991822
18.090880 -9.2063637 0.0629624 3.3417075 0.0006879 -0.0364603 -0.0133680 0.9992455
18.298510 -9.2217607 0.0602072 3.5393755 -0.0027765 -0.0340869 -0.0136829 0.9993213
18.506260 -9.2351065 0.0576072 3.7354939 -0.0027640 -0.0329097 -0.0113268 0.9993903
18.713910 -9.2480450 0.0548764 3.9312067 -0.0014064 -0.0320082 -0.0103858 0.9994327
18.921640 -9.2622852 0.0527956 4.1309443 -0.0019896 -0.0311136 -0.0116914 0.9994455
19.233260 -9.2840900 0.0497060 4.4359050 -0.0016463 -0.0328434 -0.0100782 0.9994084
19.440890 -9.3010874 0.0470099 4.6430826 -0.0013692 -0.0358096 -0.0126478 0.9992777
19.752390 -9.3278370 0.0430524 4.9586039 0.0035852 -0.0393294 -0.0130845 0.9991342
20.064010 -9.3573647 0.0373511 5.2839379 0.0015501 -0.0422776 -0.0122942 0.9990290
20.375760 -9.3874702 0.0333114 5.6192694 -0.0037992 -0.0429972 -0.0116562 0.9990000
20.687510 -9.4163246 0.0310659 5.9574161 -0.0020195 -0.0403620 -0.0119604 0.9991115
20.999260 -9.4434662 0.0279850 6.3018236 -0.0025021 -0.0380486 -0.0081885 0.9992392
21.311120 -9.4699106 0.0238450 6.6456895 -0.0022964 -0.0367122 -0.0073737 0.9992961
21.622900 -9.4976339 0.0172817 6.9816799 0.0062645 -0.0354517 -0.0118118 0.9992819
21.934640 -9.5228004 0.0094193 7.3191643 -0.0008593 -0.0351468 -0.0096895 0.9993348
22.142620 -9.5396357 0.0069592 7.5417352 -0.0035451 -0.0370364 -0.0077743 0.9992774
22.350390 -9.5560112 0.0029279 7.7590642 -0.0014340 -0.0394489 -0.0049745 0.9992082
22.558370 -9.5764713 -0.0007993 7.9745278 0.0014891 -0.0423104 -0.0067408 0.9990807
22.766140 -9.5973597 -0.0055532 8.1880255 0.0052563 -0.0458696 -0.0085530 0.9988970
22.974020 -9.6212711 -0.0103624 8.3994303 0.0046789 -0.0491889 -0.0127462 0.9986972
23.181990 -9.6454344 -0.0153764 8.6093092 -0.0010620 -0.0531387 -0.0140626 0.9984876
23.389770 -9.6701727 -0.0167550 8.8173437 -0.0031057 -0.0590467 -0.0139950 0.9981523
23.597640 -9.6984053 -0.0189147 9.0223932 -0.0048951 -0.0651624 -0.0129088 0.9977792
23.909390 -9.7457895 -0.0218829 9.3219461 -0.0009744 -0.0740744 -0.0159172 0.9971252
24.117270 -9.7795315 -0.0234428 9.5221443 -0.0026845 -0.0790843 -0.0174994 0.9967107
24.325140 -9.8147726 -0.0258977 9.7190599 -0.0059938 -0.0852808 -0.0169466 0.9961948
24.533020 -9.8513193 -0.0264001 9.9134636 -0.0004579 -0.0932381 -0.0150983 0.9955293
24.844640 -9.9153290 -0.0298029 10.2032232 -0.0041547 -0.1088029 -0.0133026 0.9939657
25.052390 -9.9634399 -0.0309801 10.3936605 -0.0096003 -0.1204519 -0.0140425 0.9925734
25.364010 -10.0440407 -0.0320319 10.6718111 -0.0000711 -0.1387139 -0.0151527 0.9902166
25.571790 -10.1024437 -0.0322159 10.8618240 -0.0061589 -0.1510484 -0.0142449 0.9884045
25.779520 -10.1664801 -0.0325040 11.0495930 -0.0081220 -0.1637908 -0.0125407 0.9863819
26.091270 -10.2689037 -0.0338033 11.3245783 0.0000048 -0.1784129 -0.0089080 0.9839154
26.299290 -10.3437262 -0.0354713 11.5096493 0.0016592 -0.1863249 -0.0116502 0.9824178
26.507020 -10.4211063 -0.0369952 11.6951046 -0.0029033 -0.1946198 -0.0111131 0.9808115
26.714890 -10.5036755 -0.0376753 11.8808756 -0.0094987 -0.2013177 -0.0159030 0.9793508
26.922890 -10.5876770 -0.0370648 12.0623493 -0.0033946 -0.2073018 -0.0187347 0.9780917
27.130890 -10.6713161 -0.0374113 12.2448797 0.0000746 -0.2119885 -0.0157716 0.9771449
27.338640 -10.7593231 -0.0384393 12.4287224 -0.0038932 -0.2173291 -0.0193381 0.9758991
27.546520 -10.8491879 -0.0405309 12.6111145 -0.0001340 -0.2224936 -0.0176839 0.9747738
27.754390 -10.9412174 -0.0415026 12.7920504 0.0041416 -0.2274943 -0.0177567 0.9736087
27.962300 -11.0351219 -0.0441671 12.9732857 0.0013258 -0.2317976 -0.0197263 0.9725631
28.170020 -11.1285849 -0.0466651 13.1529741 0.0013025 -0.2368504 -0.0192404 0.9713547
28.377890 -11.2239618 -0.0487246 13.3310499 0.0009755 -0.2413380 -0.0177538 0.9702782
28.585770 -11.3209972 -0.0507698 13.5071335 0.0010412 -0.2460237 -0.0186345 0.9690841
28.897520 -11.4653225 -0.0556503 13.7643805 0.0062224 -0.2530371 -0.0161377 0.9673020
29.105390 -11.5637693 -0.0584301 13.9332619 0.0001730 -0.2565022 -0.0177281 0.9663811
29.313270 -11.6592169 -0.0601033 14.0975504 -0.0074991 -0.2594442 -0.0163851 0.9655900
29.625020 -11.7975960 -0.0598606 14.3287754 -0.0045383 -0.2642275 -0.0132314 0.9643589
29.936770 -11.9278259 -0.0605621 14.5414410 -0.0045011 -0.2679656 -0.0119261 0.9633442
30.248520 -12.0486202 -0.0607316 14.7325201 -0.0059431 -0.2710639 -0.0097350 0.9624938
30.664040 -12.1879501 -0.0633867 14.9480410 -0.0010171 -0.2762064 -0.0074125 0.9610692
30.975650 -12.2797403 -0.0640640 15.0851488 -0.0027300 -0.2844109 -0.0073449 0.9586705
31.287140 -12.3626213 -0.0649819 15.2007656 -0.0093071 -0.2944326 -0.0121118 0.9555502
31.598390 -12.4324970 -0.0645048 15.2956028 -0.0122849 -0.3113520 -0.0076865 0.9501842
31.909520 -12.4991922 -0.0657035 15.3682804 -0.0111434 -0.3385230 -0.0084078 0.9408545
32.220650 -12.5617113 -0.0643193 15.4259624 -0.0032666 -0.3698801 -0.0080426 0.9290390
32.531770 -12.6265812 -0.0629627 15.4772558 -0.0015058 -0.4029342 -0.0110536 0.9151610
32.842900 -12.6962357 -0.0619844 15.5233326 -0.0044609 -0.4415483 -0.0130130 0.8971320
33.154020 -12.7710314 -0.0609887 15.5601435 -0.0061576 -0.4817926 -0.0181381 0.8760759
33.361650 -12.8220453 -0.0616134 15.5796585 -0.0069796 -0.5087452 -0.0225028 0.8605947
33.569020 -12.8761845 -0.0616802 15.5978374 -0.0060211 -0.5380585 -0.0213416 0.8426158
33.776420 -12.9409037 -0.0599505 15.6146574 -0.0037102 -0.5710205 -0.0194161 0.8206978
33.983650 -13.0157709 -0.0579143 15.6273613 -0.0034576 -0.6067748 -0.0184868 0.7946513
34.294770 -13.1466084 -0.0550515 15.6325598 -0.0035345 -0.6635789 -0.0167435 0.7479106
34.605900 -13.2960939 -0.0496941 15.6199875 -0.0084084 -0.7209364 -0.0164151 0.6927558
34.813400 -13.4046812 -0.0452821 15.5973568 -0.0114590 -0.7569609 -0.0155462 0.6531747
35.021020 -13.5226889 -0.0408615 15.5617857 -0.0139083 -0.7897102 -0.0149701 0.6131397
35.228670 -13.6476030 -0.0357230 15.5113773 -0.0175815 -0.8193403 -0.0122821 0.5729063
35.436400 -13.7794437 -0.0320759 15.4446077 -0.0211763 -0.8452660 -0.0103709 0.5338253
35.644400 -13.9191704 -0.0266812 15.3590927 -0.0224518 -0.8665354 -0.0095293 0.4985193
35.957050 -14.1422958 -0.0187995 15.2006779 -0.0206501 -0.8862346 -0.0095865 0.4626769
36.165670 -14.3018360 -0.0124016 15.0792732 -0.0205726 -0.8932154 -0.0098745 0.4490497
36.374170 -14.4690380 -0.0073050 14.9488821 -0.0220061 -0.8981108 -0.0101630 0.4391007
36.582670 -14.6428413 -0.0018691 14.8060980 -0.0215786 -0.9013436 -0.0110853 0.4324247
36.791110 -14.8252792 0.0049747 14.6554546 -0.0221586 -0.9034913 -0.0111597 0.4278880
36.999490 -15.0165863 0.0118497 14.4974699 -0.0230375 -0.9043953 -0.0111905 0.4259264
37.311780 -15.3172436 0.0234037 14.2482014 -0.0230470 -0.9050357 -0.0097947 0.4245978
37.624150 -15.6333218 0.0343217 13.9831858 -0.0234146 -0.9056584 -0.0127589 0.4231690
37.936280 -15.9607544 0.0470197 13.7045107 -0.0236373 -0.9061320 -0.0106769 0.4221992
38.248280 -16.3032322 0.0574815 13.4147701 -0.0250390 -0.9068083 -0.0083363 0.4207166
38.456150 -16.5356464 0.0646779 13.2149820 -0.0221626 -0.9073218 -0.0051197 0.4198213
38.768150 -16.8984928 0.0719972 12.9036160 -0.0211128 -0.9072984 -0.0078789 0.4198830
39.079900 -17.2664833 0.0813399 12.5911694 -0.0234000 -0.9074898 -0.0097389 0.4193086
39.287780 -17.5105877 0.0850608 12.3803616 -0.0228073 -0.9075255 -0.0107264 0.4192401
39.599580 -17.8806534 0.0971020 12.0632143 -0.0235749 -0.9077238 -0.0122461 0.4187264
40.015280 -18.3709908 0.1129360 11.6393232 -0.0242042 -0.9085081 -0.0108097 0.4170255
40.326930 -18.7356396 0.1241227 11.3212891 -0.0230893 -0.9090614 -0.0100555 0.4159003
40.638670 -19.0995998 0.1331165 11.0017061 -0.0206893 -0.9088981 -0.0113785 0.4163493
40.846410 -19.3427467 0.1398643 10.7908077 -0.0193811 -0.9083760 -0.0104823 0.4175734
41.054600 -19.5872459 0.1463272 10.5811300 -0.0208959 -0.9077046 -0.0109773 0.4189454
41.262460 -19.8332214 0.1544534 10.3721666 -0.0257699 -0.9070714 -0.0151362 0.4199148
41.469820 -20.0784206 0.1635879 10.1636257 -0.0256084 -0.9069726 -0.0137328 0.4201861
41.677410 -20.3206844 0.1731075 9.9562578 -0.0245756 -0.9069652 -0.0115631 0.4203291
41.885060 -20.5634270 0.1806078 9.7484426 -0.0257789 -0.9070069 -0.0135625 0.4201072
42.092740 -20.8057022 0.1886545 9.5405083 -0.0255466 -0.9073173 -0.0119415 0.4194997
42.300170 -21.0471458 0.1967443 9.3336830 -0.0265437 -0.9076478 -0.0145405 0.4186401
42.507790 -21.2855797 0.2062403 9.1277962 -0.0280638 -0.9078286 -0.0157092 0.4181064
42.715290 -21.5199547 0.2158889 8.9255238 -0.0280085 -0.9081763 -0.0138506 0.4174200
43.026850 -21.8729286 0.2296715 8.6200504 -0.0251027 -0.9079744 -0.0141289 0.4180344
43.234430 -22.1049385 0.2393554 8.4211922 -0.0239170 -0.9077619 -0.0148727 0.4185394
43.442050 -22.3369389 0.2471060 8.2217007 -0.0235552 -0.9075153 -0.0144878 0.4191076
43.649770 -22.5676613 0.2554615 8.0238266 -0.0239106 -0.9072527 -0.0135250 0.4196878
43.961280 -22.9099464 0.2674049 7.7332191 -0.0254633 -0.9069127 -0.0123363 0.4203675
44.272790 -23.2440300 0.2768136 7.4487381 -0.0242744 -0.9064413 -0.0103301 0.4215071
44.480540 -23.4608231 0.2818171 7.2651253 -0.0242964 -0.9064097 -0.0108159 0.4215615
44.895870 -23.8796749 0.2940176 6.9113216 -0.0232001 -0.9064674 -0.0108540 0.4214982
45.103550 -24.0818062 0.2976207 6.7389011 -0.0238908 -0.9065439 -0.0110263 0.4212908
45.415240 -24.3773499 0.3073817 6.4879150 -0.0255728 -0.9065785 -0.0133617 0.4210498
45.726540 -24.6606598 0.3160665 6.2517910 -0.0282844 -0.9070466 -0.0132653 0.4198697
46.245920 -25.0892696 0.3298846 5.8829994 -0.0321331 -0.9106326 -0.0099539 0.4118455
46.557220 -25.3188934 0.3366956 5.6675854 -0.0355030 -0.9177793 -0.0086929 0.3954051
47.075560 -25.6438904 0.3472655 5.3050861 -0.0402161 -0.9388564 -0.0073059 0.3418742
47.386540 -25.7919731 0.3513399 5.0793285 -0.0366139 -0.9553409 -0.0101134 0.2930547
47.697410 -25.8993034 0.3538668 4.8526888 -0.0314721 -0.9729228 -0.0115819 0.2286845
48.008600 -25.9651527 0.3538498 4.6205506 -0.0177958 -0.9869685 -0.0098164 0.1596248
48.319780 -26.0040817 0.3547680 4.3835392 -0.0166559 -0.9962206 -0.0097310 0.0846892
48.527420 -26.0041637 0.3563837 4.2227798 -0.0082697 -0.9992855 -0.0141237 0.0340680
48.734910 -25.9895077 0.3583781 4.0656404 0.0089968 0.9996978 0.0152475 0.0170546
48.942530 -25.9636650 0.3581198 3.9122038 0.0152603 0.9974583 0.0133991 0.0682981
49.150280 -25.9208660 0.3573158 3.7646341 0.0160060 0.9927591 0.0114170 0.1185025
49.357910 -25.8646488 0.3598301 3.6207104 0.0193584 0.9853459 0.0104301 0.1691447
49.565780 -25.7913990 0.3594759 3.4774971 0.0186496 0.9765010 0.0106418 0.2144404
49.773780 -25.7047386 0.3590811 3.3364258 0.0178685 0.9670905 0.0146453 0.2533817
49.982180 -25.6078033 0.3587974 3.1962891 0.0193129 0.9585673 0.0166877 0.2837206
50.190690 -25.5021629 0.3597759 3.0561104 0.0180603 0.9515795 0.0163786 0.3064343
50.399300 -25.3888817 0.3600537 2.9142933 0.0170194 0.9468182 0.0154177 0.3209486
50.608030 -25.2680092 0.3600171 2.7685242 0.0152619 0.9436677 0.0132422 0.3302772
50.816730 -25.1430798 0.3604639 2.6173306 0.0167656 0.9415565 0.0127297 0.3361968
51.025280 -25.0097904 0.3596939 2.4601612 0.0173157 0.9402961 0.0120678 0.3397026
51.233800 -24.8703461 0.3595046 2.2988548 0.0140918 0.9396153 0.0102875 0.3417875
51.442160 -24.7252197 0.3607397 2.1249027 0.0175226 0.9394714 0.0118891 0.3419725
51.650530 -24.5726357 0.3585866 1.9450741 0.0163912 0.9397250 0.0089874 0.3414197
51.858780 -24.4123707 0.3582576 1.7575512 0.0173036 0.9399628 0.0033660 0.3408215
52.066910 -24.2439842 0.3557734 1.5550995 0.0171421 0.9401029 0.0044788 0.3404299
52.275030 -24.0635777 0.3518509 1.3447533 0.0120778 0.9401788 0.0048226 0.3404330
52.483160 -23.8788109 0.3508934 1.1240902 0.0109461 0.9400849 0.0067580 0.3406978
52.795150 -23.5872917 0.3481140 0.7794895 0.0082166 0.9400456 0.0079904 0.3408563
53.003160 -23.3843956 0.3485758 0.5381603 0.0105303 0.9398404 0.0075826 0.3413673
53.211180 -23.1748581 0.3486186 0.2858448 0.0119197 0.9398671 0.0122188 0.3411136
53.523150 -22.8510227 0.3471962 -0.1021099 0.0170380 0.9397300 0.0096270 0.3413569
53.835050 -22.5137596 0.3443678 -0.5034142 0.0169021 0.9400565 0.0091320 0.3404772
54.146780 -22.1743011 0.3409868 -0.9111423 0.0181674 0.9401756 0.0136020 0.3399337
54.458660 -21.8360863 0.3408590 -1.3212566 0.0229109 0.9401103 0.0208143 0.3394620
54.770420 -21.5005932 0.3435163 -1.7269020 0.0251674 0.9401650 0.0194911 0.3392292
54.978530 -21.2791977 0.3438150 -1.9910450 0.0272421 0.9405911 0.0139429 0.3381596
55.290780 -20.9477119 0.3395224 -2.3907051 0.0265845 0.9409834 0.0171578 0.3369704
55.497680 -20.7308998 0.3382990 -2.6589718 0.0236777 0.9426184 0.0165531 0.3326199
55.705670 -20.5231361 0.3351333 -2.9214077 0.0231549 0.9460572 0.0164029 0.3227547
56.017930 -20.2313232 0.3386548 -3.3340855 0.0258682 0.9540581 0.0207653 0.2977797
56.226190 -20.0551491 0.3418104 -3.6165543 0.0284072 0.9615378 0.0220991 0.2723045
56.434670 -19.8962040 0.3456873 -3.9112186 0.0313091 0.9697063 0.0238114 0.2410860
56.643030 -19.7579041 0.3506611 -4.2111444 0.0344502 0.9771404 0.0192658 0.2088985
56.851430 -19.6405411 0.3510681 -4.5150199 0.0343522 0.9837141 0.0114174 0.1760575
57.059650 -19.5401211 0.3489540 -4.8285303 0.0312203 0.9887530 0.0107427 0.1458682
57.267470 -19.4589996 0.3488076 -5.1491470 0.0334839 0.9918873 0.0091415 0.1222904
57.475150 -19.3859329 0.3494556 -5.4818354 0.0312175 0.9940959 0.0124594 0.1031677
57.682930 -19.3244133 0.3529379 -5.8201056 0.0311998 0.9958078 0.0133281 0.0849460
57.890570 -19.2731552 0.3549966 -6.1598778 0.0327089 0.9969914 0.0097439 0.0695946
58.098070 -19.2319660 0.3588816 -6.5124946 0.0379281 0.9972768 0.0165227 0.0610528
58.305440 -19.1890621 0.3663791 -6.8730001 0.0387351 0.9973023 0.0210757 0.0586824
58.512810 -19.1430550 0.3744918 -7.2347708 0.0344219 0.9975917 0.0173138 0.0576728
58.720450 -19.0933857 0.3810884 -7.6089625 0.0280672 0.9978329 0.0159273 0.0573416
58.927820 -19.0484314 0.3884252 -7.9891253 0.0258792 0.9978062 0.0176754 0.0583152
59.135420 -19.0010395 0.3968178 -8.3750696 0.0245780 0.9977708 0.0171029 0.0596388
59.343070 -18.9496784 0.4028782 -8.7676220 0.0228231 0.9978147 0.0151195 0.0601358
59.654550 -18.8746166 0.4095125 -9.3672667 0.0196861 0.9979716 0.0148797 0.0586836
59.862460 -18.8258591 0.4142889 -9.7705736 0.0190299 0.9980661 0.0151163 0.0572149
60.069690 -18.7765121 0.4183413 -10.1718979 0.0184376 0.9981092 0.0172998 0.0560255
60.381050 -18.7076664 0.4275696 -10.7653580 0.0174733 0.9982195 0.0159057 0.0547683
60.588540 -18.6624813 0.4309300 -11.1605358 0.0170834 0.9982845 0.0154768 0.0538211
60.797000 -18.6187286 0.4356255 -11.5546618 0.0159005 0.9984061 0.0166640 0.0515254
61.003920 -18.5767593 0.4402461 -11.9478741 0.0144474 0.9985905 0.0161432 0.0484523
61.107700 -18.5568886 0.4418267 -12.1424379 0.0142285 0.9986700 0.0157969 0.0469702
61.211580 -18.5374146 0.4443274 -12.3375444 0.0140229 0.9987307 0.0165284 0.0454673
61.419200 -18.5022697 0.4494011 -12.7200050 0.0139007 0.9988347 0.0178747 0.0426203
61.626790 -18.4697781 0.4547294 -13.1011438 0.0140968 0.9989306 0.0177469 0.0402995
61.834510 -18.4388161 0.4602149 -13.4796324 0.0140460 0.9990010 0.0174225 0.0386820
61.938390 -18.4232407 0.4636509 -13.6692801 0.0134478 0.9990265 0.0176240 0.0381407
62.042070 -18.4083233 0.4654700 -13.8573437 0.0131601 0.9990554 0.0169798 0.0377730
62.145930 -18.3933353 0.4685955 -14.0438509 0.0129932 0.9991071 0.0146659 0.0374315
62.249910 -18.3777885 0.4702979 -14.2304754 0.0123441 0.9991403 0.0132989 0.0372759
62.353660 -18.3635750 0.4711208 -14.4167957 0.0128424 0.9991309 0.0128114 0.0375291
62.561290 -18.3331871 0.4740075 -14.7882862 0.0142006 0.9990805 0.0138338 0.0380135
62.769050 -18.3035736 0.4778794 -15.1583271 0.0157512 0.9990073 0.0146692 0.0390019
62.976670 -18.2718029 0.4801226 -15.5258007 0.0149468 0.9989777 0.0153676 0.0397993
63.184460 -18.2400112 0.4832245 -15.8900509 0.0160027 0.9989263 0.0142025 0.0410904
63.392070 -18.2071743 0.4854462 -16.2511177 0.0159414 0.9988105 0.0134053 0.0440882
63.599720 -18.1712151 0.4868532 -16.6091576 0.0158712 0.9987372 0.0122972 0.0460535
63.807440 -18.1346092 0.4877656 -16.9621162 0.0148811 0.9987092 0.0135351 0.0466400
64.015770 -18.1001835 0.4896648 -17.3079872 0.0139923 0.9987330 0.0149757 0.0459609
64.223410 -18.0663452 0.4916154 -17.6464100 0.0124617 0.9988356 0.0150433 0.0441116
64.431450 -18.0384102 0.4940341 -17.9719925 0.0125232 0.9990261 0.0152751 0.0394558
64.639590 -18.0180607 0.4954782 -18.2794151 0.0138427 0.9992685 0.0157263 0.0319915
64.847590 -18.0046597 0.4972196 -18.5709343 0.0166355 0.9994286 0.0167545 0.0241866
65.055500 -17.9951286 0.4991162 -18.8470078 0.0184408 0.9995396 0.0174158 0.0166537
65.367480 -17.9874554 0.5032010 -19.2218761 0.0198660 0.9996364 0.0168660 0.0069312
65.575320 -17.9875736 0.5060920 -19.4472141 0.0214575 0.9996365 0.0162241 0.0017817
65.783300 -17.9869823 0.5065992 -19.6510334 -0.0221958 -0.9995850 -0.0181426 0.0028335
65.991170 -17.9888210 0.5074490 -19.8311005 -0.0228034 -0.9995400 -0.0189575 0.0063531
66.199080 -17.9923267 0.5106084 -19.9904480 -0.0245159 -0.9994748 -0.0193157 0.0087207
66.303070 -17.9944229 0.5125828 -20.0623055 -0.0251769 -0.9994474 -0.0194736 0.0095828
66.512930 -17.9995899 0.5130745 -20.1850510 -0.0250684 -0.9994240 -0.0209476 0.0091930
67.031610 -17.9946842 0.5128847 -20.4028244 -0.0211350 -0.9996019 -0.0181385 0.0045169
67.758210 -17.9890842 0.5182466 -20.6198807 0.0205304 0.9996395 0.0162957 0.0058244
68.173980 -17.9812698 0.5192837 -20.7099419 0.0179617 0.9995164 0.0160502 0.0196663
70.254450 -17.9703369 0.5196347 -20.7775154 0.0167159 0.9991380 0.0149947 0.0349157
74.831850 -17.9682121 0.5180353 -20.7819901 0.0171299 0.9988804 0.0146736 0.0415840
75.351710 -17.9599018 0.5185866 -20.8057747 0.0167768 0.9980369 0.0144655 0.0585809
75.663570 -17.9509602 0.5189875 -20.8270321 0.0165227 0.9969534 0.0144992 0.0748374
75.975180 -17.9372520 0.5188243 -20.8576164 0.0159467 0.9950960 0.0129127 0.0967625
76.495070 -17.8941860 0.5198464 -20.9568043 0.0156874 0.9893745 0.0130077 0.1439542
76.805830 -17.8505859 0.5211739 -21.0437183 0.0143973 0.9834054 0.0159366 0.1801458
77.220840 -17.7675571 0.5218887 -21.1753578 0.0163084 0.9708012 0.0200756 0.2384867
77.531820 -17.6780834 0.5215456 -21.2849731 0.0146570 0.9540814 0.0172246 0.2986926
77.842690 -17.5397472 0.5241975 -21.4224834 0.0191144 0.9278588 0.0143637 0.3721646
78.153970 -17.3353386 0.5244747 -21.5676270 0.0206233 0.8954465 0.0129777 0.4445018
78.465430 -17.0641727 0.5232713 -21.7070045 0.0195168 0.8567241 0.0176247 0.5151041
78.776930 -16.7316074 0.5238441 -21.8233681 0.0202267 0.8112679 0.0247602 0.5838000
78.984860 -16.4733715 0.5252858 -21.8795528 0.0204097 0.7797567 0.0273449 0.6251521
79.192960 -16.1900311 0.5267568 -21.9145298 0.0229333 0.7518214 0.0270912 0.6584108
79.401310 -15.8839006 0.5278726 -21.9324875 0.0233321 0.7312165 0.0239693 0.6813248
79.610070 -15.5523872 0.5255085 -21.9407368 0.0248167 0.7180692 0.0229520 0.6951503
79.818800 -15.2013674 0.5201947 -21.9428024 0.0272414 0.7077650 0.0225740 0.7055615
80.027420 -14.8302937 0.5152718 -21.9332161 0.0305119 0.6976303 0.0202213 0.7155223
80.235930 -14.4445791 0.5059898 -21.9117031 0.0278832 0.6900043 0.0170255 0.7230676
80.444550 -14.0360870 0.4961216 -21.8863258 0.0255116 0.6872825 0.0140381 0.7258064
80.653190 -13.6085281 0.4864783 -21.8575897 0.0249986 0.6867951 0.0150357 0.7262655
80.965550 -12.9329739 0.4707843 -21.8130989 0.0253372 0.6823160 0.0151876 0.7304603
81.173790 -12.4645967 0.4614185 -21.7740364 0.0252406 0.6790166 0.0148618 0.7335384
81.381810 -11.9820118 0.4488365 -21.7320213 0.0236922 0.6752139 0.0178529 0.7370252
81.589930 -11.4868011 0.4387079 -21.6861343 0.0232145 0.6728229 0.0185584 0.7392064
81.798060 -10.9783783 0.4280939 -21.6388397 0.0233005 0.6732315 0.0170512 0.7388679
82.006180 -10.4619312 0.4146767 -21.5898762 0.0225276 0.6737601 0.0196829 0.7383444
82.110180 -10.2050571 0.4091509 -21.5661030 0.0225802 0.6740277 0.0206783 0.7380713
82.318180 -9.6951504 0.3995906 -21.5218296 0.0225706 0.6742700 0.0209431 0.7378427
82.526180 -9.1892557 0.3852188 -21.4714127 0.0233138 0.6749742 0.0193349 0.7372194
82.734050 -8.6772270 0.3738248 -21.4247475 0.0226715 0.6753774 0.0197851 0.7368582
82.942060 -8.1670570 0.3592209 -21.3797531 0.0220581 0.6757025 0.0198684 0.7365765
83.149930 -7.6597023 0.3457266 -21.3366356 0.0238049 0.6758532 0.0190399 0.7364057
83.253960 -7.4059782 0.3388419 -21.3136368 0.0224318 0.6760094 0.0193375 0.7362977
83.461930 -6.8988638 0.3279294 -21.2688026 0.0196576 0.6763596 0.0204059 0.7360264
83.565930 -6.6469746 0.3220403 -21.2456512 0.0191557 0.6765261 0.0190381 0.7359233
83.669810 -6.3986673 0.3162168 -21.2235909 0.0192843 0.6766764 0.0182731 0.7358011
83.773690 -6.1482344 0.3102124 -21.2011318 0.0193911 0.6767972 0.0179650 0.7356948
83.877560 -5.8999500 0.3042321 -21.1788177 0.0188216 0.6768629 0.0180655 0.7356467
83.981560 -5.6524000 0.2976244 -21.1558800 0.0186463 0.6770492 0.0189171 0.7354583
84.085580 -5.4035807 0.2925492 -21.1363201 0.0190932 0.6769612 0.0190821 0.7355235
84.293370 -4.9127293 0.2825257 -21.0970936 0.0222696 0.6766169 0.0195594 0.7357385
84.500970 -4.4211540 0.2701684 -21.0547714 0.0226639 0.6750485 0.0212039 0.7371203
84.708560 -3.9357462 0.2565352 -21.0091858 0.0217996 0.6726181 0.0217003 0.7393503
84.916060 -3.4505243 0.2441823 -20.9589329 0.0212908 0.6705487 0.0193657 0.7413070
85.123720 -2.9661694 0.2319783 -20.9084988 0.0208474 0.6686038 0.0196043 0.7430679
85.331180 -2.4895563 0.2211417 -20.8543892 0.0200285 0.6673762 0.0199217 0.7441848
85.538870 -2.0168667 0.2095912 -20.7969894 0.0187052 0.6668921 0.0197483 0.7446577
85.746450 -1.5468998 0.2003163 -20.7431221 0.0180517 0.6672578 0.0184913 0.7443784
85.954220 -1.0763111 0.1913843 -20.6914806 0.0185798 0.6684110 0.0190517 0.7433159
86.161940 -0.6084404 0.1799813 -20.6445084 0.0211651 0.6699107 0.0207521 0.7418498
86.369740 -0.1420860 0.1691782 -20.6002789 0.0228250 0.6715110 0.0222642 0.7403083
86.577490 0.3231621 0.1590478 -20.5561485 0.0212921 0.6730797 0.0231300 0.7389014
86.785510 0.7843742 0.1496226 -20.5115128 0.0207963 0.6748677 0.0217436 0.7373251
86.992950 1.2419491 0.1382913 -20.4691010 0.0220927 0.6763084 0.0195056 0.7360288
87.096690 1.4708710 0.1339336 -20.4501896 0.0233305 0.6768294 0.0192036 0.7355195
87.304430 1.9292431 0.1218873 -20.4118004 0.0231457 0.6773366 0.0199704 0.7350379
87.408330 2.1579151 0.1150209 -20.3919430 0.0217877 0.6772640 0.0206640 0.7351270
87.512180 2.3849678 0.1110534 -20.3709106 0.0205765 0.6771885 0.0202997 0.7352417
87.719790 2.8413773 0.0997421 -20.3318195 0.0171404 0.6766905 0.0175526 0.7358587
87.927320 3.2952652 0.0899036 -20.2877731 0.0152528 0.6765631 0.0147273 0.7360794
88.135050 3.7494087 0.0805549 -20.2484455 0.0155151 0.6760994 0.0125692 0.7365398
88.342600 4.2042465 0.0707049 -20.2094707 0.0157982 0.6755269 0.0157315 0.7369983
88.550190 4.6574192 0.0619313 -20.1696167 0.0152868 0.6745946 0.0195766 0.7377704
88.757820 5.1065731 0.0555682 -20.1290016 0.0192255 0.6739154 0.0177068 0.7383462
88.965560 5.5520363 0.0476449 -20.0862160 0.0200174 0.6735970 0.0169712 0.7386328
89.277420 6.2235661 0.0259762 -20.0235519 0.0236615 0.6735210 0.0171550 0.7385902
89.588990 6.8861885 0.0058455 -19.9632988 0.0233643 0.6741774 0.0208728 0.7379046
89.796830 7.3265533 -0.0047762 -19.9227581 0.0230376 0.6749546 0.0205199 0.7372140
90.108700 7.9757595 -0.0229465 -19.8632336 0.0213925 0.6762062 0.0200653 0.7361283
90.316520 8.4063625 -0.0338861 -19.8261681 0.0214426 0.6768898 0.0209659 0.7354732
90.524330 8.8326454 -0.0421080 -19.7898350 0.0216083 0.6775252 0.0208078 0.7348875
90.732220 9.2499886 -0.0531288 -19.7545738 0.0196712 0.6781703 0.0204687 0.7343563
90.940100 9.6539364 -0.0620105 -19.7216034 0.0184462 0.6786233 0.0203934 0.7339715
91.148110 10.0388603 -0.0707501 -19.6916218 0.0177513 0.6782556 0.0209258 0.7343135
91.355930 10.4032936 -0.0786507 -19.6599121 0.0184356 0.6762497 0.0199404 0.7361717
91.563820 10.7528877 -0.0850384 -19.6273232 0.0172316 0.6730618 0.0179368 0.7391680
91.771700 11.0805264 -0.0936241 -19.5930099 0.0186602 0.6684767 0.0171978 0.7433000
91.979540 11.3898907 -0.1031737 -19.5536823 0.0214447 0.6608827 0.0172056 0.7499855
92.291780 11.8159161 -0.1187099 -19.4808235 0.0214873 0.6463520 0.0169168 0.7625492
92.498710 12.0730381 -0.1265582 -19.4270153 0.0208855 0.6338854 0.0170493 0.7729569
92.812670 12.4286098 -0.1397119 -19.3298397 0.0198600 0.6101468 0.0138355 0.7919186
93.121320 12.7551308 -0.1536803 -19.2140427 0.0185868 0.5803518 0.0120781 0.8140642
93.432440 13.0476084 -0.1653764 -19.0749283 0.0221130 0.5373190 0.0090680 0.8430405
93.639690 13.2258577 -0.1756881 -18.9680767 0.0224284 0.4973080 0.0122815 0.8671972
93.950650 13.4623032 -0.1925871 -18.7735729 0.0200771 0.4277963 0.0063252 0.9036300
94.158110 13.6044445 -0.2038307 -18.6266441 0.0228728 0.3789823 0.0076400 0.9250897
94.365720 13.7230749 -0.2131049 -18.4600163 0.0182086 0.3310807 0.0008347 0.9434264
94.573250 13.8290033 -0.2227903 -18.2826462 0.0124233 0.2810791 -0.0009605 0.9596037
94.780820 13.9147120 -0.2300742 -18.0923824 0.0059476 0.2318869 -0.0005572 0.9727244
94.988570 13.9756994 -0.2369850 -17.8894615 -0.0000443 0.1829971 -0.0073276 0.9830862
95.196460 14.0246601 -0.2406096 -17.6835842 0.0017000 0.1367083 -0.0079008 0.9905784
95.404570 14.0585051 -0.2434993 -17.4644337 0.0017501 0.0982310 -0.0112906 0.9950981
95.612820 14.0802965 -0.2472285 -17.2374134 0.0017881 0.0671283 -0.0149276 0.9976311
95.821210 14.0975695 -0.2523120 -16.9995174 0.0005186 0.0456211 -0.0155848 0.9988371
96.029700 14.1093616 -0.2561365 -16.7509632 0.0015862 0.0290172 -0.0140585 0.9994788
96.238190 14.1132793 -0.2608311 -16.4857750 0.0022760 0.0148561 -0.0150724 0.9997734
96.446460 14.1108274 -0.2642060 -16.2038193 0.0025387 0.0012279 -0.0145804 0.9998897
96.654710 14.1017828 -0.2691070 -15.9040604 0.0024977 -0.0122904 -0.0133036 0.9998329
96.863080 14.0848570 -0.2736146 -15.5872583 0.0038259 -0.0214928 -0.0148072 0.9996520
97.071450 14.0633745 -0.2779883 -15.2536039 0.0047146 -0.0263670 -0.0147784 0.9995320
97.279720 14.0420332 -0.2849612 -14.9006901 0.0041406 -0.0294221 -0.0142533 0.9994569
97.592070 14.0052099 -0.2945469 -14.3534517 0.0008406 -0.0338841 -0.0124698 0.9993476
97.904320 13.9620209 -0.3044048 -13.8021631 -0.0017366 -0.0388575 -0.0103410 0.9991897
98.112320 13.9312773 -0.3093146 -13.4346561 -0.0017034 -0.0424154 -0.0092278 0.9990560
98.320320 13.8936377 -0.3150786 -13.0631075 -0.0017345 -0.0454344 -0.0087888 0.9989272
98.528320 13.8562098 -0.3191766 -12.6923370 -0.0014874 -0.0468194 -0.0095584 0.9988565
98.736320 13.8175201 -0.3259149 -12.3202152 -0.0017146 -0.0472009 -0.0102281 0.9988316
99.048200 13.7613659 -0.3325300 -11.7638474 -0.0029885 -0.0474771 -0.0098220 0.9988196
99.360070 13.7040710 -0.3387708 -11.2075348 -0.0031030 -0.0475347 -0.0102753 0.9988119
99.671950 13.6463366 -0.3437336 -10.6615887 -0.0023168 -0.0455782 -0.0096346 0.9989117
99.983820 13.5986872 -0.3518785 -10.1325102 -0.0035898 -0.0440323 -0.0080254 0.9989914
100.295700 13.5524292 -0.3582363 -9.6272802 -0.0032488 -0.0426787 -0.0086868 0.9990458
100.607700 13.5060720 -0.3650285 -9.1445484 0.0005066 -0.0417389 -0.0112826 0.9990647
100.919600 13.4653749 -0.3770247 -8.6677465 0.0012566 -0.0413295 -0.0119528 0.9990733
101.231500 13.4226141 -0.3859683 -8.2041903 0.0025355 -0.0413743 -0.0142388 0.9990391
101.543300 13.3817005 -0.3962916 -7.7503319 0.0017151 -0.0422464 -0.0133196 0.9990170
101.855100 13.3398952 -0.4066352 -7.3038182 0.0028322 -0.0444567 -0.0127165 0.9989264
102.166900 13.2973413 -0.4180745 -6.8645101 0.0029040 -0.0474680 -0.0121498 0.9987947
102.478700 13.2519350 -0.4277115 -6.4279151 0.0017432 -0.0503075 -0.0108676 0.9986731
102.790600 13.2044239 -0.4374148 -6.0048456 0.0002778 -0.0525929 -0.0112632 0.9985525
103.102400 13.1583042 -0.4439497 -5.6018915 0.0002033 -0.0525518 -0.0121261 0.9985446
103.414300 13.1173086 -0.4514961 -5.2214842 0.0004791 -0.0504596 -0.0123732 0.9986494
103.830300 13.0695448 -0.4622952 -4.7530179 0.0012128 -0.0478155 -0.0123600 0.9987790
104.142300 13.0393553 -0.4691228 -4.4307289 0.0009220 -0.0464085 -0.0120153 0.9988499
104.455200 13.0114775 -0.4762862 -4.1442657 -0.0007293 -0.0450674 -0.0128109 0.9989015
104.766200 12.9885788 -0.4818631 -3.9055524 -0.0000303 -0.0438544 -0.0121148 0.9989645
105.078600 12.9700260 -0.4872431 -3.6997893 0.0008791 -0.0431148 -0.0118629 0.9989993
105.390000 12.9530029 -0.4918838 -3.5077031 0.0028305 -0.0424943 -0.0114729 0.9990268
105.701800 12.9361601 -0.4960228 -3.3175914 0.0020266 -0.0422841 -0.0107270 0.9990460
106.013700 12.9188824 -0.4999709 -3.1327384 0.0017713 -0.0423994 -0.0103976 0.9990451
106.325500 12.9014540 -0.5035247 -2.9519534 0.0018343 -0.0468154 -0.0093638 0.9988580
106.637700 12.8775377 -0.5086591 -2.7756231 0.0018993 -0.0574291 -0.0105279 0.9982923
106.949400 12.8498707 -0.5121754 -2.5999818 0.0022064 -0.0649464 -0.0117269 0.9978174
107.260700 12.8208513 -0.5157270 -2.4274416 0.0024761 -0.0704531 -0.0133080 0.9974233
107.572800 12.7955036 -0.5212665 -2.2588015 0.0025785 -0.0694582 -0.0141473 0.9974812
107.885000 12.7740993 -0.5247539 -2.0915837 0.0022828 -0.0661786 -0.0136517 0.9977118
108.197100 12.7560577 -0.5268606 -1.9275007 0.0027862 -0.0620517 -0.0134060 0.9979790
108.613000 12.7317114 -0.5323752 -1.7036967 0.0040431 -0.0538327 -0.0130508 0.9984565
109.028800 12.7113943 -0.5382782 -1.4434966 0.0046388 -0.0445208 -0.0118376 0.9989276
109.444700 12.6935072 -0.5426566 -1.1416655 0.0027382 -0.0346927 -0.0092796 0.9993512
109.860500 12.6742601 -0.5510885 -0.8074831 0.0008931 -0.0263447 -0.0078855 0.9996215
110.276000 12.6558599 -0.5574613 -0.4380549 0.0041530 -0.0221810 -0.0089147 0.9997056
110.691700 12.6535845 -0.5672667 -0.0450833 0.0044252 -0.0100359 -0.0010619 0.9999393
111.106600 12.6209021 -0.5772659 0.3256655 0.0107271 -0.0350129 -0.0078865 0.9992982
111.521300 12.5573511 -0.5879706 0.6805181 0.0048879 -0.0810049 -0.0095861 0.9966556
111.936400 12.4599514 -0.5946482 1.0132620 -0.0012728 -0.1296641 -0.0139204 0.9914594
112.352500 12.3516026 -0.5974116 1.3408755 -0.0051916 -0.1385521 -0.0226195 0.9900832
112.769200 12.2844191 -0.5977624 1.6256242 -0.0086579 -0.1202374 -0.0177165 0.9925493
113.393700 12.2566319 -0.5996658 1.7893213 -0.0058037 -0.1012196 -0.0161745 0.9947158
